UV/VIS SPECTRUM FOR UNLOGGED COMPOUND
INITIAL_VALUE = 350 (nm)
FINAL_VALUE = 800 (nm)
INCREMENT = 0.1 (nm)
0.4969911519656358	0.49882426379427336	0.46617981042405837	0.5014451624012073	0.47482771982845895
0.48797083169804206	0.5243044753305699	0.5088938686264083	0.5442683595775959	0.5098208859363812
0.5390836108820832	0.5685283820638176	0.5792141161652796	0.556720934896599	0.5694128566777376
0.5919595585851872	0.5822750599836676	0.605295917686907	0.5735900029756229	0.6097464888114628
0.6473942090506314	0.5817679219695997	0.6228803782236685	0.5965973162960633	0.6226291062758418
0.636122241209044	0.6322186124823037	0.686784065014932	0.6943075018401565	0.7091667964610857
0.673822410683482	0.6667344612805077	0.6973892549983243	0.6985568475543575	0.7167921573893266
0.6918223510508662	0.7384670568545195	0.7220339603639808	0.7654190836957345	0.706761320795541
0.7338702005365529	0.7851429353967427	0.8027014977878791	0.776367980117224	0.7819504060905473
0.7899108518784875	0.774721506032908	0.8035907376146789	0.7886337884857836	0.8506150550712978
0.8374793848301351	0.8748960825346757	0.8726926347276451	0.8317363875971153	0.8541223373555341
0.8812060514815498	0.854237894659015	0.894771335562962	0.8969848578488139	0.9608806584963604
0.9125362939916853	0.9342330390322166	0.9579821223069311	0.9716008503872046	0.9521043314866512
0.9709898974448099	0.9709393589168481	1.01822764621505	0.9870948232948429	0.9873458787183809
0.9982344835099177	1.028682720654924	1.0575192617905542	1.0116869966612771	1.0482892241904769
1.0781268108593813	1.1094319879547	1.0989855772487984	1.0811928385977743	1.1162311666502593
1.1096554003582744	1.1386883796581957	1.1390600137153204	1.1281760550255295	1.1823584503256388
1.1743831143645957	1.1777757197269554	1.1932850813908942	1.1690283359774722	1.2376223193191924
1.213093032677197	1.2688904590125012	1.2434300147800954	1.2689118822311625	1.2537478715112154
1.3267561612227854	1.2859630579844632	1.2853421705058643	1.3018809269686824	1.3049014115156696
1.3649410923754302	1.3568564654494988	1.333330419233106	1.3935860693370614	1.4359773912380247
1.4042632112857019	1.3987175102841836	1.4157882796272814	1.3985289770236384	1.4587992724962981
1.4042077179219	1.4289067850352888	1.427657542731069	1.5017187772902565	1.4855996381978558
1.480788207961935	1.4357535707923315	1.4792111184780026	1.482010689091159	1.516725698839854
1.5074152400809528	1.490130965337163	1.544586260608381	1.5469045147327751	1.57282294917106
1.5710097536149945	1.5474288409583519	1.5929235498153271	1.608733979320731	1.5316302743492478
1.5654829030529887	1.5825010925916592	1.6206110627264325	1.5644163722165598	1.5799525164915478
1.5774860618095778	1.59197743172756	1.634761514745848	1.6296056916316728	1.5753019343539991
1.592598259846717	1.6272817171489362	1.6121286366125223	1.6089957989372057	1.5625196034203612
1.5834608656644813	1.6152915396930878	1.6150518126335263	1.5819972727961094	1.6021038718731926
1.5927897599943104	1.5993455641898098	1.5784836093731063	1.5829390023539007	1.5764282093216717
1.5680760537374305	1.5772205246725963	1.5794080863649351	1.5312138653033471	1.4995580788877143
1.5225214709373225	1.5468243532152801	1.5446504852762792	1.50803815444461	1.511887932773073
1.5384282015378183	1.4747880089508056	1.4953802555596407	1.519727871738929	1.5162046985033877
1.415533646611088	1.5009202372349364	1.4554112212977832	1.417535867076539	1.4328442608713414
1.4192039391219966	1.400477213640681	1.4155625323402161	1.34361928966966	1.3752053503359267
1.3725571868100295	1.3303223619289837	1.3568376961705526	1.3293982637840336	1.337526193181328
1.3205145884878429	1.3169046291581805	1.3039757572760642	1.287568796668837	1.2737878726390377
1.2696045746916402	1.2598371642714077	1.2470951961137517	1.2040611791552283	1.1705132164004624
1.1882401983818618	1.1507991803115207	1.1798393004745342	1.1662913416668712	1.1290972103842603
1.171894262497144	1.1062381099216378	1.115791246915929	1.1255810147444718	1.1267214965762444
1.1326722047725204	1.0810263649466025	1.0191993750262507	1.0505405118295361	1.0234417761208425
1.0371817455828896	1.0375450508131763	1.0174881871440005	0.9983321297897608	0.9572702832382962
0.9743789862696581	0.9888769292229661	0.9461864375395455	0.9315512984714752	0.9620190491792864
0.9522262995544564	0.9119434010860386	0.9221514644501048	0.9047036520447063	0.9005845717437216
0.8534403643861964	0.8320263916216225	0.8436979788547587	0.8818249396652428	0.847204280150618
0.8629409211755888	0.8492393828579682	0.8314433052431273	0.8053610176974585	0.7926074261973469
0.8000728431822897	0.7726129911965884	0.7757808964465234	0.7967538116713786	0.7756381993490384
0.7658965463161794	0.7503742702753343	0.7290913658945084	0.7434988765684507	0.7139881136831144
0.7057138816842128	0.7063900883723001	0.6986411593336153	0.7110565264165393	0.7243977348848546
0.6616305389853514	0.6867927287929345	0.632993366297593	0.6627853279988113	0.6276901463563912
0.620966631398806	0.6404417627600005	0.6402237074390148	0.619888953063641	0.5606323940816491
0.6493936654051038	0.6014628121955291	0.5885844920146012	0.5677330436458766	0.606006221161086
0.6032331820990684	0.5682901189370265	0.5682317074617116	0.5854766408494235	0.5523587723374236
0.5558710526688287	0.5717778702831996	0.525965745523754	0.5652646608333839	0.532369683818527
0.5385799839856239	0.5464196973578759	0.5169409360061911	0.4794556244314888	0.5180335093257391
0.5239876160409676	0.48409946618489164	0.48698397914947383	0.464663255240024	0.47457356302404846
0.4854343927471749	0.49059258610748313	0.44648647717766954	0.48330591249856314	0.4566223933561037
0.41665390240287775	0.4586060336129771	0.40342593180735437	0.4773752892480479	0.411320388016512
0.45500585832701246	0.4655451944110737	0.4081854740158779	0.41773902232392196	0.44347363150357055
0.4178465096753355	0.40034575567697384	0.37683023049540215	0.3980739450526119	0.36963266662238614
0.38533455679495	0.40488426713636316	0.4126777397678433	0.4445352905179939	0.3993046793564692
0.39847538891325557	0.37966311620954485	0.40037886792693156	0.35121774589418614	0.3576162535927125
0.37902487847096344	0.3464026720993939	0.3735014636058874	0.37643411336812016	0.336806477481301
0.3837743311585577	0.3686999663481565	0.34963209541576085	0.3601773929108622	0.355820628878943
0.3214139118975385	0.35096494724259086	0.3396504510169045	0.30649820832083363	0.3439797248325857
0.2974740456390482	0.29753738998509377	0.31750088632194606	0.2927181639017495	0.277474406706961
0.29695219221636454	0.340556152297244	0.3067339988088372	0.2901166240818829	0.32054285744114625
0.2737497750701341	0.30039854457097487	0.31272686894592977	0.30262514743253544	0.29167504153769064
0.2831922739770249	0.23247644708772747	0.33679425061694646	0.2819989767852281	0.25064625081029984
0.2710452237893549	0.25568983670067114	0.27319680860007783	0.2585714931713014	0.25467680979406077
0.2590171579306995	0.27581337840333914	0.226781596799532	0.21709398481200542	0.2284045051587161
0.2648022868337329	0.1972918838840923	0.24147025953227375	0.24919385534607677	0.2049095953988348
0.2450806113795605	0.2692828126941621	0.21743989841339728	0.23174107095893276	0.26018419187316416
0.21616432144637557	0.23917640404715518	0.22833429720024762	0.23046611963947225	0.25344462132003265
0.2659875139587849	0.20522670350527447	0.20687810548161023	0.22409669534918789	0.25265101938735507
0.23524083103731458	0.2100863921450087	0.21041943057149584	0.20984279849801513	0.23275926733753813
0.20297369726335054	0.20100444294062858	0.20330062145752692	0.17692183853236712	0.1917930600272348
0.22875877708669523	0.23819581774297058	0.20886823977826763	0.17981368589950442	0.1971816505496868
0.17842805434079012	0.18517351314113115	0.19097670371877024	0.2061243977640763	0.21293811051406228
0.1834678313204022	0.18649566913575122	0.22371993574266122	0.19347077889108563	0.16740764436117916
0.18767618614387732	0.20664745442808283	0.15486045223441552	0.2022121701574252	0.22080395438036488
0.20000383762387605	0.15544514022954145	0.17538114527283155	0.19942563968345992	0.1484862460368185
0.16746057401748082	0.17323629043402197	0.20103988080884416	0.1962900326680659	0.15656089761837325
0.13775963845109523	0.15431975236672438	0.12845420198033186	0.18959046882538008	0.17180186774246334
0.1688922897201707	0.1614234017050553	0.17847303233147568	0.13974773639794624	0.19306361959130183
0.17253165404538295	0.17092904536379655	0.14664374407115227	0.15999058067265198	0.1319049036332615
0.199770507968389	0.12885811799551342	0.17849919604656406	0.1424268501949041	0.17803072567807895
0.1503153632669241	0.18453612612943132	0.18671879083301918	0.16209123888720514	0.10737813480533412
0.12547594210607257	0.14285599847008815	0.12382612981630334	0.1624853215340637	0.15968937149420434
0.15539824660250137	0.12958390830690264	0.14511270871630733	0.17510872361480953	0.15471019504658995
0.16341264128852703	0.16690609967358727	0.15421455186350827	0.1556216367030157	0.12045829245584945
0.1378577446285965	0.11763628554859394	0.13662307687042324	0.16447081049355924	0.11489478476355135
0.13214281497453298	0.1226712539320986	0.13558434028127986	0.1277105891628828	0.15273362517230804
0.09957127440813732	0.13047292204963665	0.10705493126375089	0.15466826063971217	0.10134043125941637
0.08168971677910587	0.1391316805433408	0.1268025877020738	0.15137043076070283	0.10684850845398101
0.1060979193090121	0.15485855068182697	0.12265071528875207	0.07845305290449357	0.1199994442486321
0.12089237444340047	0.11474368325626028	0.15231799029835968	0.1059046986442689	0.11304054945830869
0.1139804606596846	0.09141299856534435	0.1133338216768806	0.08276714832853185	0.0985637677456655
0.1718594433526127	0.12416304490639947	0.11598013089801536	0.14661274330200924	0.1469301062143537
0.12238570810285711	0.11795485776632232	0.11638177453549865	0.10262055828198453	0.1235530719957659
0.1328390749740914	0.10347105233486037	0.12089501136079538	0.1200624417379765	0.1258203726907836
0.09834021446121097	0.08849453987714867	0.10847277657129781	0.10195243797076395	0.15293733088580758
0.07255433179153073	0.08425085064877468	0.0905730009907918	0.1035576055380932	0.1045818609657017
0.1270584469587369	0.08842346621638117	0.1343952651428713	0.13007119336262665	0.10087269431881052
0.14559516364704525	0.08770477810686127	0.12014298182131243	0.13911420022393112	0.11404992938487367
0.11364021048290045	0.08536164775527694	0.06610062664639978	0.09445263264752975	0.07351283051674713
0.07350123836758644	0.1231387677218148	0.07674810001069954	0.11288961315519488	0.09912321115375161
0.1311378983622626	0.09773673926834484	0.10592134313664783	0.10104083253496626	0.06142593508214248
0.1296710800566078	0.1277441100789331	0.06877375352050345	0.07139649968678173	0.09694588806598697
0.13124716441475967	0.08322961681534505	0.10900982097620512	0.09075267820716612	0.0760165343133063
0.05842153579781828	0.11040721949142494	0.04622323978018262	0.06254651935371336	0.11628011827939402
0.08753716050201346	0.0829143951326327	0.15081235510603383	0.09485593622180188	0.12465746673046506
0.07718421282364288	0.07396990904793388	0.06417298458822203	0.0836199818882604	0.06705471473790277
0.10075385355291774	0.10215116944244068	0.1471775766106608	0.1140790905142955	0.1039562618530495
0.045166242415102996	0.07899757696708733	0.07966398424129843	0.0806830245541017	0.049432668535008176
0.0821031737708475	0.06472312874234847	0.03288401827186491	0.10135911836617038	0.11578809404549342
0.05702157728534873	0.07508684980967051	0.10989953973760729	0.08864806537722694	0.08870191356427945
0.05829886399519784	0.08963487430990093	0.05313812948234686	0.11381714629122106	0.07927927165599886
0.07877395127362191	0.07271386030174312	0.064481251526697	0.09422678135685053	0.049764982676838536
0.06953324513296025	0.07990343242670053	0.07577938564387064	0.06866717642225081	0.08142861388678686
0.12635093025775684	0.07170662471543064	0.103531372616342	0.08365889958525022	0.08509193122610956
0.06406221070669643	0.08539017431531053	0.07818320184154322	0.10276777492976644	0.0823561646013154
0.08064518738363707	0.05262870886428544	0.07104143465170351	0.07824649559860687	0.11681679244441016
0.03720247642352896	0.0953189939273502	0.11300258939444899	0.06542595662571336	0.06143684162183577
0.08091691970160036	0.06817667608232764	0.07230263748689086	0.04762416001264477	0.08267735976835965
0.09723342824628775	0.07654004740992237	0.06336127533063836	0.07851620821409108	0.06753252040990017
0.08331813223563665	0.04751414943614926	0.0587006496953857	0.0356871255625687	0.05285089049639158
0.05761326380446202	0.03411806480669937	0.06736345869232276	0.03651561582014893	0.038630743900029615
0.08278069776773957	0.057361770739350774	0.09148992149865227	0.07275560846367159	0.07582596208463195
0.06222329202289302	0.03898104430704379	0.060802139147700204	0.047358466956821534	0.06373853287661957
0.04734355299493153	0.08519350982929767	0.04323388005755412	0.023609615525152082	0.06393240684073599
0.03166241725242385	0.061936156594951955	0.03931389053746192	0.05350824331039117	0.03501448124000378
0.026899561770045113	0.08033357131639995	0.0577194606228315	0.07790408177951497	0.09095550831080174
0.08698190303053423	0.0697277425204845	0.061028010027336335	0.06140413308005315	0.0777618277570354
0.07614653612051522	-0.01159137357319209	0.0840491988951979	0.06806044047503156	0.04621977595040241
0.0713974830715256	0.05105941349465798	0.06252516701214599	0.050995433881326074	0.03427842118057869
0.05461319875206148	0.052364611001055085	0.08340124041552124	0.10232176723663661	0.06911346997438664
0.02906284270932884	0.0611057866922414	0.06748584845784408	0.043813402058575	0.07543286639832436
0.04606169276716948	0.03928632738033934	0.09198512563589972	0.02462482105453192	0.11093026816471453
0.07085839211986766	0.03345196690610328	0.03309081111572319	0.05653853776930015	0.05901921100498796
0.08341336011055732	0.03489934607336086	0.07867447364279917	0.07234975806418531	0.0431861638765728
0.06794804499393793	0.04771489896398483	0.05023676799728168	0.060583088580896026	0.07992419645231187
0.05477995559257643	0.040806847589936086	0.0409797310718968	0.0674660239475512	0.05270975823048493
0.07597082213956384	0.043218681173492715	0.062250822238056364	0.031602231207908726	0.06385742757569393
0.05476568740969305	0.0733987681224157	0.06617783908292507	0.0978464471255228	0.03638118055134838
0.07652661792975529	0.064175837646801	0.0771876291401868	0.06181989755054422	0.041400797920197324
0.08985329904246211	0.07572883171005118	0.07486973781620196	0.03413102381450756	0.04333267927207973
0.091141914681108	0.07304989209053997	0.02560239708315971	0.05687695432428828	0.1134227540607001
0.07825634787131702	0.06961398797705073	0.017723192281260125	0.032348809220448776	0.039552164778182235
0.05490805015620167	0.05271510640672935	0.08315604835810335	0.0382127126464008	0.05597566860846582
0.06944438852439945	0.028819982681094335	0.07313628269653238	0.054576737680215814	0.03571285566678938
0.05528870923561827	0.07472760824398066	0.07783019083652938	0.054471470750708524	0.08929790680826648
0.07860594339325332	0.04387806689916273	0.06815723467358219	0.0691879895906594	0.05715888143664929
0.010179503951948356	0.035088939725409676	0.08135510671300611	0.038498660100304796	0.04025158212545889
0.0826323372234373	0.0662252082667647	0.013638405519903002	0.02495405203437227	0.040775873938351304
0.05909335044975334	0.08002798130242039	0.028558539126635432	0.06809688107332236	0.01830589383958129
0.06190147801338081	0.06737413617210466	0.04486726041101192	0.09765667029712254	0.0478361987334447
0.05239344191129265	0.06307820951465226	0.0449562373992453	0.0199994851024195	0.03422402199702904
0.03675857933484517	0.07585136420447869	2.3775020734648558e-05	0.055576095530632474	0.0742885435568092
0.05771863035481708	0.04482320650241735	0.06850747507795903	0.046158876781080035	0.03718637254379559
0.04845307316669661	0.05224299707921089	0.060124432609518656	-0.006923041837506814	0.03867217422174457
0.038780757362074716	0.043564134233756394	0.0709648536197519	0.007838614641584448	0.05587392215960145
0.10991825105020686	0.05566464366980296	0.06104068962798692	0.034865370484843096	0.05267251348738356
0.03391226901777218	0.08521632853824662	0.05419065989561331	0.03485298205164263	0.06573545873316411
0.0654881782728688	0.0711371145269573	0.058971300566565715	0.0578080036305994	0.04883189213542595
0.03012722701136432	0.04061081441859858	0.031894879729049835	0.022742343120834375	0.05459750740538446
0.034951211604694075	0.049417907503194886	0.012474305234511448	0.03716015359037371	0.044334047814196566
0.03711020602642088	0.055796414216796604	0.06500859285381369	0.03620880047525295	0.033378070517502266
0.052703239995772755	0.04946298965362821	0.03820385336273725	0.03890012316769703	0.05226747614373427
0.024735652738054822	0.03837108766633596	0.05239975598024871	0.0505153720695899	0.04970093983019182
0.017972168787642236	0.030112772105992752	0.06090150891355202	0.0243678283007671	0.033006019146716276
0.04832380311928913	0.04800957333609957	0.04578918392721732	0.0014023939237821112	0.08794465032574715
0.01992991455187407	0.0543547760130303	0.04549796598648099	0.06772430832495077	0.0376026138467781
0.014540712009158374	0.021736515992635947	0.025588008512083177	0.05225775794009879	0.046111904784312346
0.060361334628421824	0.05570587792837553	0.0892441556189317	0.03152326751467806	0.04971193225479829
0.07387163362648762	0.03584029884389765	0.017134860262391326	0.05064045684033086	0.06655732861279184
0.007728474481317791	0.037270097347611775	0.02943568697397056	0.02368750772904183	0.03088282815030994
0.09427096388922544	0.07081860926694256	0.05765091262439554	0.029324586457657432	0.04393964649129753
0.054151025337964453	0.04794933769365647	0.039417080554724884	0.07237184909742812	0.03484288442354316
0.09417549785884011	0.048200839917048585	0.03532907741151441	-0.006699261596844786	0.02589354987560774
0.027364750610531178	0.06710215499212407	0.04985884792760968	0.042596098927316896	0.035800035089123605
0.07027560141108077	0.01097730022881601	0.038883057573388634	0.028911433998054445	0.027154812005311325
0.02455714752514107	0.06246657583649963	0.0452709539896272	0.008873329367143086	0.05512313208306431
0.05299527170822332	0.0513163426941962	-0.0008206345204834382	0.039403204191675645	0.052869811355429445
0.06135034144854987	0.0562794427579257	0.03701243843307443	0.030877918697966023	0.06680489490413846
0.035067052066222834	0.0491591988097332	0.04195186843918418	0.045342569174504216	0.03806383730304626
0.07182762350301813	0.030316467950349726	0.0019923721842067944	0.02604931538729175	0.06381109607539935
0.05490857557110329	0.03878608609239342	0.055934652696427174	0.07241698216766522	0.07197181452767017
0.06212712399107775	0.04419276879051958	0.07332801182473325	0.038290327857362125	0.03209745029665696
0.015614553181659486	0.022133572466046074	0.06648832929536364	0.03184185256813647	0.06107629686433686
0.0570337418949197	0.07175598163539734	-0.003383245419264899	0.03543913104069935	0.04822318870343488
0.032403970354680275	0.06400716485309277	0.10275920978863692	0.016940948559092558	0.05374856281821035
0.052246944805366735	0.068431520366894	0.029183135297439954	0.05566063339426476	0.01736992475064291
0.02927129874069603	0.07908669003534545	0.05241801034000091	0.07096010778575979	0.08803546385588104
0.06397875743505975	0.02716372800533458	0.021298089566322023	0.0002730032782281822	0.031838639574085933
0.053042094001301006	0.05336886411657302	0.0269629674235906	0.06685812592396942	0.06174256964734665
0.01209688645325588	0.072807106283929	0.026766359036446436	0.06000200801118088	0.015164672061820393
0.05981915301027328	0.0877772899052886	0.025378695342528575	0.0450329806871096	0.06410743504784083
0.05627750161080806	0.030008936935778156	0.03884123392862175	0.04879038588528474	0.03567852793356589
0.00997699999732746	0.04912066595903868	0.07637769480161566	0.06075415999985928	0.05343109602523682
0.034563692186847225	0.025358093355677055	0.055940847831426097	0.06535754260874338	0.0359230145385382
0.02495008678774717	0.03552452966789299	0.03126462710855955	0.05924406013942374	0.05038734453386165
0.10845587017989856	0.029120108179955542	0.03087876285983913	0.04538221451554604	0.0827084934512588
0.057520535623783134	0.02622152812791914	0.06867450010128291	0.04408859090929495	0.0819682871401088
0.06819851537878156	0.03010263133157535	0.032508012013566186	0.0362261220199531	0.0618181729042564
0.0661311736592463	0.028204536904062622	0.052298944594446166	0.015067991115565199	0.054818601403256194
0.08410668193590905	0.10279708884287758	0.028669331732639115	0.036476178091676116	0.05851923840709425
0.03404926178470771	0.06898355693996996	0.04764434469885563	0.06983650466709562	0.02887435354148286
0.06773824305082411	0.04157820384559652	0.015237226016663373	0.0460446167172961	0.04625704151580943
0.059817412748845375	0.06388662973517736	0.04966263813747625	0.047780660140197426	0.0787769741082201
0.0010314539721592011	0.042603384449356956	0.07281140060032032	0.05428548647124002	0.06008812927299861
0.05832910526035116	0.014520222932821365	0.031672468760646576	0.025294862654208564	0.07014815804875232
0.0825378922395649	0.08373402134161319	0.03426866023022077	0.08545297143737106	0.06467289253716216
0.05329374282844299	0.044809324021784155	0.044443815859097235	0.05214828506533843	0.07247568847123846
0.05236835695125802	0.05984884529785828	0.034870739335998845	0.055092360466920176	0.03119404906789453
0.04270049175247857	0.02483916451872508	0.05022471640874067	0.009800244457468762	0.05619411880230399
0.02525219615386131	0.040165701242965826	0.010190667901908809	0.033697946525650446	0.04262838518562368
0.06615236987746691	0.0430138785857715	0.07040728365143879	0.048800523271802614	0.06530593510404474
0.005217700051837635	0.05344885677152849	0.03364643593559593	0.05140338979620074	0.06765453192950135
0.06065052731391071	0.05114387747270302	0.013318510684206345	0.049676310285889945	0.07730635108722092
0.08019776793620209	0.04715064463255498	0.091222448528447	0.06962775530270665	0.07053586769244813
0.055326819670583484	0.03965912785848624	0.05991898940604125	0.05720991032253858	0.06768973147717992
0.007553222623583638	0.03994607304656064	0.07189795917513231	0.05650131648300686	0.03716131668756395
0.02876069073775202	0.07743993443813661	0.049948421998702905	0.062077363003184276	0.02672414465901226
0.06633067801147725	0.07088464023656268	0.010564493491171053	0.07404831560420354	0.05246907940906168
0.061457474639659844	0.06368125508931362	0.07699127696461436	0.07873158483424705	0.0458259841333215
0.06341177409174432	0.056669443295394084	0.06449909756225357	0.05484249372572041	0.06217413530070855
0.028913276628129665	0.06557604021562863	0.054455173831384984	0.04365937566643668	0.034250462453065136
0.09750606328340429	0.054443572972796846	0.09196109718861313	0.05636647441397571	0.042890773011082586
0.05430111593328701	0.04602887062185865	0.030379666349347637	0.06579721671964894	0.07608996768286018
0.045372468583770094	0.0800242554341426	0.07168049235112696	0.041954390369083557	0.06791112317250245
0.0486391590833398	0.06777334248063949	0.04682910804344755	0.03324848474622801	0.015432666036510601
0.10259903678113051	0.0974992627800385	0.055317022129275355	0.05844504697118565	0.041228423603375516
0.028271990087415152	0.042620862847941934	0.03513351839231589	0.028207572200747565	0.04475873010536373
0.04267514179226633	0.05957508171548188	0.06796874408601042	0.0833285115328135	0.05573697765747594
0.08846282848989072	0.0581581671590796	0.06689791516924944	0.043707130169700785	0.04695365368290785
0.05976523544911157	0.054065240684015484	0.060284681275298756	0.046899521727971794	0.08767198789003099
0.06979205569026393	0.09010951341895042	0.0833449480821796	0.08118482532096905	0.07156818886987605
0.05982032704241541	0.06678683160096192	0.08319540965077206	0.08081044103564831	0.05763496297299559
0.06816943101642882	0.06750946703127177	0.07892854729899924	0.08401854020261001	0.04547564933307436
0.058011773179854766	0.08756887503083825	0.0427789210027865	0.07554526976657291	0.0443519497348089
0.021497384206017114	0.06512576167458835	0.08431984640535266	0.019399000323759956	0.10043264930931602
0.03242605700498266	0.08480393309149527	0.10552135342485554	0.08786220279082929	0.10818900395037957
0.10345600935705276	0.07919876849845224	0.06253311275732647	0.09044008240216063	0.1184879465723173
0.047014454421444314	0.06510032930450131	0.037720981726905606	0.05652058563210025	0.10041820078613294
0.10590025292797693	0.09395496572223111	0.05789430750399975	0.050684830056346004	0.0593993045009317
0.09515851605292787	0.08640093150660343	0.08475333702245862	0.07681687293033111	0.067060856304698
0.1150729987422219	0.0818850479646859	0.07917856131657246	0.03272114513079362	0.07635468326519101
0.09775280872856865	0.09970024525986698	0.05135296455714142	0.047416535780551786	0.07465040483013449
0.09503055651306491	0.059085000503803824	0.09127367301367473	0.08562705210875712	0.05790368690147836
0.06272749233258947	0.06880301478794444	0.0926895859372448	0.07269728589756566	0.06493445332686734
0.047109862694954596	0.11055259970141978	0.08943513836356634	0.05578055564127903	0.1215154229362257
0.03852423332127169	0.05410384166074221	0.11093080584155912	0.0951184678632954	0.07125834295968285
0.05547882930851598	0.06267228404640601	0.06118700391651397	0.09311120678183149	0.1179950576723583
0.05971973873990852	0.07071010955217959	0.10034486308184867	0.1484667596422479	0.10751510253048165
0.09802984366426919	0.09304488839821906	0.07410849253697006	0.09064080668365722	0.10948185966673836
0.10585890363027062	0.11699610472577215	0.07213610077518057	0.11358688139015008	0.10059128549233684
0.07764036933219629	0.09488193797825697	0.13033137289078925	0.10089355501762653	0.1192311951809518
0.08420362660638023	0.10045833849006264	0.09679754566736334	0.08715775629238126	0.07834141063355031
0.08119566672172451	0.0831345999641456	0.06805417996692897	0.06877297675688357	0.11793219791663254
0.08349333545091109	0.07576958723013918	0.08373096901652692	0.1126326161805371	0.14172110742609362
0.07839718589027148	0.12835485739246413	0.0951451184578459	0.10915027410172828	0.1364145639671581
0.09175881171534422	0.10850081866895508	0.10367237978069259	0.10448664228393512	0.050267782236946834
0.12680514385006122	0.08190748172898013	0.1279426253212283	0.12300954035060342	0.07875299752322383
0.111076964349964	0.10254842755536805	0.07901340877447785	0.10530277388760323	0.11910005208844819
0.1247317876260364	0.11072709916512376	0.09338279565533582	0.1012941877541363	0.08741163583944755
0.08945252008087985	0.1431633612858225	0.1348376856453479	0.10273116754503256	0.08874303048046803
0.07970150488636739	0.08303661621215364	0.14052202491551827	0.06803702729543859	0.12994722832517058
0.08581162325712906	0.14213031856653902	0.12604831222354226	0.11554663326060913	0.09705564771227643
0.11262153071898033	0.10689680240491893	0.11239890102087452	0.1464947696163932	0.13476255647084914
0.13259580437985297	0.12876087091810406	0.14318983822225134	0.13541845239279107	0.10135671174644462
0.13873468855359541	0.11069986779861837	0.13723278398680205	0.14590568096131837	0.14121883789353967
0.12873318099499262	0.12772930235809488	0.1260744975263219	0.11431370903674015	0.12090929149070838
0.12230298320043184	0.10439870874387368	0.13509532567651786	0.12451700004550034	0.18784829844676046
0.1641372765233795	0.15737333169503154	0.14947500388457663	0.1415817049343504	0.14894096028159653
0.16375585963926675	0.15631166229914562	0.12197176905446633	0.08799346636229972	0.13389108142313064
0.14886403562373152	0.14765839194533306	0.13467204177877212	0.13897444941261083	0.15100237996092924
0.13654539812225303	0.10603249551093231	0.15600876199467392	0.17572440240418877	0.11743107898602832
0.13179252836252084	0.13941484758333506	0.12397958922299668	0.1375769274954557	0.17583153259941567
0.171868941199756	0.11923414593248938	0.18153147472799488	0.15255396041362226	0.14363464836891635
0.18134245232283386	0.15189060580334343	0.17488678890760273	0.17319596534636797	0.153635657901633
0.1678306449809568	0.19154473715299353	0.17060640737343188	0.17241849480184565	0.2115289779119783
0.150668213365181	0.1907398789201404	0.12103435181761217	0.2058945470749771	0.164216334831026
0.19763141304096843	0.20831792957323292	0.17960032387202857	0.185168673336276	0.1772789075159382
0.15672423858066561	0.1819071382032926	0.15539106254508914	0.17787577566471208	0.18002283714409906
0.17933934681761907	0.21220247138081422	0.20073457858183108	0.18209421552078503	0.18411755547086608
0.24126014646513916	0.180476774432046	0.20238604119146983	0.19232873241467188	0.18549979867514904
0.21928979721529912	0.18994624038651292	0.17660210183584185	0.21000215348457185	0.20412613030265003
0.21777802185865658	0.20938065299823247	0.19274483258144623	0.1912545263922375	0.2339382836933069
0.2396509007738296	0.2549631207995928	0.20600345160786307	0.2019737985920682	0.23422386623533423
0.21643519582728854	0.23055073973090046	0.24976157752487257	0.23648823750029516	0.25648053645326474
0.2266879764195887	0.18951409821392778	0.2649510257107652	0.23549934799461844	0.23836388154414845
0.20181529877601911	0.2667997608762765	0.20354834438455716	0.24265922100469825	0.24780233985705047
0.2322661733583509	0.23822190288125236	0.26878377085895094	0.24201186118345153	0.25238794260245206
0.2384155335461906	0.2645336458012189	0.23926794134093482	0.23395157985703446	0.28841990768450926
0.2614461204801104	0.2766762520114108	0.2960129560007285	0.2668472929750759	0.2498495683587202
0.2576608182796492	0.2679985125052753	0.3176100938812512	0.23411786317138614	0.31863526029840505
0.29975768000224384	0.2681741817234632	0.24840291948203036	0.34395964530613865	0.29994826527385215
0.2967117939307499	0.31642736117309767	0.3012458091542038	0.28877193242556864	0.32072620294111964
0.3327653233649199	0.29444873300077845	0.33836711961399113	0.3194306499682271	0.33069688481574044
0.3175774696591054	0.35714645955043717	0.34614048684177867	0.3411544365151677	0.3453939129367764
0.333212694283112	0.35261076432322863	0.3467103644944838	0.3518534404028155	0.3298211053744839
0.3641501068106287	0.3803752592378772	0.3517422541983899	0.3884958853938153	0.3640761194103837
0.35786221977353666	0.3770935627339601	0.36514340345913104	0.38683716417201697	0.40076803134675254
0.3873221198636731	0.41126086572748405	0.3968670210220532	0.3931347402809366	0.3748189978081897
0.42536117243509036	0.44941717733551334	0.396088445466108	0.42450232082334555	0.4542966559444447
0.47802828681646314	0.4371971043567088	0.42396187619314696	0.4710556835615941	0.43439248162415295
0.46409388752211145	0.437605331328208	0.4915061268115448	0.45295445535874534	0.4774403408926307
0.4785811674943729	0.46051782790685636	0.48651503603841445	0.5071514727115108	0.4885739327466035
0.4788503597221225	0.47513331966997524	0.5164184502002657	0.5184742742880201	0.5362566579159869
0.5472256388366199	0.45816674046670125	0.537241441524497	0.5249427525642432	0.5258478883540475
0.5052153429502838	0.5519755589918794	0.5905910586903962	0.557381605331692	0.5453249347885574
0.5841836917654266	0.5770456262678821	0.6080945420393211	0.5746004904828708	0.5800917488473404
0.588668286256356	0.6177428763518236	0.642666687183883	0.6421973791474261	0.6520123324204928
0.6347971707060532	0.7187353647620859	0.6759915471680524	0.6342186591713569	0.7041263705024082
0.6979096982145938	0.6711959928338784	0.7060747091312642	0.6860833103111722	0.7372088630545253
0.6957323480082298	0.7439562471965018	0.7207195181973522	0.7320548493218596	0.6883216830594835
0.7548341617878697	0.7782006214445099	0.7871491899580592	0.7481725714574858	0.803116612170247
0.8162957155996325	0.7966694318024299	0.8304738898209546	0.853989843067627	0.7976356889146753
0.8313302710051234	0.8650583074538852	0.8665847475602142	0.883897857908871	0.8673719709939803
0.8769165858146583	0.8769663075194851	0.8817341214676041	0.9151423578471902	0.9227962869099812
0.9485069687433391	0.9635604114327491	0.9324904759431936	0.9421779065645297	0.9644482186368115
0.9702298812932109	0.9828109953716212	0.9781626133668527	1.0182953699209942	0.9798120876252927
0.9832527622421597	1.0697757339765406	1.054256483107947	1.0436453863453803	1.0600898011132323
1.052297809466362	1.0554312246649429	1.0620617604308658	1.109861038831984	1.139065805923577
1.0942918740771748	1.0920415756018438	1.1475757214370859	1.1616556374843248	1.1399404799867572
1.1488702647833482	1.1280987398970364	1.1696758109917067	1.1972986333752442	1.1744276672525211
1.1718268403469634	1.204642016254631	1.2285010671186176	1.218313746216416	1.2710883461770077
1.2610598104290605	1.264449887499007	1.255516741607565	1.2687515692784004	1.2199082985679766
1.2876885821176918	1.261048121640632	1.2533350332673225	1.2947809224071727	1.315915481317926
1.3625135696042558	1.2731642154038458	1.3086845191428471	1.2580158706250428	1.334828516501834
1.34025961029153	1.3134250859132675	1.3415145444515888	1.3177916564464707	1.3414299939140255
1.3481490153590883	1.3460265715460769	1.316574761732365	1.3250779992884962	1.3482434192514823
1.324288206009342	1.3691793395060834	1.3787674681789093	1.3470868365972282	1.341809035446509
1.345131470027954	1.3354252668271889	1.3376634863638917	1.3508365766885362	1.3717000447598713
1.3438171957402325	1.371798720880936	1.348081624854296	1.3613412686182613	1.296604556718515
1.3464245582320362	1.3349523664719531	1.3386640359216158	1.3307285191499119	1.2808203134922478
1.292728733901884	1.3058023041854478	1.3193521785369575	1.2610753359014257	1.2628085425923876
1.2571092338075351	1.2815584815205192	1.2393224392132842	1.261910434033986	1.2691097297647025
1.2334584111115572	1.2146313088998761	1.2522145458681506	1.266796419920845	1.192738151354012
1.2232257699818891	1.2246067659753082	1.1930595926371572	1.2120223628639633	1.2136125114317473
1.1770087465044698	1.1186984941867335	1.1788862275241108	1.147322870727832	1.116785297459389
1.1757923569857252	1.1292349884406132	1.0680374641415087	1.068417998838844	1.1146142195937239
1.117662897045426	1.0984869514700917	1.0871919580176979	1.0399409225087166	1.039476727566617
1.0565101627920528	1.0567657011027491	1.0187005944435905	0.9970253380937765	0.989540392658625
1.0230519965186102	0.9719087867208394	0.9988482224790312	0.9681200467443781	0.967046259803223
0.9449838022870677	0.9759141997337231	0.9059049577901166	0.9411138149211656	0.8791893593207969
0.9097515922269167	0.8894455579758422	0.9119163489691369	0.8882390892425517	0.8662770974526672
0.8221193818087877	0.8392049635559443	0.8624646660506392	0.8352343665125139	0.8393639459951889
0.8214004404801615	0.8072353345244858	0.8066541416948932	0.7739848721281228	0.789322677182674
0.7670065779091195	0.7469797928751326	0.7601808252178271	0.7455192113008368	0.722593420548269
0.7230902294451006	0.7205991992760015	0.7208769231840458	0.7016535585949654	0.7256646542402768
0.6895123228026182	0.7195778009883006	0.662960551425078	0.6873981148188048	0.6534989682638973
0.6683363190492678	0.6251775307740088	0.6774780366333042	0.6688389655855168	0.5971169010978715
0.6210857131116982	0.6078122209385373	0.6089548293350818	0.6275104311557144	0.6146925352326343
0.6120147279116377	0.6060809806071427	0.5258265202982515	0.5730698616964102	0.5824305651733697
0.5460639501715397	0.5848562542263679	0.555855674462597	0.5477751777122709	0.5554618575116
0.5248248078563069	0.5361347429649777	0.5188318054574258	0.5065799209240098	0.5512267075213713
0.5003224720669978	0.4925776887607666	0.5048066517187894	0.49718133774268897	0.47830796952378224
0.45777570640075316	0.5336450052540581	0.48544480251141214	0.4700253962020737	0.44396443174930583
0.47227812148957676	0.4885249091444461	0.46563207039208904	0.46817734862477645	0.4408634956435883
0.4334700932131254	0.4499562421586349	0.4575236828380403	0.4454140950178575	0.38383356290372417
0.40787243936178746	0.4269550361983166	0.392900738185053	0.39332960528555205	0.3934361749111546
0.43369745682205757	0.3808865578253146	0.40526143678710635	0.3925896155473047	0.36348839505892716
0.4186222092573052	0.38665115561606156	0.35835228069811	0.3869278930943839	0.3520829982466373
0.35836023207272377	0.37411857709242985	0.3534609730244759	0.3644241676961441	0.37853690060007106
0.30625490423657514	0.3386454847088896	0.3623078387958858	0.34227553328679855	0.32495259577224794
0.33712584594773526	0.29744338761852523	0.3332916038915808	0.3077235967747752	0.29826679429193115
0.3513888228378778	0.3475274852669841	0.2841375678029203	0.30016212937539993	0.34238898963186154
0.3047563309498828	0.3050831739546664	0.3567688621807021	0.34361377562190765	0.30082587389583754
0.25161060555526965	0.3037912348025731	0.2822019443576832	0.3085785230292334	0.27537234537944655
0.3327942564033104	0.30722726612448037	0.2677084839826863	0.2618115267540811	0.25251067683592193
0.24012548686776897	0.2739485785446171	0.27538302194228764	0.24100951808725743	0.24569185316467584
0.25031893144462863	0.21843855919172023	0.2938004033773963	0.256396329970394	0.28168075284371424
0.25271100408292535	0.261175435688444	0.2452816826223739	0.2633181448967522	0.2505949357906466
0.25629898204737234	0.2685453285098915	0.24225759828649765	0.2430019503193256	0.22544814475079605
0.25784362875115757	0.25800431768210064	0.18981383929013892	0.24018601571967935	0.18092763247580498
0.2024147765840813	0.25026796941519414	0.20357103122752981	0.19797351372389804	0.1740754135429851
0.22508611786028074	0.19688492117723386	0.23500138294150769	0.1892035466701569	0.19798675539581773
0.2243998257766257	0.17832929455925162	0.21077456661577904	0.2195081659680184	0.13391921944075355
0.2487430898296802	0.1964943803145711	0.1740974082711107	0.2245621835267828	0.2199261107811088
0.1920679769524911	0.2099674884534863	0.18502807508167504	0.18718267310962908	0.1673740423672523
0.1748988139593481	0.16959372498710168	0.1948846848703048	0.20976567691349468	0.18168270007337411
0.17352630814785588	0.17320336305956133	0.18583689281238577	0.17405679269763769	0.14121020641834175
0.15531762747134825	0.19142493921883924	0.16712609137001208	0.11720950056157493	0.1826504359752487
0.18603054544501355	0.131903274424034	0.16275962444988482	0.2230397687845028	0.14742846090672906
0.1946689943435054	0.16473751973887413	0.1968546322149764	0.15409412797607702	0.1438578746205118
0.10261549704788873	0.1712351969461482	0.16137189371317243	0.15446502306718343	0.0910245635384123
0.14807167858494072	0.15630407475967706	0.18771306506607227	0.14746302229949523	0.11930543084875123
0.16412868672289463	0.1455760994871783	0.17069500254248754	0.1054944039097302	0.1532517635789985
0.11569738122587699	0.18773423501499592	0.1288829062750817	0.1730971744592919	0.1501027706886847
0.1161843589364904	0.1294418765390926	0.1588592492569337	0.19812392731358938	0.09593411947969593
0.16770642665903518	0.12978757048669434	0.09965180769153933	0.13425368494288228	0.14281241352962912
0.15902652313800295	0.13386809225511437	0.14644126739977598	0.16128017262551161	0.13029599046949988
0.078279743403749	0.14595742682714463	0.1316936412640474	0.13394671120260426	0.11928968094407627
0.11314621895930552	0.14715507130365724	0.0941800574179806	0.1416987185588062	0.14231534109161884
0.1276449109466881	0.12579565877885637	0.10631855958420276	0.13122700114307898	0.1098316380072823
0.12844113426723086	0.10584699177768528	0.09437198021260448	0.11266907256664406	0.07950267082398253
0.14352438433290898	0.11010978556364207	0.1081915401605453	0.10612246517848967	0.115893477793464
0.09425479848058436	0.07998544644467415	0.11761279446029672	0.09044281597873388	0.030972997987930982
0.10529985679977447	0.0945751157893317	0.14094696862346417	0.11151317608519146	0.09270183148812595
0.12748117471352563	0.1382112071712142	0.13664254696707656	0.102285402007205	0.07860608640368574
0.1345477713408339	0.11609074249846472	0.09124337776443987	0.09982324629649934	0.06769620838964868
0.10588974534840265	0.09379202105402866	0.050123912418630345	0.0710826897586956	0.10989143739201233
0.06907922487643489	0.11383938035744444	0.1232744367080364	0.1256062852669546	0.0667326861885701
0.1250168945532109	0.11986354074379334	0.09347163137141848	0.08673139611693796	0.07280224619415643
0.09251557352276042	0.08356509543547799	0.06820591192008467	0.088444970708036	0.10084240578615901
0.06695619915632321	0.11816105149220818	0.062050512712749674	0.07352531535594686	0.06711292816924065
0.05419364689850705	0.06955108952770216	0.1040279722276197	0.09160577858410404	0.08890782740298425
0.07020766768173878	0.09272899412205167	0.052169780840612766	0.06540759985231696	0.11154513568572895
0.1105910645169445	0.07847891684760322	0.08128055965980019	0.08926238345738113	0.09642231220958573
0.07605547321850885	0.059407385160383075	0.10653255421875438	0.06562179574505929	0.03773763962149404
0.09426552857862826	0.06312801244533003	0.09401309556240195	0.05811363657393027	0.1063832623210491
0.0546900439504902	0.058556346777757194	0.09761585441800731	0.0747191956352086	0.06445565297345766
0.07907996949514601	0.0645835456119762	0.05270022148297519	0.06387766305023566	0.04357972634522317
0.07513283799992412	0.0749800946976601	0.05570098848249195	0.05264042977769262	0.06008612983965645
0.07097548496544974	0.10171482336680861	0.10900831321480232	0.04612498094014994	0.07998454936404394
0.03926074963247903	0.02050546088667053	0.025634285502767768	0.0362588366741225	0.06141269972219345
0.07698074603002011	0.04395530317029468	0.09607355755856144	0.06827325991045402	0.07006420909375671
0.07343481377405345	0.09826089021183419	0.04123863777710302	0.08281114495859172	0.03627257894695581
0.08104772681595665	0.0862481490867923	0.07852507207243953	0.10519740050459943	0.09871452201012772
0.0811355770262973	0.07869822945467811	0.0921726591563822	0.07085765562230496	0.057513238651270414
0.06509440935784203	0.022985891668290806	0.06637815898085783	0.08311485152569752	0.06843080654388509
0.005170716767024387	0.024501902424195643	0.036894008428734915	0.09022226305485061	0.08434556294380718
0.030945507571519565	0.0360836030799073	0.023769427688742257	0.07809134111884847	0.0068268714973979735
0.10662425829101424	0.05885775803085935	0.05350561609019463	0.06373639143997187	0.04424285672630845
0.047083492114074754	0.06279081748362951	0.0590652984922663	0.019152594286637112	0.07554506639104248
0.0598176716458272	0.052440353546567266	0.05368230726416809	0.057921171884585274	0.041128388009609496
0.06671042863939117	0.057141602883239474	0.08297797540597007	0.0855720272012791	0.010351853045037895
0.05626472748247439	0.06429470824816338	0.016798350883164014	0.0177598569570883	0.0684165052118366
0.09144451313479085	0.05396628542141517	0.036899390987538354	0.09461779584433243	0.06793616480024771
0.06653773505520204	0.05397875272672304	0.02017209554373821	0.06902459357212269	0.0467184971446881
0.060949459057632126	0.03478295045263971	0.0710797922937347	0.0741379017654519	0.046560529534286584
0.07063217387960734	0.037657839218808484	0.030945418711491136	0.08434772522284695	0.07047389557466699
0.04352977615082433	0.05097099534636361	0.0737133754465336	0.052856420961258636	0.049828333301124524
0.034975406677193	0.04396427196812571	0.058996077192482115	0.04899285567096017	0.06966115446654575
0.05441210854184977	0.05560186546811434	0.05646707584971895	0.026782628232545107	0.052645558388251
0.06071717175664919	0.029577569595390416	0.01788164882776966	0.050350016717333676	0.003221724739474326
0.06345498535373281	0.0869557177370214	0.055441036077231574	0.047856884007328196	0.07237951366170375
0.012598983139569616	0.06246262868420402	0.09878054249875434	0.05626461272464072	0.03696972740348644
0.07088281895650259	0.023515181144657393	0.038266529127143456	0.03411496361926578	0.05001335528628588
0.02813513171198527	0.05115879645125711	0.0398522849800904	0.09279976016116012	0.04987556276668999
0.019296239514358927	0.0692301937353334	0.05695974612640982	0.05989376922951459	0.05338845600814266
0.039339324215036095	0.08414674076898569	0.040081433201683336	0.012571213718509833	0.034800737283550584
0.04539715230146108	0.03504048380374958	0.04067084742209823	0.03328645108022864	0.018590805539220594
0.059298121476350635	0.016274652889467816	0.05531212526652461	0.05463357504046193	0.00640917508931354
0.028513488421261148	0.0015247002651937198	0.034896717179472646	0.09935408978011258	0.04214850511521789
0.044666213610584586	0.04477991600319478	0.06807623200064535	0.059376553457753195	0.04207706359850767
0.041693660209070976	0.09043394441195109	0.043558888368168285	0.03396599197832537	0.03768054562770061
0.030717685093251037	0.027413084528200654	0.06581478272391483	0.052112751372740816	0.04258743640422651
0.008028784107182305	0.05699101708678151	0.05205464964692504	0.03603977195024531	0.018249351323764818
0.01098380764730127	0.044788148095966096	0.023167441102485125	0.020717551889166706	0.041221392115470504
0.007045801944868061	0.03909772536929632	0.0301112463070972	0.030218151937584918	0.00994410100434832
0.028410958815538054	-0.005797491712324563	0.04350346085985469	0.015062813070440533	0.026607310328507643
0.029613196865797522	0.05694094921797376	0.09541350316422559	0.06795737329063074	0.04453396233762027
0.030567950386989666	0.05589033937375375	0.027692482226886743	0.06229068617566146	0.011541094354514515
0.025802979221169236	0.03909355468368767	-0.002616410542875089	0.04043975955791646	0.02061310159812831
0.07282015304852169	0.03041987917068355	0.024978779997663677	0.04847268724507918	0.012968370213212833
0.050066965054288454	0.05700707763466402	0.05555775738073211	0.03583155225417148	0.013658963935224628
0.024233019564705027	0.0540565709164401	0.02893450788965767	0.032267036790344705	0.054856339793788206
0.035533973890647136	0.040566554308860955	0.0447358791598345	0.041203826578499705	0.029581659046389017
0.04403277974456866	0.032533420543036116	0.046449106374922375	0.05543131121112221	0.03436187248667131
0.02831081987714533	0.059852780177180716	0.05131254015386183	0.04736030913723128	0.04404907656802583
0.02754939988187583	0.023222224738079663	0.018092024287277	0.018827132256045265	0.04073916256160582
0.03508805053187584	0.035693275725271506	-0.0016413731531304517	0.01585439520880379	0.009335264585101845
0.005936114670178735	0.017100444540695005	0.06615258843946056	0.007352566066652905	0.0403555768511719
0.017033474137171056	0.009837054858523632	-0.00754147294136359	0.05026117784819827	0.06109446437987136
0.04845083996362514	0.041577463392134556	0.036804471992117754	0.040354729409803856	0.03470837330063079
0.050923862249333346	0.05197079647044721	0.019337573317223265	0.03806900411774859	0.042205637926380574
0.024190839306228798	0.011186410334137796	0.022319857919934186	-0.003796956361337625	0.05914496379391523
0.019704027054610426	0.02759863326982144	0.010486612393805052	0.046899388046799224	0.0239352896567096
0.03275169403307579	0.004696515244386952	-0.004237471057613279	0.02496150301843545	0.032436248588678294
0.0028690070531757718	0.041901031049658984	0.02868959940635599	-0.013984721818108847	-0.01067256492046175
0.0029377695930416312	0.04031468079997383	0.03951859447524339	0.05576711679252614	0.025746482344363865
0.068203228576057	0.03925962600140638	0.06155854997038325	0.022648844261708878	0.019803004708279684
0.048725688394619084	0.04719295313437997	0.04941343001837726	0.033322078052542926	0.011159354665480303
0.02760113913242333	0.011550203422378271	0.0266208749711377	0.0016103982406899873	0.014383690034218938
0.018969700573201194	0.02021864893824567	0.0011722901220297807	0.035524964671336035	0.015942718409101875
-0.0010159430647038213	0.024827384375678458	0.06820639313886631	0.052498454988470965	0.022294130085247922
0.04668403117663588	0.018493157029921332	0.051315928657878304	0.07653125285376794	0.05586625229405709
0.006116192518982199	0.05237481576712872	0.06288442931277033	0.017489350798188717	-0.009931243489602646
0.041578525964134146	0.03499445373126253	0.007801663231102538	-0.02231139543890837	0.0034591409286034115
0.0407720621673717	0.018410848611636107	0.026292433625149273	-0.0043736549541383285	0.03632143943376122
0.0626673669652205	0.033536862999369414	0.03333553844827401	-0.0007228321857737606	0.011511474320986826
0.005576477987562325	0.03771833404114291	0.016808171921964946	0.016865731317918464	0.04950430531126847
-0.02140393360171846	0.02712725408473392	0.05814278075131177	0.0331462093403328	0.020887079896607395
0.04139431149053437	-0.009952887750409136	0.006339819748637132	0.05480843395015323	0.026478129290884698
-0.006145091008170337	0.010834835387419433	0.04592143829031137	-0.01744258972769366	0.02369014646780877
-0.013237233405432139	0.05831339201363478	0.025472807240509623	0.016519889901008045	0.020696188009936067
0.04843453637742417	0.028999663840167722	0.006142454780447437	0.06516864807960121	-0.014970992357070525
0.016947286481213464	0.051475807784145976	-0.003726904618193704	0.02989141247201793	0.044047847840613004
0.03496972373959892	0.0012144438451432817	0.008923487947056156	0.039913146537839755	0.032307594166900454
0.05374604200238086	0.012075165155086744	0.037771238491590135	0.018222573883018258	0.009427093582908495
0.02605275170934367	0.008681801690423029	0.034519212685021956	0.013623409205539833	0.03796754967607801
-0.0215750256041152	-0.016766969839049198	0.03962782115064709	0.010287262442366874	-0.0007689127958814729
0.012521240365107388	0.02075750989356702	0.010369037402683499	0.0030837169814947013	-0.00737375458737586
0.024250542962200992	0.037666279177302475	0.02448589310506198	0.0014139013958032222	0.021110739807244476
-0.0032236276651757922	-0.025547735530558755	-0.005925018424063773	0.034096861766270185	-0.022392281069558505
0.02157053166618938	0.015052852547237748	0.039311328764813955	0.05769167774250353	0.05076855702046588
0.027880142370380535	0.029375956341327836	0.02721061466690222	-0.010009920426205896	-0.008907432120292286
0.013925851377605587	0.03761249871464642	0.05884781491094895	-0.01623491510676592	-0.0035352745634496864
0.057195836942075196	0.015754833821107893	0.03508372809391875	0.010209454751459058	0.024140111823985462
0.039571308691471324	0.023534605223677098	-0.009068448706558159	0.018313583200216144	-0.004125932142821831
0.03956934176331961	0.02184155993487161	-0.008651076930175102	0.032846119720236634	0.003941907639239812
0.029761027691423542	0.005592689592894799	0.018387874820027343	-0.01296327969403862	0.022634366303491853
-0.011209703670353123	0.03883061103583271	0.027143592272633472	0.03525762166181953	-0.0011040700612448026
0.0338622508385602	0.021334677881565414	0.012820222113632913	-0.0029657528561134795	0.020398009741985374
-0.002483210691812872	0.023132661940415203	0.027342797088808466	0.03947678953797716	0.0398804179073201
-0.018218874231674884	-0.00918224052613977	0.018633970685162836	0.036249477254189776	0.01899663077979643
0.03113125398411071	0.05490338661858497	0.004382766778932927	0.008931760349057322	0.007859486919392871
0.006358820198867785	0.03086453451794678	0.021599231519677957	0.038538199038902744	-0.0179618578741014
0.004911642570976073	-0.0008348863287316998	0.02805944472936648	0.003901914594902864	0.010126334282717829
0.00902395926911171	-0.012345774807886473	0.008634692457734034	-0.006073130325405854	0.06421946554730477
0.024544061080668603	0.027838782069907433	0.006976827515333504	0.03605113362390546	0.018733217988720647
-1.7851736402565814e-05	0.006017588609213128	0.000824557021630716	-0.017262778101640106	0.01560143592693586
-0.0007975991030738589	0.005278309728054615	0.051433024638961836	0.03651663676230616	-0.004300857862485029
0.02310936838985924	0.04683997943587341	0.0014514993737662994	0.00975082300195771	0.028918794827812386
0.03466551530785634	0.011685287350266867	0.02967340719686853	0.05886430815579905	0.020822552019194657
-0.024211495697401726	0.022161531446256044	0.04974238009015436	0.040982527776774996	-0.01815446520392834
0.027126670295047742	-0.009366655698899783	0.025402104148645206	0.05641980031826125	0.02431585850333244
0.02779085300825533	0.008189917636117207	0.04831918713164656	0.0483109531117047	0.018616278354212725
-0.01867588164790964	0.006131779741494027	0.004364046544718524	-0.017449769969521106	0.010292643709749796
0.005912968991032869	0.03899090612478295	-0.019341575605060144	-0.004636213549749491	0.028482279499866002
0.014234249268036351	0.009275264878475263	0.02676374388250337	0.012397650843072124	0.05737922147676112
0.01243273051190774	0.014145967054115218	0.01230933009333336	-0.009605608137200156	0.03801050315865131
0.012712567752194454	-0.007197800295132254	0.017069417832093346	0.03737136233106976	0.011762520935419653
-0.010534877256100443	0.004474540255392619	0.04314485216420065	-0.004294655766716184	0.009940570327823391
0.029152325826546893	0.004913110291363456	0.03635176589787256	-0.005842481300042243	0.06748586385285385
0.015379723008378251	0.022460924309275	0.06254433661238858	-0.030635558033668762	0.03269639747827695
0.018748120620414147	0.020013465205918755	0.012575578877354223	0.024711977404634086	0.03006096380364541
0.0013590976423720202	-0.02266055388685077	0.016790171535630338	0.05552012002181531	0.03003783172147286
0.004251619359504294	0.017917823413650558	-0.016354209919090076	-0.00295130369190026	-0.0037754024617001674
-0.01942367288271883	0.04213522913075291	-0.006643974706844931	0.002639997660173466	0.035433252619071404
0.015669128214221065	-0.0017671777540508079	-0.01095606813199743	-0.015419194957079356	-0.007242985310333113
0.021111722506063867	0.02147485601745102	-0.001923267323008274	-0.014184715704088021	0.014052631097532377
-0.019295146927541352	0.024676313471144268	0.03361347172810404	0.018723598168056563	-0.0052974443728560465
-0.010180128611108204	0.041402541426164605	0.056734346425533794	0.012571998774098399	0.045047220538817566
0.017228678558976328	0.015307591796832687	0.022058217535992547	0.012358690098117311	0.016661113497489447
-0.013221126022082868	0.010627198195276008	0.07410688278755014	0.03822680960095458	0.0041546880399459885
0.00018388099571917723	0.03914001622283315	0.012401787295094726	0.054421817414141344	-0.03639736674655825
0.029613953106969227	-0.03211498265761366	0.0627539246375164	-0.0014282444384841764	-0.0021433607638622716
0.029860154070861344	0.03663185030679393	-0.012689210736499791	-0.015233050447369329	0.046089424857996796
0.012012745115373438	0.014014880126564714	0.05009698097330415	-1.2695390050447303e-05	-0.009113207218892048
0.010648757421114735	0.03728475114094591	0.022509130843899276	0.015446860136889732	0.009651864408490024
0.04088133474700419	0.007111007700236204	0.00256036101599374	0.03236196119704993	0.02248219108116429
0.03671792013011441	0.027306784828552623	0.02186222128104528	0.029307506737445897	0.006879139444919502
-0.001641816356919195	0.003937791996364224	0.011507568686208329	-0.03152998753915579	0.029274905773121994
0.02185038972018095	0.045661425880748736	0.03152805530479655	0.02879115143890156	0.010290256165389523
-0.015104992031287741	0.04781125173898459	0.03232708113087167	0.008817997470441138	0.007387663131833998
-0.013019795865071659	0.012225920942271868	0.007414990068090793	0.003284142815057422	0.008122221986197066
0.004012420327041159	-0.0029889375203952812	-0.0004931772203502511	-0.03581940658683551	0.041543160939971055
-0.01499079615482659	-0.005910141888143679	-0.00928533586208442	0.0012415319901843821	0.009664865973389588
0.05002753692324475	0.0006856636401813454	0.0003541500725664582	0.03449768781300695	0.0016863840545254813
0.052326698547734064	-0.006437507366017804	0.06680313293993997	0.010846549822723355	0.004827891294324948
0.019921108262107613	0.011753056757725786	0.019166112566751485	0.046794840790447746	0.03731840040742751
0.015684500402055775	-0.01686798651879997	0.02625370087321484	0.028573134024659868	0.008903835357183865
0.03728348002430669	0.0354213688400415	-0.0061192867870493595	-0.03447429877872558	-0.008031886836110672
-0.031056442357968093	0.003393599958732738	-0.010262448831620826	0.02857196727600487	0.014499741083349393
0.0035234727277140433	0.02455998964369345	-0.006245644136562352	0.022885046379041908	0.010412509815348065
0.015338573081786627	0.021090448903410948	0.014178012721077061	0.011978515381953417	-0.01655555789391241
0.03009946836219373	0.03166919515590299	0.030112277674151137	0.034302103228400625	0.001357413057927981
0.0029219939293788095	0.04328955337259531	0.012900326704171326	0.027226973595813667	0.02378979201263557
0.018495192926330423	-0.002007845122789091	0.01671580686284526	0.0068269036000178	0.046782537747343644
-0.030653005713049575	0.03006630580287014	0.036435372371410264	0.0381672907436456	0.03964921000739977
0.019857851920250306	-0.02858400093009419	0.016886233271647927	0.0034505354036343905	0.042382734154549975
-0.0116570431356177	-0.019491309642870727	0.041052868100629254	-0.02174143724944822	0.008714155364460578
-0.000908712858078118	0.04619843467946051	-0.009604851656611355	0.038113871269906056	-0.014527337045609183
0.023160987031367285	0.020791856490414425	0.001547511063501019	-0.002390208607136436	-0.01280484250825443
0.012219603845249526	0.013787503142667957	-0.00640710606238829	0.002705968708278311	0.00581102907827229
-0.022838435575341837	0.01764103818338233	-0.0028696901782324907	0.021803305514176745	0.026542615966793758
0.030505899773119734	0.01672321149233033	-0.003985978994122778	-0.00994350601675189	-0.0161297915572067
0.0016828003168201742	0.027785947219628657	0.010749530111706426	0.011812239819438181	0.007439710952109864
-0.0024968426476646745	-0.022238592200122264	0.02277434420058149	-0.016713476508755713	-0.016035237558555227
-0.005779792155290821	0.02253943878072634	0.03677550642983064	0.013886601815151842	0.010520510380295747
-0.003793950242903365	0.05500082053640287	0.04570867647620462	-0.01426332690070132	-0.02926220272938654
-0.014388791633652857	0.024844873484753345	0.0014377889867893123	0.03472385545635707	-0.012167620626293962
0.035144611009515686	0.01733353604222796	0.01239757230533409	0.03160977076300073	0.039943611854628275
0.032896921188351795	0.003960514368422551	-0.0064477333947020555	-0.00031349751223578356	-0.014742881390697462
0.007792465188943248	0.0014816108381202793	0.0013723990181963982	0.012075555126174331	0.014373361666461176
0.031271931051536396	0.029831388168849355	0.02481772996030949	-0.005943137034526887	-0.004103999675923432
0.008592967063820345	-0.003910162816181964	0.0392189994102475	-0.0013016623300264717	0.019764469089721258
0.019651593457949635	0.014352337728772115	0.02771692361716286	0.0323533552172732	0.04028977657772501
0.0049984274260647206	0.03535974629343697	0.041991992740123614	-0.014290352759718222	0.02654955617793356
-0.02242494061327746	0.01956914713513457	-0.0200478632647582	-0.0008917734204423565	0.012940307380779663
-0.002448076390535953	-0.03451988626728067	-0.01889775634770728	0.030100714744087508	0.0025070877680483175
0.008471153532688439	-0.012036444075514314	0.01693252155160367	0.043280740418566506	0.018389804057842817
-0.003188494833565759	0.0423052143685082	0.00894084359947028	-0.0008453857698160882	0.03093917754120983
0.05219311970391043	0.019460310922002632	0.014843729926268227	0.010170584338794092	-0.0055607843471257795
-0.014106114690489054	-0.006195359238065787	0.044506525638575475	-0.024059760634248303	0.0323820036424366
0.012442872296771882	0.003845728864557069	0.004695447266611586	0.04998110037103588	-0.02576680255027977
0.028364821276044092	-0.036614964196829976	-0.017895424174939265	0.0032858430130497827	0.011193271641109191
0.04016941268750944	-0.007806158612069116	0.0012142195642273887	0.0331403358596414	-0.024665490802144707
0.03678941469154962	0.02422916216779703	-0.005902811869379541	0.013177417280284811	0.04232326223451879
0.027533888752504575	0.012064530150638917	0.0065285428030315215	0.007699491948634675	-0.00020838793096354148
-0.004717590495581973	0.015210329353655318	0.01838733633468552	-0.014151493370221145	0.011472468464668047
0.03322055799826149	0.02014404686592243	0.033189923069057714	0.016242862690663162	0.028128293211096125
0.02116970672690701	0.009100328001513346	0.024667676829237165	-0.019776717296316755	0.039086821554424805
-0.008523876737545606	0.017162056299106384	-0.024635943463093453	-0.013357007094632356	0.022466652677531836
0.01523720720370077	0.05323599420559828	-0.007328280079491974	0.03552933885042159	0.011054780292126599
0.015543597123228298	0.007968790077274922	0.015727130417868156	-0.012221194207523038	0.04938945205529256
0.014769019271590786	0.0031902642656099905	-0.006560010959283349	0.01535741666985168	-0.001619850001280428
-0.0052728691146840855	-0.02456972322056501	0.017885510738411638	0.008535890481115372	-0.005879006597886774
0.04280430669884667	0.024769598081098954	0.024441957901471946	-0.0015754328371358909	-0.011417735872958072
0.034368380727257855	0.020543527778294032	0.02105920968247222	-0.007812037688026968	0.0011170797440822559
-0.010778129966258114	0.014403362781582054	0.02766647405663141	0.005205141195210681	0.008280685475401317
-0.011565232258031098	0.04522678393731676	-0.0263685558055326	0.0032556210321892623	0.012367871661543555
0.03407421961165931	0.0072769755700860805	0.004779180695618461	0.04226510674756684	-0.017683261768422553
0.005883812051786402	0.045868159792273044	-0.029200943903235105	0.027607838290446027	0.012534683872883067
-0.010947478295203573	0.0014432029953610013	0.03563099867448908	-0.0110234679987654	-0.020024974389958095
-0.041241936098075485	-0.01595265262319674	0.03328455437479875	0.013954159557190718	0.011636426167931696
0.004147013355232522	-0.011420533807121675	0.025785515645706178	-0.03425812215876244	0.027557924106390817
0.009475379483956763	0.02122584056887894	-0.019515633243222648	-0.015384764725909222	0.015320598797157012
0.006365072259249344	-0.0412416258767133	0.021354202308439974	-0.013254580052954133	-0.0014757259031148405
-0.0003128470490540835	0.015294748926403891	0.029137491876857984	-0.0032157313909860026	0.040789920564947214
0.0033412593924573904	0.036105633472414786	0.006504889473238473	0.035200009582109636	0.03950017390265964
0.016958241284204343	0.015040845763945944	-0.01121740394319851	-0.0019902873122076945	-0.012258714117457492
-0.03362912334747436	0.03029678375504616	0.01609897435759034	0.0035352307338995135	-0.010320888870498474
0.02141107877733263	0.00611612846301282	-0.01594319221174634	0.0402457605880076	0.005528136975235828
0.001551042615991564	-0.029574650040449277	0.017283201651388413	0.0028208281142348716	0.005305435161449114
0.026253736331841714	0.005380405036060324	-0.006043218677744595	-0.02714048314481886	-0.016381371124870887
-0.027422704183220268	-0.0062497595343134985	-0.015458725876468222	0.04660998150849935	0.05024124242291144
0.04211378798216773	0.013479813547006328	0.017877708211283833	-0.010694696513812696	-0.016541827220589153
0.006749113123552071	-0.01147764572707987	-0.026873197436800923	-0.007286156938929279	0.022848083373742653
-0.029757839912946164	-0.009056748022408781	0.025333609647764276	0.0006630125345897572	-0.005756078597240159
0.048861001949449166	0.005253780558717092	-0.005825542339270457	0.011524089648747498	0.001154498058835031
0.011793509474606449	0.003489605875253157	0.006833631751813248	0.05585122150925421	-0.053977922692910546
0.010865984141235982	0.018761515684246978	0.01807612100917301	0.009074646653391062	0.029968929844537095
0.005400866509430712	0.014258889444129508	0.008500420549026149	0.01138647338061631	0.03776108429575002
0.013857347511174348	0.030525354461248117	0.02187053706844026	0.029151305965537888	-0.013175521050632143
0.002081425093087382	-0.0013352801642685385	0.021812233244404323	0.015109381177974644	0.0032133078841417645
0.008028305645774253	0.026570967841718925	-0.006461978516586249	0.014326203599554856	0.05025712787228624
0.04384611028602686	0.04037582573760313	-0.004019566356554671	-0.024580201946814432	0.0013253928066204144
-0.024374821149076867	-0.01937335255304417	0.009881919233653924	0.00045327629422412495	0.0021874567032484525
0.03608162825281051	0.016205788021887484	-0.00018954368546237992	0.019731382832908387	-0.011704740472914123
0.02846292318625826	-0.003282039807788904	-0.01168211804984997	0.001443232272184655	0.010256302882377636
0.01315369925102935	-0.029901374233916773	0.0036797141344529724	0.0011325568226236852	-0.005242896065437971
0.03142605623876936	0.010563867277222649	-0.004674209661130562	0.011124988589827021	0.0038184281363305944
0.01661117530128653	0.014144496115194102	0.007785710243948854	0.033348580405831905	0.007140593228000719
0.005096722341932434	0.04233663935712074	0.01338398661040516	-0.00917872488360439	-0.02005335463480925
0.015012432511550166	-0.0028023788977456013	0.04485729359392789	-0.03220557873984102	0.0070668018697817095
0.03272410785450119	-0.015568272631271375	0.04619991783773183	0.0025325580450363426	0.02512569671111293
0.04610050916200159	0.005943492193866084	0.017834475420736698	-0.014861552317015319	0.005691054508481119
0.04782643373947081	-0.0007063606346075701	-0.005752839443427634	0.015622886932896825	0.0019736220242311036
0.01615130860073405	0.010491615576788729	-0.0050978519973093155	-0.0017607647758830103	-0.005462942956069125
0.04651339128365755	0.03803851187779434	0.013804665410155827	-0.011172802076190503	0.022901310556423173
-0.028998083519590413	-0.007036991366914229	-0.011536561898084326	0.005595722217328912	0.025030783736721653
0.0034489063025226717	-0.03787314653662549	0.01834242044611377	-0.02516300641710034	-0.013903731522231306
0.00562450646545474	0.034949382274669746	0.022997413510776738	-0.0010524711823048623	0.008845269925880047
-0.004400677504210369	-0.027585958230157838	0.0058901381392726685	-0.0066072744123227296	0.008723692691364686
0.031950061321058536	0.014943635987461014	0.04526735506527432	-0.00537615418625341	-0.003877346407772733
0.03567776417340254	0.0027525220461812275	0.020604974276273492	-0.007308105106378889	0.015091375552338443
0.07378835297932648	0.018713797972264072	0.008473540380938163	0.025722450475989957	0.03439543791333976
-0.02456768894593669	0.028706742165079603	0.019062645113494765	0.03977784412981383	-0.01383829921420411
-0.04854921760720545	0.02030783259417547	0.051574334784711275	-0.013792139931519247	0.054180022787225716
-0.013908894062258714	0.012338360083869557	-0.02022778926047701	0.022856530572407177	0.0005730105177044632
0.00912688200844111	0.028146633450090653	0.04933936538944498	0.0009300078541955425	0.04192636351954211
-0.020455014743866858	0.04649377633292933	0.007642282506723452	-0.010132612185260891	-0.013217150130144639
-0.019745948933511503	0.054748321651300974	-0.0025274478569660887	0.019076008215605164	0.019714242350051522
-0.03767368447070876	0.004683883638762545	-0.0030394195551411776	0.03190677991040774	-0.006768939973733069
-0.01845388181153099	-0.00028481553515111516	0.022591161824708498	0.008817875139901572	0.0131717984270823
-0.012122529927259665	-0.0063537896360146805	0.018254053773620837	-0.015153735303194957	-0.027862042281529706
0.021517365733814367	0.0011905503858559692	0.046204422821825686	0.012334972891801174	-0.015517680829378742
0.0026267883062878108	-0.007296357864947846	-0.0009585133926409929	0.01630456767703686	-0.0018428878559369165
0.010488806233723329	-0.013667191671033814	0.045988805447343344	-0.009160218683572882	-0.006311578653854907
0.01703756696054486	0.014884388066515918	0.019680039865291644	0.005470388411507976	0.024521789480661027
-0.008519549515060476	0.03877443596010657	-0.016158067591302366	-1.1652824611163223e-05	-0.010034435799032848
0.006759679406998068	0.002979011046713896	-0.023644032512430142	-0.013476674118980361	-0.003831979872115996
0.0263726064994027	0.01730344843409374	0.005633589235979505	0.019462940121356482	0.011373408650460087
-0.018453026043968177	-0.02834897003249774	0.024971361592518213	0.017609602742948777	0.0017650945301296147
0.0014215335587927504	0.003706613277537508	-0.010580368143190116	0.03144793769810014	-0.012571435703954194
0.012045816270881922	0.0064102981538740125	0.014346748226400526	-0.01522692533759878	0.02300642716668682
-0.00019062983062862436	-0.026719772311973998	0.006927540040484381	-0.01603245831406072	-0.012258893232488754
0.006868248706459968	0.038659311583128755	0.04566623601655423	0.02663362732993369	0.01765089076242168
0.009857562343151044	-0.004933451439584635	-0.004745035520899667	0.019973816565016136	0.017586812462726236
0.008310296482661295	0.013574386509386067	0.025567863559186797	0.007363427027609517	-0.010705667435744717
0.005279345616581221	0.015396458801123076	-0.010675760294107245	0.01501271588877106	-0.005721691935044333
-0.011869886280246196	0.010719570866702955	-0.015568595951247228	-0.002788456673188006	-0.017995812025572124
-0.010481781884580531	0.022183412268886947	0.009944768671356706	-0.0041408076800015185	0.013013145901494605
-0.006884171242271656	-0.0058554312650446584	-0.010354007297893045	0.0013883676737322314	-0.01100690137571955
-0.014640415111365549	-0.012534943703647916	0.02496770451925885	-0.028163786818749845	-0.01928269470181888
-0.04238330967512899	0.021114396876443082	0.00016045239505124535	0.02765801205772196	-0.019895849929856577
-0.005152825814736434	-0.0065839495735789825	0.002416886641997687	0.013420562977464488	-0.012094485524069196
0.006285943830749959	0.005234231158833483	-0.025258580998357025	-0.010663719858960119	0.009998965455052996
-0.028606322053007924	-0.007905706222767277	-0.021272197646386756	0.06315520866302897	0.006763725139790185
0.002049008838873061	0.003459841790935581	-0.011021171172408351	0.017404269367787325	0.03699715703054369
0.026207834446655292	-0.01249710757401716	-0.005357182904272684	0.01420824140083889	-0.004933464036089449
0.045347253306269486	0.013985690326637906	-0.011720185911848572	0.020937695245174335	-0.006325281237750011
-0.04423597229426303	0.02920615629484917	0.03252698900980208	0.017375181353444274	-0.004373908979270728
0.028106359571522396	0.030276896745515876	0.0070151137053239936	-0.004141225929629745	-0.025191448982729667
-0.02774786031672319	-0.0001933305545106117	0.041520971303118596	-0.018770120691502235	0.0009308274061513759
0.0230071935321822	0.012630439347864245	0.0023901977864876902	-0.02302793152940146	-0.0045538735360946695
-0.002833566518149317	-0.013248992395138152	-0.02498422470523032	-0.041947567954700934	-0.0011163258194703245
-0.010803339173606336	0.05994413874070788	0.022873986697419784	0.011932330367054909	-0.007374857994737933
0.01132634808235557	0.005202735565106217	-0.015197309352408626	0.0015980501686300927	0.02700378052414848
-0.014268337354961594	0.028024417529130582	0.02877358655552037	0.018420229666368734	0.0089210570293856
-0.009062375926628407	0.008899375446210531	0.011441789387229636	-0.016587139627006753	0.04000826775947485
-0.015041686231135522	0.002387687876092422	0.023096602741513865	0.028382735115275004	-0.020234268199098914
0.017255344262403986	-0.033826261348271734	0.03521094892502727	0.019661869988034136	0.02307443865080496
-0.050335276815982564	0.029748136508970367	0.017007402187004528	-0.009984609217061138	0.003077997033157983
0.04949863615573494	0.03047979661983157	0.012597573662838242	-0.010202652304545009	0.009299830109446043
0.0034482513588289863	0.0025687363068375574	0.005807760248576572	0.01864230702866533	0.0029071849389237236
0.03827393967313907	0.0305643791784162	-0.026184394909341116	-0.015345191945788568	0.04401662255395331
0.02275906955086384	-0.03516685966763076	-0.03341456924159291	-0.04322357762052496	-0.047957178784859875
0.007334684817940298	-0.021428613273478204	0.01603435617670451	-0.021807235445630256	0.021978212486550228
0.0074818805881127475	0.03830654696854926	-0.0325359487540674	-0.021528397623941924	-0.0011569952348472546
0.013261530933094345	0.022239760293321656	0.013907330987065038	-0.001203736323219069	0.038520202947833475
0.001982771970000588	-0.03109113570748951	-0.001604343082096324	0.03852897090333662	-0.007218726356765542
0.015924769105228144	-0.007849249167306794	-0.008239589122217065	-0.007852905890068443	0.03331152084663254
0.014468367806694261	-0.005733765476533271	-0.015554877237257065	0.01458841894748623	0.013555303195299486
-0.044979478715158325	0.014014181444072647	0.017311285483615164	-0.04445171644995484	0.036026522698043774
-0.05214303541541949	0.009736425816941527	0.010612440696981185	0.011533780162274623	-0.030889179082814147
0.023528708134997044	0.0144755502362321	-0.009736425927803551	-0.012531720741092055	-0.010356691240634364
0.013463964783816734	0.012327694125515024	-0.006034673244368542	-0.003944882169964004	-0.014532745242090167
0.03578537223129524	0.012548819971196805	-0.008541117973490718	0.02837496993131737	0.025869456310947656
-0.028830151597867382	0.0029011711197148215	0.03053594513888923	0.010120437513974711	-0.010701293257773803
0.00938999553038102	-0.014213284847423804	0.0032501525004032727	0.02066441954739881	0.004863624990957289
0.018011724814885225	-0.0454243477557608	0.01989756359866599	0.020417287400067752	-0.008823028532449996
-0.007276639855984356	0.026092734774950836	-0.02823674029928247	-0.007813042084778449	-0.02815040171885299
0.006627235609497935	0.004941534164399887	-0.01987620094917738	-0.03852966878232789	0.013349167565038168
-0.03341320289133721	0.02266553273608604	-0.012690008694632948	-0.02392372435714056	0.0014026354195043299
0.0019759326050589098	0.0029824259766869947	-0.03169955262230699	0.0016815229609572898	0.005431614695338926
0.04772851810029311	0.011283940077952224	-0.00010997990899022474	0.010656273474002432	-0.0034909963628428752
-0.001155496344030949	0.014683903391370719	0.013223039048709324	0.0073938515398653355	0.0029957164028645753
0.0059558923782435675	0.012771746022435696	0.03151680896385939	-0.0006277657289048321	0.011170876119201565
0.025435493362795634	0.021270729685879303	0.0527700161429021	-0.017377393364468807	0.0036592751590851175
0.026366872615812928	0.0405047444529519	0.034345384637452334	0.016030906141168148	-0.011479508716709634
-0.011469569674152826	0.007487535573215415	0.007991087468190768	0.004905108631473329	-0.007792241671337772
0.050944633211215215	-0.006056276613466961	0.038062166681770794	-0.026109846493386046	-0.0024781699743864393
0.0014488173674453196	0.010232243971931891	0.04005660767144443	0.0025293651141181264	0.015549804011564694
-0.021221243744399786	0.01938096607580032	0.028722595783983403	0.016223441528982804	0.015151449885080185
-0.004230208272021797	0.005188733808960468	0.018849011558559517	-0.008713053296732876	0.04065022193584513
-0.025197968298053115	-0.023166182595523947	0.040479793838655465	0.024139892449266308	-0.0028674205505542115
0.01972049429330222	0.03741783420055105	0.011295587764864097	0.0035227801199627174	0.013306117387696964
-0.01881026562128006	0.034254609845039675	-0.01982010481395645	0.008472616256405822	-0.015067210491072897
0.007802145534971751	-0.02208835146344112	-0.006469341939802014	0.01969178143889907	0.00373041095018829
-0.01690904727238246	0.030615822658648532	0.017486272927902214	0.049048732791033785	-0.02009637106198186
-0.014093097616067743	0.0016356162299294187	-0.0035275449361291487	0.017598693236613543	0.010579804845441146
-0.0014277676568035993	0.04809240128993936	0.02303829179578132	-0.000494525748633696	-0.00661876199805699
-0.016367946298923273	-0.016280952812916846	-0.003511698190329664	0.03403974935580132	-0.01817711736021628
-0.03501456414972694	-0.01616342145804076	0.01520608424722029	0.0018715421747532567	-0.030598079957039368
0.0018543838208373818	0.0015405441264222768	-0.009762048501707256	0.03656617644807607	0.018758220918684856
0.0009982336405887364	0.02939075376317395	0.005095265170203355	0.020516654830506582	0.03713817282821874
0.007491777313812533	0.004029411613018905	-0.04991902456396144	-0.03121248548131758	-0.0003723436597199226
-0.016478183651639423	0.016711507287356778	0.010418405821281677	0.047571212877994484	-0.0184605483636266
0.013097333459792363	-0.008801765834069353	0.030064628781154852	0.000906363718253562	0.022215757455627698
0.011401057644879555	-0.01243087217398237	-0.036050579965510934	0.05468140807489315	0.003822636472047632
0.008515885591378836	-0.022064799509242613	0.025752734716350922	0.010298515109090876	-0.021123651864633178
-0.007467893775773059	-0.00024930829397200316	0.026739902420642257	0.0027647339949563253	0.017509788313605806
0.024959887484685434	0.00129575712771854	-0.02140152519078184	0.005959851031997028	0.005584003732029278
-0.06607878877683339	-0.054093296661011835	0.009285712354753495	0.037639322301334446	-0.011954990144432314
0.034985234226647635	0.0011653684299637443	0.004182987263560181	-0.02227525347349961	-0.018874191312801998
-0.007872527491604208	0.0007807362174079107	0.0163157095975881	0.0432322025163615	0.03589306335029944
0.010247647789729716	0.051898902950688934	-0.005834782499234801	0.03630203307320179	0.01864102240495045
-0.005811586118053342	-0.02972136131230357	0.010159234142649593	-0.019532775132368726	-0.014556343873609656
0.003844078374351184	-0.0037274180208214476	0.0031400084890509223	0.006097947597023333	-0.01798555002337302
0.016746760429177505	0.012171209307092224	0.037751736271080985	-0.012978521013130434	0.00789472075810902
-0.0036515612766762767	-0.013511544922805032	-0.0024312058649824256	-0.017244597527515178	0.01687454904255341
-0.007951218262032161	0.012379574721229676	0.012288030426757994	-0.016792518421901857	-0.0009324340936319648
0.025900142048993866	-0.004179609173645404	0.020722676996938454	0.042489498240428775	-0.024396720474827646
0.009989971712831771	-0.03899396341307021	-0.021281207483659647	-0.03750368365480809	0.029370693842374614
-0.007317199655973328	-0.018918650567277335	-0.0036701565055871823	0.02959054240333051	-0.006495746290293201
-0.06001170626250718	0.006493638795090489	0.03596392669785349	0.005313507114584085	-0.042797399848618155
0.021040277357679087	-0.00995958620827989	-0.044219089355943195	0.009251534638016824	-0.008937993036750361
0.017267449173008844	-0.03462569138228133	-0.031274994030422734	-0.0008609184446541555	0.01393987578376116
0.0112918948483129	0.014868869091733853	0.009465037648452506	-0.0009511798649481191	-0.04790786841664212
-0.010763584624183344	0.025208172300960285	0.00019478892415745845	-0.021617381047700467	-0.012606748172813598
-0.005908237753928808	0.0028142081641316418	-0.03743698228300416	0.013589881880221037	0.013514201191351249
-0.016353865410361657	0.03289922599774965	0.012457649957127595	-0.00646689139530547	-0.04278797573350135
-0.020364879559184933	-0.019628122639593328	-0.011729975924313582	0.027592574444829782	-0.03017874492123828
-0.03842161194294069	-0.01572890625962412	0.010621133537129061	0.04590570480772263	0.019683268782502275
0.013070500681428215	0.04834511326214656	0.025353723365318097	-0.025773929578532057	-0.03897868058387319
-0.003055278273447275	0.025293103373524133	-0.022943753131687852	-0.0119194541628951	0.022396971359052883
0.0034465378798422272	-0.002849002012992909	-0.025522991635051083	-0.025329200875412062	0.03287419983483747
-0.008910112904551046	0.03340265800608919	0.02001796894984536	0.024981400219478422	-0.00012515522421396082
0.032805153745808564	0.038304601737901095	0.025584751370166515	-0.026926345085988262	0.014947815516046386
-0.0009332607875063761	-0.0003288095376427465	0.0417401574195793	0.006321182892257485	0.021851047453519665
-0.0012186726355444674	-0.0014495436755760796	0.0014904719757972361	0.00043747580562573593	0.03729374908195992
-0.04142920887153058	0.00539965924398258	0.014302071164592204	0.02537453619365023	-0.006992936353596827
-0.006447638006713284	-0.020796834809839345	0.007000275064701848	0.013386681256828866	0.018356126268841595
0.002965676514196508	-0.011856009954421091	0.002605339147094532	-0.007703757450982363	0.015628538502671686
0.004034226407051373	0.02425637045375874	0.032121553993571646	-0.00490075303091085	-0.010006877997992148
-0.022679807616989442	0.027566189381467366	0.022806165939553806	0.012166593483089053	0.03525101995366901
0.003219617953591122	-0.00629275911619069	-0.006372357680911554	0.012918905783675556	0.013190212842032386
-0.0385792361876086	0.04007369378847897	-0.0005094996503374584	0.0016596538641681317	0.0010896688316828877
0.039781856421519234	-0.03293934079467893	-1.599641952975458e-05	-0.025546210763581184	0.025236039007029795
0.0024178363024303026	-0.004969608736890544	0.007133789251574248	0.02584508146606762	0.004289631944781026
-0.0035745712979560235	0.0012566878201461483	-0.004600986801926981	0.010925000569687718	-0.014114284448500089
-0.011636227319561298	-0.011779697737805565	0.02358748143103167	-0.021170346740337825	-0.03562044039348161
-0.002335641882745693	0.010511774265735662	0.02420087437028323	-0.014781681482562248	-0.01181021756246306
0.027512656032072466	-0.00924184006652006	-0.029867194235755092	-0.02824428977415734	0.021809873517606496
-0.009322847063994603	-0.01345785336584792	0.003845443205457039	0.03925771884284429	-0.01976875196685811
0.02831254162113909	-0.008731597699748433	0.025826456496158827	0.0166283892008088	0.005911583599348381
-0.010434028915765352	0.01858572444976017	0.014373610287582252	-0.005298533377522226	-0.0032659250835823895
0.025221427649783527	-0.030606981307597408	0.014899038312088256	-0.013658669628812752	0.014737364812064724
0.009097785201501066	0.014251420277038686	-0.00696683940906595	0.007067653562654735	-0.01272918137324057
0.008250846554408074	0.003063963285716422	0.026815502230110824	-0.018068946305840244	0.030151433503236617
0.007775388660534368	0.029286536739571316	0.013994958835704554	-0.015510974631400968	0.01273102266852771
0.009813986095036985	-0.018390580775990283	0.020333821436750818	-0.01023660811889273	0.017052847737915787
0.03663385820200821	0.008753921886678263	0.03312591685372007	0.007434260101951465	0.019559319185976975
0.0050091806862178085	-0.03391136193398757	-0.015045870830537529	-0.02401220887420605	-0.0060077482672876706
0.03167893029769844	0.03269964351599263	0.053836221857808855	-0.016691180465737025	-0.00019096663593524184
-0.001970971446715068	-0.019965300658217645	0.0022666926197429933	0.022792306487674524	-0.00103058445427401
0.004426696354135035	0.011260212280824336	0.009995639753455066	-0.01842044673499303	-0.011376472857864119
-0.007432505810253976	0.021228829275463473	-0.0025229440976843277	-0.010291974843312037	-0.015132539575241941
-0.014740861416120844	-0.024395046881136456	0.007453436234999641	-0.019528954436201146	0.013345897257920047
-0.026598316550759622	0.0243409390177747	-0.008794876043342316	0.03644599592383829	-0.01205356371418401
0.011251174072448144	0.04106590016118547	0.020650016717350818	0.007848090923985416	0.01080466751020063
0.019956834181264357	0.0018629419417862869	0.0015181258258216736	0.009456444616093573	-0.020991510176575752
0.013889432785355968	0.0011886690614387916	0.036234833518973955	0.00026801737754395243	0.007691764500811621
0.03083889654275813	0.027616627495656063	-0.04429465407431371	-0.03638493286941657	0.0071402396777315615
-0.005967434528574735	0.007924138234320673	0.017452621167156443	0.008661459894199263	0.010958113366699797
-0.0007407950063309174	0.006848827292043528	0.0024278484925818944	-0.041220177544266025	0.005957867124633665
0.019607336950962524	0.010822145709199267	-0.014371302115885873	-0.01628591346875932	0.034948749397614866
0.018576041131175915	0.02839168372985515	0.04546164883510654	0.004410199833599296	-0.005446064082684294
-0.027214822292943797	-0.013437521194732916	-0.02789678584426775	-0.0014632101501886423	0.00958176975104414
0.03041509141805955	0.00594202553188519	0.0007326541979715906	0.027495524317055098	0.03186236376390437
0.01993980612324488	0.01756956066901336	0.005607786419284476	0.006836314270324154	0.047134770802103675
-0.019804092398630083	0.003578720160103058	-0.004399629848276561	-0.0026665498576766934	-0.021528824467004055
-0.02957662978365852	-0.005014245583345993	-0.013968326248391222	0.0019046246007534372	-0.01444940773692488
0.04561726329358919	0.008334954330035095	-0.009674710930087305	-0.008064813795246813	-0.012668935438133687
0.0066160657132375515	-0.011038466996043293	-0.03349361941129593	0.005108914351344417	-0.024660027568608314
-0.004449279470142755	-0.004109285478662283	-0.024815891961022466	0.0022944230288288892	0.008536488863285327
0.042015028495848344	-0.025024424410460554	0.019428805570877998	0.004320843169890903	-0.022855385099398502
-0.001502896301636105	0.03571623313394619	0.0053731277881032425	-0.015019027864987475	0.02022462441923573
0.030188579815982768	0.019471623657328817	-0.014704395181931618	0.005280051175589134	-0.017940692321741735
0.024011050155860258	0.012436548047360038	-0.02947229250055154	-0.021596915093768973	0.016417409574747743
0.02299003850293212	-0.001294789306619254	0.010753004881921806	0.005138680190715825	-0.00040575501237153375
0.048336239122021125	-0.011566750367842943	-0.034536667983063665	-0.00847108284075943	0.002213589964611528
0.0368195773876733	0.04213781370185486	0.003220626847393537	0.01565197928776078	0.023299406082362376
0.009723584449250443	-0.0018867410950263999	-0.016307505991087684	-0.019928404818245142	-0.021108565702951568
0.044967570707557886	-0.03414712669608243	0.036310277541389116	0.015821344929535228	0.015094525384474103
-0.015828403575698577	-0.006806808463095425	-0.007906593841855578	-0.012738242575000268	0.031296480776242426
-0.012980873938094616	0.04347770339274757	0.0014090136827353476	-0.016718418558305474	0.02884981803947568
0.01886786673024985	0.0257755016710271	-0.016199865805162292	0.018925919777530057	0.014045496724162073
0.037507735756685666	-0.00691832484993229	0.007454131005212341	0.017078968047483302	-0.022875690832646515
0.006038460822808133	-0.0182654094723579	0.017066347238626378	0.02932844071088171	0.03005496252089057
-0.011829077108663162	0.01080064154255388	0.021752102013450524	-0.001518271963078442	0.012066544777601568
-0.0010995612129596575	-0.03909445612101207	0.04253520280931595	0.03917022562672099	0.00726832608472055
-0.02598400295995794	-0.008465258547549414	-0.002639840597366973	-0.002710157576417195	-0.011128753953549484
-0.0210762216956813	-0.006722552046281013	0.008921980255280263	0.025927074854679426	-0.029441811343260814
0.002458230863367359	0.020439866152892082	-0.015484839767548608	-0.02183399898465627	-0.006445580840653029
0.01295538275764728	0.003851597146041087	0.011096859969040487	0.027524214615573687	0.02906925699348215
-0.001439979003800015	0.006474373374925186	0.0030785664535986227	-0.0168237877330062	-0.01887069240792118
0.008062810367288158	0.044681714269591444	0.00047908915562942106	-0.0157300605417034	-0.042278952801539094
0.01978893353135371	0.02009267765577112	0.027510625098980612	0.0262686145024273	0.015073096301034674
0.016414333365649868	-0.033976160647340686	0.03517007496075788	-0.011589792860317106	0.018585158617950785
0.021925644855987032	0.03158369714165487	0.031574769406200666	0.006623570615091125	-0.0021587256808697332
-0.013622258367927085	0.0014463331238879946	0.01156591304910107	-0.052739159545077845	0.014648672645963043
0.03302596755381637	0.018778843733948218	-0.003720440642499423	0.023243288361374355	0.020759040437670413
0.011335402063901679	0.004440916524041859	0.02502564976409941	0.057338738354024824	-0.006712026446551912
-0.0061966310783541645	0.024072692539954338	-0.010830301421690414	-0.028971367619824336	-0.02492870682313107
0.001297042604540887	-0.009674632865307738	0.025478943226640804	-0.006857411876145293	0.025622961111495885
-0.04184627117470524	0.01807777817183377	0.019952552586863206	-0.01720202873494421	0.011393372886869728
-0.00406814084365087	-0.023058174222414244	-0.0013769611247002004	0.02806443820122468	0.016653622862745018
-0.01700258528070828	-0.010401802382542402	0.014786362840868737	-0.03276503240563165	-0.006339902200702956
0.03573833068340204	0.06906747419997701	-0.016941027334712394	-0.006714501121268926	-0.01797421075033738
-0.05406802880272891	0.009381485650143545	-0.00399887692804201	0.006190945440485189	0.0002724555224086602
0.014236317526082523	-0.03492348666074845	0.02516082853743032	0.024104125852143863	0.022995317945402494
-0.034296759638179256	0.011652099266370404	0.011990916312656651	0.006733894041076816	0.02257346582047203
0.02822553821032473	-0.006773516771647892	0.007666976897970192	0.023104112594719044	0.022333703148245652
0.00023722817535843234	0.00017781030894930584	0.026122169501355555	-0.005530321469431648	0.006626709964480415
0.015605998981674106	-0.03714735367009055	0.001951687473560785	0.04450980986905341	0.019334645930429405
0.02005618661808458	0.010979267823587298	-0.02812329944050499	-0.0024659865005197575	0.009720534458844528
0.009493883761915853	-0.0004633322680587912	0.02569145909791542	-0.014501090020324795	0.01419694287149195
0.009548233300422607	0.0192405039692672	-0.01583324037780211	0.027048830264764297	-0.015633476621541
0.006762264802896694	0.0017887860892793943	0.013690498485649735	0.000674927695526609	0.005065335535083903
0.00210249749551286	0.006967713770809204	-0.039738044387454985	0.027824606170195477	-0.01870162660625136
0.009876099217622582	-0.00717091764137495	0.00033407102680070404	0.038568578551878965	-0.03896457045648892
0.03982987624188939	0.027390405401592807	-0.0168479345014159	-0.024163663213119916	-0.026064945724646144
-0.009449668545638785	0.009597759824385092	-0.01644758287788581	0.010850601576868086	0.00922195645129637
0.009167111322429911	-0.015751814725796974	-0.01610194426588167	-0.004872633711470567	0.02146397294689761
0.010295841835751978	0.005006599654739055	0.005163621477421154	0.0037074857006477702	-0.00365336319174139
0.028153971801913504	0.022897093758634128	0.02107830283672358	0.02880145935864075	-0.023334497713038076
0.006193997941221751	0.02943516531918915	-0.02910625569735576	-0.02371395327387297	0.011892867164918339
-0.01926725354482891	0.024980639390428237	0.044595837527787625	0.015229451278267109	0.025300872779597954
-0.019622483694544574	0.05795707717914447	-0.012663343046890922	0.009384945906785033	0.05048233454099948
0.025387017261980574	-0.000337188370544343	-0.001325322366698635	-0.0011500257359495294	0.0032205850603130555
0.0037116714060329075	0.014307323231541	-0.018052764108810487	0.014567258685122476	0.012733309298373647
0.029370382491668158	-0.0031048532217014813	0.0007662572136693524	0.0016506947253350746	-0.003532620530364846
-0.03277192741701455	0.038921169327519003	0.020536084852910287	0.005460876235710911	-0.044847295785257424
0.01797166916257984	-0.01647664184375786	-0.011503365977112687	0.018151171538697504	0.02626733361933796
0.021130193416833844	-0.0262086815363696	0.021414960354837163	0.02304445719137062	0.009194186406174445
-0.027577554686487933	0.0023114249480995826	-0.009622527828373393	-0.01018689848232502	0.007457615806924094
-0.021014589551956186	0.0022783649897768978	0.007399976736669676	-0.0225924613861634	0.033427385627842136
0.00999065281745164	0.01050771630798819	0.013068468382409913	-0.003835684993840004	-0.04596041854643728
0.0234381645729684	-0.004338167301339162	-0.019756827967188317	-0.012084822196044861	0.02103495593874906
0.00825502797516773	-0.0036825273616411924	0.015722765331851712	-0.019417555304616974	-0.02337000253342346
0.008320548077834226	-0.007385555701539152	-0.007690420415100232	0.03656753221869878	0.004413445834680528
-0.014201437292051153	-0.017480542879901695	-0.018718302389260807	0.013127905430708327	0.015840736231678303
0.017725556997058356	0.033497818727857974	0.04662728192232321	-0.04968428680004324	0.008528638827501527
-0.004622158770019034	0.011956779980489236	-0.011636274481249872	0.01803803156543647	0.011255127382485706
0.012887563757632314	0.03191575112679555	-0.038239169850846605	-0.007357888660067414	0.012422687770927388
0.049268415758621446	-0.025776672333821624	0.0024829203078903105	0.030940970523212073	-0.03515807097836639
0.011857878890169432	0.02507866038010649	0.0005358187653954388	0.03234056496670921	0.022115112347693484
-0.007197267173095465	-0.025135958505895062	0.040574338595791876	0.030470573397000572	0.013434216096659221
-0.01845094617827163	-0.029362849559377797	-0.009804746635033335	0.005334236175590033	0.004834105783902542
-0.014639492748050334	-0.004294691280545298	-0.0011033783267481272	-0.05597474174963985	0.03892429133731951
0.01591482756931263	-0.04838263922690494	0.03261475662633569	-0.017280201215286933	0.003244943894065231
-0.0011249430720227079	0.022466405378656632	-0.012112867667305554	-0.0139549417072988	-0.02769997471563261
0.023851092322288305