UV/VIS SPECTRUM FOR UNLOGGED COMPOUND
INITIAL_VALUE = 350 (nm)
FINAL_VALUE = 800 (nm)
INCREMENT = 0.1 (nm)
0.4720345408908783	0.5077741889278624	0.4750570978562066	0.4817294544134038	0.5537730072723545
0.5354555623822653	0.5269642851327804	0.5006798272371079	0.5166847945729864	0.5498682495069623
0.5447909168247271	0.5509298164475306	0.5405246194903777	0.5533179699547226	0.5635770805829398
0.5880524039129964	0.5674990220802199	0.5887085464204961	0.5583276383572022	0.5585497884079751
0.5929130829156111	0.6160875355989236	0.5676410563453205	0.6054183179457112	0.6425232176739797
0.6300978450496142	0.6221129769100927	0.6512047733381672	0.6247666731733514	0.6832321752272491
0.7138886227340581	0.7223752792951617	0.7048894409154778	0.7015852948717415	0.69321439070101
0.6756186026322999	0.6807045930355776	0.7424646479796475	0.6793444884158725	0.7018274678899662
0.7486172165571946	0.7595536554464062	0.7626031705631008	0.7741358697664745	0.7638828670624567
0.7540518397301953	0.7608798125423166	0.7823919205444535	0.7832685117024563	0.8313363953237702
0.8318897786250873	0.8370824762403258	0.8571602382221346	0.8412755629006369	0.886685626090426
0.8584893775634914	0.8747029360188706	0.8559544032327965	0.8825122036481975	0.8998981277084117
0.9105273381236437	0.9411660043079425	0.9354912306874149	0.9345016040277212	0.9695817273063639
0.9512958965738105	0.993324641900378	0.9946547366492955	0.9698649271329819	0.9961327115652526
1.0706059591604478	1.059828045492426	1.0371126963510648	1.0212510901078657	1.1012369496356258
1.098383389168374	1.087161617423237	1.101848966023348	1.0938449900005656	1.0986575631298607
1.1539749037508904	1.1597421515842374	1.1324264040613452	1.1875321766281408	1.1771946126759898
1.1788572100112462	1.2245513718758136	1.2223652090922694	1.2301486121836362	1.2452837407027548
1.2266135867874153	1.2547045489179998	1.3205654415476056	1.2983496773973848	1.3333951858894812
1.295732236967934	1.3290816061361481	1.3512259234215598	1.3246896855749712	1.398900486676293
1.368274161265063	1.3672318788077242	1.4182510807318232	1.405574938684691	1.4125198675957662
1.4690359557121178	1.4551253150416599	1.4758760818972478	1.463829103540691	1.4854556180192084
1.5155319353014582	1.5096913055394436	1.476818059052685	1.5446795608880195	1.5318258351376919
1.5279471161976175	1.5335798313609355	1.5452322831147725	1.561978547782986	1.573791204746617
1.5554496712932764	1.5886413137670414	1.6150951608991095	1.6250257254007872	1.636405612425505
1.6256714040686349	1.5816066235979587	1.6439131185031965	1.6263045201178072	1.618391286375473
1.6584799655724929	1.6783976664839095	1.6702448369460372	1.6525825864111345	1.7071744991459923
1.6434668611437329	1.7095600335077341	1.6613401119713969	1.6910777610529681	1.6685688598209036
1.6758400615445148	1.673873664806898	1.66737676655426	1.6925291824098545	1.7102477241070668
1.6719915184770133	1.6078027632555505	1.6501900925820248	1.658435586472982	1.6636706267180923
1.6438608759105062	1.6466404954903937	1.634914040270744	1.667605572282722	1.5939058091949139
1.6754955427559244	1.5990149006607015	1.5714404143786092	1.6071754089513477	1.6371435616798213
1.6160326624547212	1.6390454853840988	1.5836244256984489	1.580383394469715	1.5292338935088798
1.578346093039854	1.5403623333934982	1.5564188143453264	1.5491440629776216	1.560695335591214
1.4992443174098327	1.496596495499812	1.4874979920459002	1.4729957753054188	1.4840261217241304
1.443218659525304	1.4394923063702598	1.4521279427932705	1.4040641236116718	1.4476128869159253
1.4203657597895591	1.3938523883927223	1.3997670283072612	1.3388183783345793	1.3609186209865716
1.3428531436081537	1.3531821608690606	1.2887331127884873	1.3409501855143995	1.335331463181859
1.2892218188782538	1.219979273786342	1.2590188532461752	1.2300573146506724	1.227700031349728
1.2390251511930737	1.1828433271664616	1.2074394423505628	1.2032016734730107	1.1750841372707976
1.1727685065295756	1.1498824938366974	1.1084908865918524	1.1299370498939527	1.1172893766696441
1.1354014074125642	1.0999290494438616	1.0702154714194503	1.0831745948779472	1.0398668071530393
1.0174399904175442	1.032072340817238	1.0198067730929408	1.0017412654780824	1.0027306485865943
0.9875281271222922	0.9812768561341824	0.9812038145088117	0.9147960774942127	0.9272667988015733
0.9464267854430561	0.9198397463191017	0.9288065465422968	0.9174705394260241	0.8908528330072223
0.8914177420756452	0.8970646221134754	0.8475926992644408	0.8414138330902345	0.8689861542984272
0.820732197961906	0.8463823924553369	0.8222013333957945	0.8165320236661898	0.7984960883701809
0.7735154799122198	0.7634507713173819	0.7541454300223484	0.7605218397184177	0.7607214017986107
0.7270541993684837	0.7453987447938776	0.7551411757256472	0.6909977587035627	0.7191767270918431
0.7202938888940729	0.6685783757580132	0.7064014235769841	0.7201436878799985	0.6616871636801585
0.7101455102340515	0.6476957205604731	0.6856928750688058	0.7014321572358256	0.6459221013325336
0.6415593641684215	0.6516940563857033	0.579216197002208	0.6071943154991118	0.5744921348207281
0.5927964960846064	0.5999545080044593	0.5603368546208662	0.577397919540553	0.5743396268364833
0.5865191635135117	0.5721834686214405	0.5898329754893225	0.5739789555085749	0.5593778785621494
0.5304797211613249	0.5359654169850872	0.5215142072791561	0.5842099258505702	0.5126388311950675
0.5084502506886646	0.531178781444061	0.5276049882410963	0.48992635291546177	0.46056719538275515
0.4827050487867496	0.4993202291257486	0.48124910092238876	0.470994496101167	0.4453838434424864
0.48505354582948906	0.47786862134072833	0.46341111946999014	0.45010194772051415	0.4977189916779306
0.4029392234037558	0.4780581322733525	0.42951356855353295	0.4122245746722813	0.4466583860276631
0.4473869422192468	0.4294658585314168	0.416804212579055	0.42454737307019325	0.42000805653073137
0.4134579133504865	0.40725200476044465	0.40044796887085177	0.41393420542035675	0.4148486247278428
0.3929087434848113	0.3841145719293335	0.3862496670788361	0.38956260642752066	0.4028739033801672
0.40355614329180756	0.4009810699160542	0.35390015242632117	0.36044725453977255	0.38465714621216857
0.33267109062801364	0.37803541551758696	0.3165785120454091	0.36573729016158446	0.3178035813962862
0.345445072153746	0.3466679805812075	0.33366781554514735	0.3437931992063599	0.30664195695903146
0.31878532395030573	0.3280328716185528	0.28671570434246324	0.2632899530444687	0.30588817486983516
0.3295458264709327	0.3115813219041051	0.30293227011059864	0.25419150556664677	0.3203387897296019
0.3098668026546901	0.30309495407379367	0.2627694495723182	0.30725464188224055	0.2634727311269926
0.2886623147681176	0.27937727464492584	0.2854203571082606	0.3080819736864944	0.2879762565132474
0.26683588568993244	0.2784083327308565	0.28580311421588134	0.27807533966552656	0.27870341871480964
0.32896280108731457	0.28222794313839084	0.23024672153541406	0.3115228047440401	0.2576886009318532
0.2275410670422689	0.27351343237749987	0.2518216473258186	0.2423291009146719	0.2755603506320277
0.24456822622485777	0.2534181787071823	0.2792063186523406	0.2614972414913786	0.2427042121493007
0.20380477445899808	0.22180518401857732	0.19752895242431637	0.22215071806421305	0.2375356208621635
0.23432225809860516	0.22987286165986182	0.2149546663753779	0.27018135742549	0.2308193586062071
0.21955364739630712	0.23297954704204243	0.2531562994923617	0.19254230310898174	0.19121806573374975
0.18987485462065742	0.1775619659784645	0.21711711359417088	0.21290881582841073	0.21398205214273297
0.23013703294575583	0.17846553599879045	0.192296552131511	0.23029619192899128	0.2142313230994695
0.19443136361759458	0.21441209435215677	0.18188455998082245	0.2221925002223628	0.1857375145143625
0.17861232184227316	0.18991718253346795	0.1773817427703312	0.1694705503786089	0.19055268465891506
0.1955467704133808	0.20039023855150181	0.1810932992598928	0.17693179648756716	0.1985211637441493
0.16596601167739078	0.12817176329193308	0.1957975348141464	0.2180622437181768	0.18516153785917835
0.1786829125051924	0.22004538170846197	0.19645570326225845	0.16929673146142138	0.17151358543530631
0.20762776738546626	0.16714709998069852	0.15584850435590625	0.17135827281537536	0.18272316565246782
0.14949320382634262	0.15533780599041905	0.1794554434353534	0.1728324265326557	0.1519140730339234
0.13961730967187133	0.1541672260997566	0.16910309343934676	0.12785765213633452	0.1454925244155501
0.1531659461216035	0.1559399278058254	0.18097780968984323	0.1694823567909065	0.12697085944891537
0.1505069580048904	0.1275939873404	0.13748924502556614	0.17353265503965762	0.1488464928702777
0.1393430941581803	0.1547385461045844	0.12592796979241055	0.16199114985554872	0.1864538159174307
0.14649358083538908	0.1733043896619313	0.11118567970422828	0.1653750869918528	0.13136553951064217
0.13491531888376337	0.1019244232285485	0.1323698315202611	0.13594263241808685	0.15678806974887194
0.13183511712812498	0.15406687803701816	0.12118779819901611	0.16110299578499285	0.12039696747583756
0.14379289149473806	0.1353506575785692	0.1367767598871563	0.12862744950771565	0.15377482977545373
0.1618685421271774	0.10796229496578526	0.11967044660154363	0.17042658754220372	0.15457873744680597
0.11043799910677853	0.11322228792593432	0.1358132742472083	0.1010406148308662	0.07691008199756712
0.18149784616136458	0.1383136043284812	0.10979192244258248	0.096915730209568	0.13073213280270504
0.129631878383938	0.09390531721370095	0.1361663093521519	0.0990009796894769	0.0994914122184319
0.08495634066616654	0.11068263168039322	0.0941972516263927	0.11164193906839345	0.14905695098782662
0.1391598415028587	0.11236898942887484	0.10699556069870007	0.09659149810319065	0.11077117649254589
0.09011416234981517	0.08385802298583546	0.08822245020853992	0.14353782581456853	0.12975848186148214
0.14673385906996997	0.07865630643158202	0.10600036498323044	0.06866033947681005	0.11897640639417459
0.12577740621522557	0.14514074201856195	0.13164777559016427	0.11851526111398536	0.08355772993865637
0.09398124949246245	0.0901029799962788	0.1023798301038062	0.06247374873260706	0.10186543246596247
0.09092631331642356	0.09963626330404396	0.12566617591416102	0.07058348370268866	0.09081009321248887
0.09205437074875526	0.05474979488896496	0.09275416695045897	0.07723859378282162	0.11331768951323215
0.09299746108729129	0.1073000915899644	0.1093173299946826	0.12111959513286957	0.12247908555353014
0.09023038620565495	0.0805513960282978	0.10483678753638485	0.08546395064891378	0.14579118634867
0.09024186819295713	0.10527463774453066	0.11357430356905308	0.10607753027672438	0.09243778722434329
0.09368474453044788	0.07366267512666383	0.1129899453360013	0.09429931910819449	0.09505494632102084
0.08369157969290134	0.10575598048671488	0.02931147323620245	0.11043620223214694	0.08966765991317939
0.0830287498336415	0.07587357368841886	0.11911375019893881	0.08473292967095206	0.09366682848049845
0.09714333316806356	0.11423672855267311	0.1032597161944904	0.10429721899086453	0.13162285698759027
0.07477048259294224	0.10294917242324758	0.0824256034057807	0.1234885490236509	0.07364957907539885
0.043149179297219294	0.06480961609624336	0.10030535116677086	0.08155599385729309	0.0771710569369794
0.1226856893090893	0.11201985828672167	0.09113136451229709	0.025596911064123082	0.08801133186494543
0.08202660675514634	0.06340371904433706	0.07166244030995386	0.08122062080092762	0.09495174210215582
0.08614270719616403	0.0875678657214447	0.07897622312613971	0.1014914238504403	0.07625965404686522
0.07420996625314487	0.11716414313900998	0.1263734660910966	0.09438790893258281	0.04552876575370496
0.08957987419337043	0.09384923520535146	0.0811279463174176	0.05910402993194157	0.047006599268560816
0.0870324694996961	0.061759274950530234	0.08416684597362482	0.08605614054745611	0.0726940724221517
0.10336879426561375	0.0852739599839745	0.0821821055300784	0.05948906923217509	0.06910268506077871
0.06595213906478957	0.07053886498058795	0.08188253727873784	0.10359169440429854	0.05627358318983128
0.07500809795336778	0.05630216101580125	0.05075398918072197	0.048720190848233536	0.04700227857645971
0.09493297912875918	0.0725535593515972	0.03816724937336902	0.07137711115627435	0.07245609920804001
0.05665482138599138	0.07202418935508058	0.058962479572248094	0.03580486725256072	0.07062031275201829
0.060999209001203765	0.07864218686850627	0.07432031470972347	0.06659596217169585	0.06635576167653229
0.06730704518523298	0.0758364584042227	0.05771014593067536	0.06830271107156641	0.07495374878132925
0.0846113773685294	0.01352287629496516	0.06937071545816119	0.05580712398316621	0.07719508642113412
0.05227511227207713	0.08345987371664124	0.08133192480648849	0.062461498944963716	0.057911587360388636
0.06734263489611696	0.047676102449439116	0.08713267650376771	0.040586392480215006	0.05668750980533562
0.10060859083823055	0.07108242224854663	0.054486466250144416	0.040698886442978005	0.042824081844737245
0.03764611477781659	0.04765356736828963	0.061873822476886	0.05535550754874722	0.04757745688833269
0.0697687124444432	0.0662890290071725	0.10606912583589961	0.13429601127288612	0.06489510279954251
0.08578704161673405	0.08929978577739044	0.03703721049953063	0.0728425514042704	0.09470371278207493
0.07590148342842326	0.08177227221132106	0.013976669556209196	0.10361213616940694	0.03245976472426221
0.09745477314641497	0.08396268704719703	0.045609565517195846	0.03514998027535916	0.06915211889534642
0.06044314491764729	0.01614153278468332	0.02916067494163368	0.05249961014300787	0.025995778142228296
0.044303047188581135	0.059694105233803196	0.05786711559755978	0.06226709023830815	0.040581786733010106
0.07742460140472437	0.09283222550806486	0.07378895629094122	0.060292049013294186	0.06632431932879236
0.0812065263777681	0.027810998396139697	0.04824269009956918	0.019309531167935733	0.07781160889192193
0.025252827314054718	0.045578334848104377	0.040895436064401804	0.07707987139694511	-0.002643171802630591
0.06683400197951081	0.06249502458633463	0.0725531388144876	0.045754943150488864	0.08719165703224348
0.049476415371998886	0.05133794530685238	0.048158756865460534	0.06070641425397551	0.022045916465968363
0.050152147457606995	0.03509370436326409	0.061591412662809146	0.017915798828246718	0.05877170765782039
0.08768317354978321	0.03508524546606549	0.025785035671666342	0.06701028735091746	0.06573830830251257
0.040378354116108565	0.09133262935283887	0.029835154206857194	0.009289915351810767	0.05128241106387596
0.08519218609180329	0.06261029831631544	0.07572766800232936	0.021129623527600373	0.02303533213955665
0.04419620207802285	0.09288028902769595	0.06594187806626231	0.060540061149648945	0.09352485225258705
0.03686155383237391	0.07371548771361659	0.08279569278761613	0.01596214888284613	0.09805053525751689
0.08518712205923548	0.03674202771146261	0.047563916745012404	0.013460899863996578	0.03426155597289773
0.09776549725834004	0.05026880995911569	0.03306318343980663	0.07888292302003796	0.05459342651531741
0.04536689715767069	0.015030881417490888	0.08219717573842203	0.02518567506382864	0.031355288755039366
0.02663264307774766	0.06193382666859591	0.05222262863657241	0.047224182943956236	0.08172793851305223
0.023945763174129983	0.05115546180001061	0.08063089460401444	0.02516563370477124	0.041025228085604944
0.012037076635164238	0.08176775119747269	0.0519649423138893	0.0807545383304361	0.03450229520791316
0.0616266902508768	0.051325126925954215	0.07977473579730103	0.0593182409012022	0.041199305048431306
0.078126601735603	0.05642127751671307	0.07068277408181474	0.06842119516987566	0.05875918515016706
0.09139651771303853	0.05397321424380388	0.07023048537066755	0.061622024159558066	0.011119306112328104
0.0821070550918177	0.04561367869344213	0.06035831627752163	0.06980633022132714	0.07783767575910308
0.026578998200253043	0.06854329388505002	0.044873809916357144	0.05935738267378935	0.03946143856660684
0.007605664865344006	0.08169721636301883	0.07998659705724218	0.030898211205812605	0.055373495586939
0.03514379181862691	0.06241313611131906	0.007250513482752383	0.06325785038691834	0.036103530652203925
0.06717450283508608	0.081648081459321	0.07032152382946646	-0.002034649608494847	0.03846262891701595
0.04546776379118873	0.05463434876692155	0.033639276234755384	0.07748866244866376	0.05583015186431858
0.08578418990637787	0.011420421066711203	0.04432664521092317	0.049781015993217125	0.07259996391588437
0.05488387363776574	0.07150588479536621	0.03839505015308154	0.022309505443407124	0.043786173237813586
0.05193186737971033	0.0799679112063044	0.04096683957085218	0.050783681058045614	0.06906751630852001
0.0738839701639353	0.06515190963509587	0.023875853402342107	0.061941867814691534	0.03757566917596595
0.05083579541574409	0.0393138246721687	0.05342872088261049	0.04517213881184077	0.008510176246848349
0.05410648551342821	0.018305908654100988	0.022504465472840483	0.06685099081206582	0.06307687038746818
0.060811115027363055	0.06177759317476469	0.028747778821835192	0.043171048402625034	0.03529553473076095
0.06692129091683739	0.02928931043207822	0.06589329006911683	0.026858178267302146	0.04866676565333163
0.03115763041598984	0.06821485497788954	0.06992572123094955	0.07389100347029	0.05582147647773583
0.04798260325608478	0.04769907783180039	0.06743632822721998	0.05345388573541829	0.038521537591569024
-0.0015696362550315646	0.050224236269073255	0.06421593285692297	0.07476455457046335	0.026460877359334833
0.06436231444081322	0.038159542510044775	0.0170100514317279	0.015604656593767278	0.08715314878179678
0.04623273608480059	0.055400107609511	0.05695277531427457	0.058282812816620386	0.06335674645342738
0.03912475680791492	0.01611419289863278	0.013865294437598413	0.06466095923984454	0.07306131075116427
0.08932036602771679	0.0376387714223496	0.03651840278773304	0.007330788728964987	0.03471742757521089
0.04526691038913397	0.054005320903401904	0.034537713499016756	0.03332604820451286	0.04233551266053076
0.04578291771944268	0.036955150522840846	0.053655634027125844	0.06324425355293584	0.06786236550161967
0.0443906688304998	0.06787950716929961	0.0745989628497825	0.06268363630085359	0.029307943350234275
0.031042028105064033	0.0425307323420368	0.018112412227539093	0.05556773837782357	0.051587350391038275
0.04300323650282737	0.027947213452739633	0.045143854664253406	0.04817987595098541	0.04460714333671866
0.09281177526026257	0.03169345790825134	0.05848892200728794	0.028292697715402958	0.053939672836066876
0.026139868803404125	0.06660777669834486	0.0545340760823295	0.027421557727576495	0.09895631869076954
0.09136199208511504	0.032387804801750755	0.039815726259503297	0.03217304636282857	0.07287479696237063
0.02131645523719772	0.03658996111793744	0.04612190070000375	0.01991950009585215	0.04315110824570733
0.047676641427301394	0.04437574189868332	0.06326996526639249	0.013991745585806951	0.03119996942262216
0.036634139300950774	0.02118541607869904	0.0571611756908679	0.06786034836541949	0.04471757669709976
0.0382350231677133	0.04285642988041259	0.06115684998695481	0.1066231821867222	0.05345762360014481
0.07566922541127889	0.020143409696937783	0.007996887987558585	0.05986502269579111	0.023584831226993824
0.040757203929660576	0.02834085073292816	0.06397722780820085	0.030331394317863913	0.0490651393485641
0.07263804447218226	0.017527002701468397	0.0011429662661787765	0.05177528676198714	0.04544792566514381
0.044642924449435725	0.045606820612514566	0.041357196868394314	0.03730434777052253	0.0777855944483132
0.08134209075184368	0.04275635446226293	0.05946701398331915	0.05853483654243137	0.03626242367724656
0.05838858438370133	0.011241381306901376	0.015981867661106635	0.038633681847254776	0.04795376420085062
0.0348858642650085	0.031657467879852755	0.04153566667523174	0.032198572782823454	0.043262745949648095
0.014402099337497972	0.013727870592713657	0.050884247756996265	0.016844989887795224	0.10121097513999727
0.07725979139827405	0.032715595780578685	0.047253157038093185	0.04558386110913403	0.048309397733002975
0.0626872772354047	0.04835615797346236	0.046939906572173964	0.0373948878673715	0.06641773836556557
0.06202924229493387	0.07734909378262332	0.03382874196048637	0.08545118231542947	0.03059913937935565
0.01687050090001321	0.00975717968349242	0.026815337406124167	0.04067358557919753	0.05904475080363181
0.042863608991753385	-0.0023925960499203954	0.050439991705343135	0.029296351475880413	0.05273945140993694
0.044276577060685024	0.04378396014504594	0.04741485515204996	0.04524514399079916	0.04112567700333185
0.010790657306754332	0.020782119744874022	0.05052316877983282	0.011229050283386732	0.05639034331047623
0.02798375651123481	0.03719779457287617	0.031488791772991305	0.0265049988309009	0.05170215530866434
0.010951300377442859	0.049761736228421685	0.05814084507545103	0.04714146970858732	0.0444220984060727
0.08155458989979283	0.06464718220819907	0.051758632370150236	0.03001192208398824	0.04983057608119342
0.06527611746138091	0.021190916190929728	0.046908010614638236	0.05667385485166479	0.04525958881624131
0.049411216215816275	0.09907921857724933	0.05093682373223056	0.03676283105929771	0.05002700492508197
0.09493546537442271	0.0337814955879203	0.007315356455792639	0.08762515774735782	0.02593279175416098
0.07170558941488402	0.025286610596622256	0.06307300543639384	0.03975252679079739	0.04517070930768548
0.0628632950433259	0.015115751409983008	0.04710151107782139	0.02459677732812862	0.02301355225047693
0.056787162609126356	0.06009734388731966	0.017961470276011277	0.06573795302397978	0.08334427065964686
0.004598646716120284	0.059965681053175915	0.058946651773151656	0.07920315212076445	0.05771579878902931
0.028931128873660356	0.03295311940586822	0.05320405251799449	0.08890423696507195	0.023859607533600426
0.04523914446236974	0.027358953560043475	0.07464126975684138	0.08144926423586483	0.04211639568062689
0.08805092230633077	0.041767440707852564	0.06943978720569723	0.0446968300322031	0.07364049468045254
0.06310823536432472	0.06392338309814863	0.030667657671871323	0.08002980890182927	0.04146500672723248
0.07974069326719078	0.045564400335056945	0.03553897328302953	0.06485714029491044	0.09979367903666159
0.062086538122115134	0.0458884240121748	0.008424002626875277	0.08659963721086524	0.0794687224810741
0.05118140915106903	0.04633886571572257	0.08353271414711634	0.033269680682159776	0.07352721632638869
0.03486890644535516	0.05976819027066804	0.06752930069228404	0.045353850118730776	0.054710544550263765
0.03176868566119289	0.027700896379538712	0.05093835891079052	0.06081546578040091	0.05398094134590397
0.03736754378222194	0.06931083053252228	0.09144366050330766	0.021456713738001856	0.04698887540548181
0.07343459483818364	0.05911579583671262	0.0231235283921498	0.06898156626824957	0.09213733157784885
0.05051891559922378	0.07776307567027463	0.04918515710203264	0.042584498029872256	0.05521589618368951
0.10652685740160445	0.07390169179839737	0.01932397041992459	0.08084710211927884	0.06095328103567144
0.05877568636556895	0.054783224885782335	0.0512664757712935	0.04491889066901774	0.05837467781597836
0.047789186906275045	0.07814519160481938	0.08808207655640536	0.0503096595554067	0.062328233480766354
0.0805039901281317	0.08146172748118784	0.03228461336355518	0.06961058803555628	0.024491033982252955
0.0836054474048141	0.0672665644146405	0.039015896089827105	0.07654910352478698	0.08453192864426821
0.060937292067055754	0.0629039070261922	0.0808535239018427	0.031024080624703212	0.08303062291845001
0.03669519049075996	0.05282708435502671	0.056707054099045195	0.08641014517495721	0.059501914584078955
0.060637257811370915	0.04377651443004215	0.03037781277010142	0.08086097173153275	0.07043189387603072
0.04904206881667836	0.0852437976224816	0.07271337437094431	0.0854814398859071	0.08039450765530792
0.07524075771012809	0.07811343605401441	0.054921481334382266	0.06735519892787648	0.08542735785586758
0.050841184011924556	0.08009762280661163	0.034758791885494744	0.05465353254249809	0.07790010726133441
0.05696142559654888	0.05767165834062181	0.06383504484623177	0.07968828716576369	0.06113353984370549
0.09159204186090113	0.05158605114147159	0.05478318005738237	0.08911295936029816	0.07553440888492308
0.10880683226883439	0.06945416477301644	0.05115070053894788	0.04897324947710324	0.06271827588018355
0.0779766412706446	0.07841687975553825	0.09480024131782726	0.05433721878498678	0.08895036706058612
0.06805498704663088	0.0789474472909151	0.08394911361761681	0.028605197258907887	0.05478568817381561
0.059568919555567756	0.0762010051021217	0.09622521320414976	0.10663774201860154	0.13056233650643526
0.10397443336216065	0.0765652196355242	0.0628611193678599	0.08122051197137849	0.07445419796052793
0.05519484595619585	0.07257054003139658	0.07661077217183769	0.06625619283579548	0.07943232821913633
0.10480838955714333	0.08331915909850683	0.0892440783229661	0.04425072359257171	0.07755753483788895
0.10512827414127146	0.08901738388682022	0.06705846293314702	0.0810518221037521	0.08764245784278081
0.10029196537508486	0.07199309282449104	0.06502497876636969	0.06108884442064215	0.08547800707445055
0.06290640167629895	0.08310235777722871	0.03701190113548248	0.10347729774116367	0.05856204447119399
0.06577927342720043	0.08265127215405467	0.103741927485785	0.11077782926568312	0.113067913883058
0.11067259978375445	0.0527572694581743	0.035407228672948564	0.058842671779339745	0.09838857799258034
0.053071759284897206	0.040429648587943116	0.12265778902721805	0.093065887437049	0.06452360596899298
0.07470937456829536	0.06536861856194472	0.10492224162892531	0.07128213083786411	0.09447037758722283
0.10590785196922733	0.0889952013180741	0.08345078565298963	0.04434340417237963	0.11140073821774901
0.06249189313562795	0.08963359554356726	0.08501643062395023	0.08554739236610613	0.11424493293134616
0.09198102635468604	0.0705116635837186	0.09667672373887151	0.06191911076961844	0.08370386958903968
0.0846512966658189	0.0924980783087709	0.09523756907193168	0.07608047416864895	0.09333075720119371
0.09646058219690204	0.0840710651112982	0.10157100270966991	0.08553049747084075	0.12332500097625852
0.029729177158638476	0.042895360200516305	0.0692517706533024	0.1303389113866849	0.11022619215999244
0.10317937746231784	0.08810035876770934	0.08988497182001387	0.1465059123238126	0.09237928666667088
0.08645191091788383	0.11024380890216344	0.062501071293941	0.0921154505208957	0.10239582682762287
0.05715822487580739	0.09305617658047763	0.1054424398995146	0.08950199572728401	0.10481163090379665
0.10340377382237644	0.11854755756515976	0.12188603235159455	0.14005567922338066	0.11897768730731072
0.10089919456947308	0.08989110839540529	0.11239142457247739	0.0900771685200754	0.06335080079730557
0.1119973433693145	0.0874395576905558	0.1004796155575811	0.11124927158641815	0.10229094939660141
0.10880234582366237	0.10008434339962939	0.09433743916145647	0.09679581843334954	0.114665576794606
0.10473427986524053	0.13516100894022187	0.11153926920448387	0.13241360906870078	0.10386878079133387
0.13404189436867475	0.12479639254716031	0.12464117510381151	0.12280644242937437	0.07814598879358262
0.10078493744107368	0.11226429765246648	0.15572440630001264	0.1113586528067825	0.11942867533999886
0.1056685912558504	0.1502525521702137	0.15208451442049112	0.10315631572687778	0.08599887250881671
0.13150244200813804	0.09186789317852376	0.11414301707466311	0.12667376552873363	0.10384710879112352
0.13882652665857076	0.15202177147862958	0.13268552095241684	0.12059433087543	0.12979557352106366
0.1291700792989265	0.10678289896344119	0.1293085842648979	0.1370562458075409	0.13554124743627186
0.11754077649031236	0.14352420455863688	0.12921984264880326	0.16719428051285293	0.13172671116188608
0.15505820841499615	0.15506081828314464	0.1333553370298249	0.11263463480747722	0.17512884026835485
0.10637233963316241	0.13518347923619767	0.20088294749111807	0.16236002487743864	0.14779395401300197
0.1420604252639268	0.1367899717325246	0.15984943133478144	0.12578791955001256	0.18272885617756576
0.14623621905670767	0.18780931216926774	0.17763008326434282	0.16353110288016615	0.1863116981487966
0.17275519280723728	0.16549403522826783	0.1685875516344695	0.11502137651590294	0.14799151580611766
0.17993953905246668	0.16113030273036327	0.18292207169731492	0.13027663351396332	0.17547680530126192
0.17057699003736074	0.19675783005648728	0.17318274121233196	0.16018304044454681	0.18394648505213052
0.16780438266262476	0.17040762848069438	0.20269393028123306	0.15253325455218134	0.1636795150773445
0.21137314711692515	0.16137760903034937	0.1910859089131714	0.17150447343820868	0.17656922107359938
0.19371916011219245	0.20834239502317617	0.20842570586498807	0.19573006745682642	0.16204919802729
0.17763765792526376	0.13447198998161172	0.16971991321559982	0.2098038507531949	0.16654907580218653
0.1785408073779359	0.2017298711094438	0.1638437198944249	0.19698936249961446	0.20406656632133488
0.17065834257962542	0.22934030510242343	0.23990999265365487	0.19816913118658522	0.14656446600952922
0.19494612939740735	0.21274450157691124	0.16116336823555089	0.21163056339778485	0.23062163683186093
0.1962989075251416	0.22132517128428492	0.21702847383370563	0.241537048978192	0.1772005754182543
0.21551126716757502	0.1827879759074174	0.19774115458419853	0.18646656334147513	0.2168355072311236
0.22550708759518573	0.22471914106616384	0.22263286292101314	0.21394842847497017	0.23548808830288714
0.2637346771587117	0.3077854954909327	0.19913949342039494	0.19668689164947553	0.27327634365673936
0.24845159657477284	0.27856623146227616	0.25181086259007446	0.2433447029298667	0.2979695447901708
0.27979087694266414	0.2645674058603404	0.2652067935437457	0.28247888563666984	0.27581599242644683
0.25786219776459585	0.27779591983975965	0.32196299198788164	0.26753322793048545	0.23667908825011028
0.2576791936387172	0.31525469944319473	0.28583240210479505	0.3237272231201821	0.29267869972474025
0.316741819169766	0.2952352897467727	0.30608411894497234	0.30126599171733015	0.2894468448952033
0.2781107518398837	0.31691001699820437	0.28443592272718077	0.3234467048383974	0.34580821682049045
0.3249625656028505	0.33884844916442647	0.3198268787828761	0.3123031283511111	0.3513691667168432
0.31870963714560685	0.3500114840484383	0.3107084551733374	0.2960416867823404	0.32977778648836625
0.3403915791546793	0.33963359301486984	0.36945504950512625	0.3825952020926817	0.3644887414150529
0.39447218202121814	0.3448696457738286	0.37463884944034753	0.3550057269315066	0.3803746093894035
0.39078976313348773	0.40496865526603315	0.4223770487526916	0.3823582303831665	0.41235195163857163
0.3791630555019575	0.40754263250086936	0.41660458450910975	0.40159304920319544	0.4252464776102266
0.4241880934127534	0.4132646186287536	0.4123611199158868	0.4101333053569061	0.4391775235768472
0.45476201047787956	0.4114809977906535	0.435852471487657	0.45878074726839213	0.43758241278767535
0.4565318313055742	0.45290512997038423	0.4912926097037244	0.44053580293005	0.49286781823934894
0.49918086108608717	0.4798397190521027	0.4842589197272032	0.4806177058188982	0.5146955134565193
0.4958770888068366	0.4922921515553492	0.5189284773173204	0.4961856900466514	0.5287291444349126
0.5559615740924776	0.5432584419917414	0.5289070894070699	0.6026701341418994	0.5340094826872303
0.6046559467437135	0.5558837847954377	0.5754551308696451	0.5793068804525772	0.5822199890743035
0.5142995958690193	0.5814556172859078	0.6397521049861893	0.6527312189603554	0.5894087672262004
0.6064529276424505	0.6350647654353604	0.6025200265941605	0.6357343387546947	0.6625635660423903
0.6429035055933793	0.6513256612170952	0.6622673118982134	0.6470745447725661	0.6846128538139928
0.6788228283548665	0.7088221314687134	0.6958996502172468	0.6995335630402422	0.7144443285701259
0.6996521597148557	0.7341169361648584	0.7197301892509216	0.7587348454463233	0.7605372565758464
0.748735793404951	0.7614033146265757	0.8075790338392195	0.7623150769421164	0.7848478632883458
0.7989123194883423	0.8068046424325699	0.7988497336371659	0.8178931375626366	0.8005653466808833
0.8435978975872661	0.8543947008464656	0.8957731434385136	0.8316473865168834	0.8623821015915781
0.8562731351787389	0.9150182721738774	0.8693901759334788	0.9124229829256354	0.9387888752709275
0.8732436224286066	0.9639431449055854	0.9127283942288567	0.9449367339293988	0.9560715467952652
0.9880268268273781	0.9731605547408717	0.9874828619241353	0.9984385812225318	0.9976395546665914
1.024594943148354	1.0179779543933654	1.0639419212378907	1.0595149734133615	1.075250672494414
1.045831711687543	1.109482428828651	1.1049505553649492	1.0949412295711727	1.0618141156711205
1.0864529250035153	1.136274382905951	1.0985912886415672	1.1437194489351834	1.1191303810834483
1.137754744238047	1.154258567868425	1.1905790774126266	1.1862317048710873	1.1870222309883867
1.1769413216680038	1.2094908880513167	1.202030315025047	1.2173148393253368	1.2019719480979054
1.2167679180535595	1.230129553902435	1.2440917674792202	1.2247587631314418	1.2378433610892166
1.255579049512879	1.251981252125304	1.2714897188339254	1.2804257630512692	1.2610755229636792
1.2820849707328312	1.3069877062859292	1.3182855955861141	1.3104066610815444	1.2870380918103599
1.2838341846725152	1.2883224074207524	1.3328405956911602	1.2892058123610128	1.332675437951665
1.3611516981130622	1.3471554878346563	1.331530788422389	1.36657248531782	1.3379660570715155
1.3223287578810132	1.3188129153050028	1.3309545044633782	1.3509701361687043	1.3485079842375256
1.3835257381189947	1.3383862716052763	1.333557648864517	1.3218039220971551	1.3085845071260807
1.3551065513978322	1.3420138568262694	1.3238442542842108	1.3084700208153321	1.3427731869711848
1.2992059252812287	1.320453729724634	1.2959062322608739	1.296947318901483	1.327303379794201
1.3248090826702694	1.3327781288366989	1.2605187127356206	1.3166793905060266	1.242295296164688
1.252295333991465	1.2739242620557487	1.2294243986175322	1.272105127453201	1.253561528884799
1.2433763431275204	1.265223144182477	1.239598519854426	1.2101463226892162	1.2253673426614689
1.2372239800725762	1.2118259864781549	1.175060312137569	1.2050638060986167	1.1832460522153696
1.1694041103010533	1.144892934972198	1.1355175811121956	1.1692702198560396	1.1538580303847186
1.160826993111001	1.1589120031585123	1.1084207483804511	1.09167296281623	1.0998947422326886
1.0462053010938728	1.0289231817639288	1.032633368562099	1.0489755712021156	1.068563155800158
1.0210256249952936	1.0462198763749824	0.974602634653582	0.9997386150667654	0.9863521041979827
0.9717241634927988	0.957158896939623	0.9800832131136982	0.961841424479349	0.9683484383350581
0.9816852281628081	0.9427029910768753	0.8878307939624426	0.8950750850801918	0.9288596269101388
0.8755756782971184	0.9058168610366873	0.8897231816504648	0.8880103716330157	0.8708053777198818
0.8022282966644214	0.8416001221179426	0.8527682286107198	0.8392082121233091	0.8094836022158712
0.8237127758046461	0.8391943903988786	0.8010211475611367	0.8005074046026787	0.7915167185266768
0.7491249218790381	0.8313239018429482	0.7623813095100963	0.7535103354296202	0.7397348345607189
0.7512045545673747	0.734656513448646	0.717452078251133	0.7007772582581387	0.7097917881059241
0.7231561132604363	0.739081815166156	0.6865432872317496	0.6769747666591798	0.6986399180273679
0.6262585857281607	0.6302568045688145	0.6539253366544996	0.6371192871276858	0.6496368214645534
0.6146599817500976	0.6213166844603151	0.6011155879058805	0.6106314041738894	0.6241465256330179
0.6180965164535469	0.5916513791076689	0.5717827258400004	0.5944165681662466	0.5533149506013434
0.5967229063188841	0.5490775275190537	0.5569516497352336	0.5440442098777759	0.5360495892704304
0.5296997394595461	0.5309312926573604	0.50882998866922	0.5237520514474141	0.5408081479345047
0.530669349767517	0.5051551437672516	0.5092726978238962	0.48503741055288535	0.5007411051968168
0.5107019756837836	0.45940015144393104	0.46617449722025844	0.46595620042691516	0.4502568388638721
0.417702136390824	0.48779455274576533	0.4706922909581711	0.44316927671324785	0.42408558443692573
0.4218104279308441	0.4788531316195194	0.4230426117648478	0.4233391174186982	0.43178802875865685
0.43265704826538154	0.41041585876613895	0.42746071124232826	0.4458581522789724	0.4183164915175329
0.37346249882846694	0.3914234524818501	0.37628795474910587	0.3612217597256863	0.3865621284561103
0.40356122565618	0.3588637851708932	0.34955770002647873	0.3990887415837083	0.36355535669190625
0.3676745469990391	0.3733879121711922	0.35438834502982564	0.3256056509477209	0.3605349334711322
0.3587865225375247	0.3576191731235801	0.34507377921215066	0.3393959147509101	0.37888918799957844
0.35390053216737133	0.2795760231011455	0.2965417434925866	0.34404365437553386	0.3384346770792553
0.3299005952209984	0.29931046915935355	0.3055896371516092	0.317604770132928	0.3050237575962878
0.3166122908026782	0.3022733495353519	0.3035944335315957	0.2562367220248276	0.31407551082078256
0.2930024249725694	0.2903518663038568	0.28901769991889653	0.2739591599451783	0.296463867488438
0.2700671177894206	0.25740776144468025	0.24808491349218129	0.24546748198028334	0.2952365861371435
0.2874416651448656	0.278949740302686	0.26866596963952877	0.24033027630368095	0.2337474794995788
0.2827818604333874	0.2594190438221931	0.22915409162892997	0.24137677863459472	0.24259251148584776
0.22379608331912526	0.24183498552498753	0.23408062808654145	0.22657464052875723	0.26126496361469675
0.23462458735556366	0.22939412714741006	0.2434460187712056	0.26098917657935294	0.22962836626791017
0.23992780010867984	0.21043372210835243	0.2329207606241344	0.22983845585552287	0.20713112049660992
0.26083424665286803	0.21478184319869026	0.24801361582825532	0.18210536201960265	0.16343827476223227
0.20021583777633026	0.19505652891479702	0.19906567336799383	0.2212807167430996	0.19049357863360203
0.21124215423592854	0.19436206544383428	0.18577451901422307	0.2185543765266165	0.22494400597594952
0.19333870670647085	0.18512686372082668	0.23009006995803882	0.1625469932111536	0.1896121546960293
0.18427518502190574	0.21324805057708307	0.15783331389518068	0.17499839697875147	0.1809559912251465
0.14021251090632356	0.20358489329482293	0.13036116403039297	0.19898485000958088	0.16035063218553852
0.18680939110357273	0.1556126179803396	0.15708886974774652	0.1729832081062426	0.13675189761806103
0.21775234440546323	0.17546158138180598	0.1744818430027775	0.17096804242004154	0.16716066413867425
0.17932969743030586	0.1738811319414247	0.15452026893779172	0.11968077303977792	0.1558949193510015
0.16240815823956653	0.15406361604092833	0.19764551761267196	0.16379355557210645	0.16702974367915396
0.13936806336320975	0.13789750785119323	0.13596062351157617	0.15871801416635997	0.18564767031641402
0.1585173876741353	0.1408987873582702	0.16696237448831275	0.13702374615810703	0.1483753389100674
0.15386302297684978	0.09466297838021237	0.1607522722137834	0.1598371539392452	0.13152614433132223
0.1616584608596694	0.11051014022978109	0.11077415630830538	0.16290912989567902	0.10488684230348827
0.1509589864662608	0.13959302323048034	0.1320931661421816	0.14171297902361288	0.15805012962915063
0.1562365023277995	0.1608825328009081	0.10865196984213774	0.1403185751351574	0.14101878614894975
0.14593138670382175	0.06964364095439	0.14249735533890898	0.14204391001040637	0.12448793075060839
0.1258912000605603	0.13957272392296907	0.11102905573817352	0.12825368714765692	0.10846525849645737
0.1310195234858043	0.10150658830292004	0.12010621844992417	0.10879104060663025	0.1300079293419599
0.1424205792387879	0.1502868019876427	0.11711481050610928	0.10601930311555077	0.13909705132486497
0.07592281897829795	0.08979147612469932	0.12669544176092848	0.05633792407563144	0.15284448920122004
0.16969082706743144	0.10765202392488775	0.12704287931971434	0.10974150923466773	0.075929927191347
0.12785372428767386	0.1301238117205343	0.1484056613317754	0.12196311739400267	0.12249728840857961
0.0998267645142941	0.10651669987769224	0.07164209863999794	0.10988057154715053	0.09529647388086343
0.09189188498189758	0.0840132879926781	0.11711654353729473	0.11794346882377058	0.11680096948565495
0.12543842437806438	0.08280617284785505	0.12009411758002893	0.0950039906885888	0.07353617079250535
0.0774827287446305	0.15614893223460652	0.07767348707602414	0.08456672130994068	0.08651910104697727
0.10361832400274237	0.08156957686702809	0.08871907412833176	0.08112054837068901	0.1120770000245832
0.08182203835959893	0.06759120551276591	0.06978764411308917	0.08172011019967067	0.12654062113841433
0.11293346204345085	0.10551943118147633	0.1326451732995218	0.1046020753716112	0.06722333551306066
0.10160324365119368	0.10489687859173584	0.08552495244271803	0.09942535952030893	0.0799891820994146
0.06355851800655059	0.11158587050728022	0.06310874064820439	0.08055694536695517	0.11377134921523996
0.061177391862965246	0.06472229325007531	0.09446855468839978	0.08183837444071812	0.049769838965577747
0.09392803881352287	0.08717950340103153	0.12795812191641634	0.0725453601401296	0.03898529366572962
0.12340088286919565	0.09629947669232415	0.06845238477657065	0.06796374903339288	0.09457216884939947
0.047908773253109806	0.06433694534741043	0.051419386499287525	0.11120853637085824	0.06849360495118698
0.08290395887827914	0.0623342577859681	0.07737226324157129	0.09093459971975136	0.1271602840542237
0.11687913461518895	0.04642577610087953	0.08144097990836004	0.05480866781954605	0.06652267820026031
0.08510256906175799	0.06711992153877568	0.03670854152821333	0.05507013548830929	0.050867634767130424
0.056545449232287534	0.04857589535965826	0.08921772981229634	0.05467885571105163	0.08337734908590332
0.06215495051433468	0.055943553240204294	0.07032904532097005	0.0971859722877655	0.05270036814918129
0.07814891683983395	0.07727087554723056	0.045320058907423334	0.0679603713898464	0.06714855552626096
0.04097048198751429	0.06373412786960098	0.0607745995293123	0.08914224854697188	0.0324259254069858
0.07488743613806854	0.10070095951886379	0.014108544207021411	0.061689483728392565	0.06610943905920398
0.07840843389324723	0.08734071183354539	0.048925971008214345	0.08918119372397867	0.0686342686627042
0.09459950010047793	0.08805030939530643	0.07048288872174718	0.0632623393448841	0.03141514120884199
0.055551399158309984	0.06736733014177287	0.034747728354022935	0.046090537383024585	0.05882355314066305
0.05241877978621566	0.0765313666639226	0.062202821344300385	0.08653766813141327	0.06658696967017885
0.06585413977904254	0.07894895948256977	0.07184744744210099	0.05185324083157385	0.07284934994877718
0.0747351496810102	0.040375944498676986	0.08024080346138959	0.0952119122554426	0.09725887607846737
0.057057829854761495	0.028225725399455996	0.019252703986700596	0.08606551890645157	0.036306257485598244
0.038867195738682685	0.07260081122816972	0.08254664580065285	0.04741747199349729	0.06104833304022881
0.08685520056707707	0.012945111196620144	0.07113529367455577	0.08001449204199854	0.045078076911799166
0.08589701090276398	0.037379421019362306	0.07701079151616426	0.05328517896863559	0.05029698453984453
0.05452406082795786	0.05443875304861037	0.05446265995526543	0.037409377087395335	0.06478637181314538
0.06798009968651533	0.07901166850553829	0.003614079005337388	0.04708460840625782	0.07109179330318474
0.041781063338880965	0.049516013996379206	0.061027744708561996	0.04591285549592385	0.055860915891056864
0.07217605291287048	0.03670328793397188	0.06277912500511042	0.07583767132312588	0.07749537509750734
0.049559083801402976	0.023108267087017333	0.04029359834571638	0.07929215118874888	0.06303087779956386
0.006320811980249348	0.06672441130250524	0.06222407945296049	0.05332902884392325	0.052423724806921854
0.053506063515534504	0.02995865912607723	0.028709249944665876	0.06354560377828561	0.0600181852158747
0.05118570702310596	0.05581078197303532	0.06111351582023818	0.03931410254958035	0.05177447172668214
0.0654173161623107	0.010996016804757558	0.05851096498679424	0.03626749578187953	0.0578781692549894
0.00982642252787424	0.007996866410718784	0.05160123553287445	0.08343848682906813	0.044561559396273105
0.058762993945838525	0.09139035032591791	0.04636537109976918	0.03831287214504209	0.04530313035445171
0.06069605910616958	0.05322769172578152	0.05957132796058757	0.021948888081610364	0.05097417991375029
0.04570737848619119	0.03780183387821223	0.04858584771083279	0.05036918529787786	0.007660960417059012
0.005501345678407023	0.07616503964260132	0.05217132159360621	0.05062250265595195	0.044882661349033584
0.06269774653203307	0.031091633855033586	0.04668809913716681	0.037682410828604386	0.035522526365904535
0.025365087185384008	0.03219635981430799	0.05067557325400297	0.0530378834790553	0.04080937661976448
0.04356547271261672	0.06739617397119463	0.06622118098111304	0.044341311420302496	0.02314393303671448
0.0036386606107478656	0.05166161750781251	0.08046882746389467	0.02264806649109691	0.02802055040877768
0.06415229835798453	0.0434854920248196	0.03310633824312398	0.027592027655699628	0.05171567009161044
0.015606710767491342	0.055969180515142776	0.0417067668093	0.05806243773016577	0.06173606817295102
0.00036248815061349846	0.058594012349341765	0.016657594434944946	0.03417323558458258	0.040409508868200945
0.05570950549627964	0.04440988733504922	0.07098449065591952	0.05699188216302406	0.07649918552138345
0.053806612918453046	0.06500952420385857	0.03970843132802216	0.041587586233300125	0.048995079725079355
0.007202653491755915	0.0131324349643083	0.03610651383889425	0.01768809655829736	0.035507014097607405
0.06748847845500498	0.035433393976807843	0.006091042718019472	0.031952809344651466	0.060198958625192166
0.047813768418140556	0.03879704020028194	0.008794502933207788	0.046994367156731776	-0.012515759008623424
0.029159056800680795	0.021417594063975472	0.02124155964213897	0.05900325795554483	0.04462991659730437
-0.010043230505169571	0.07852714821348467	0.05202830617140649	0.05110894549472395	0.02421643186589863
0.03377482886231012	0.07262756918775667	0.004785472648033552	0.04391116548018409	0.038175575772562725
0.07612833987450002	0.03429578867510931	0.015267837125101717	0.02393546132193031	0.017457671583280022
0.01862402543606781	0.042310552446492386	0.04527724006309455	0.04705909605367478	0.055953487620747096
0.023525373761303557	0.005153503089200691	0.01332897611282606	0.053196258707078475	0.012373122533160814
0.04210450308288107	0.007975688669871457	0.04175196872690608	0.06025449907976553	0.02998620693764275
0.04891862250130952	0.0028064012381899314	-0.00858532096933997	0.03515957034647812	0.05971700776310667
0.05704252225317257	0.05423538535294712	0.012366127222565245	0.048932009072338925	0.023195528380123478
0.028045813141806847	0.03627334372828575	0.04823523236991064	0.04643236407024041	0.07083698048675494
0.041922159962158534	0.026026612573140137	-0.018554475822201245	0.027698738836289438	0.007879179812469158
0.06320299561394077	0.056973289200910875	0.06809090423635558	0.028541019340647084	0.01926202537477888
0.06627051440554449	0.03349706839070257	-0.011686250696068162	0.04409413523511316	-0.021311734325649073
0.024956485569629875	0.04388836828458271	0.036127886961532754	0.03477762908933522	0.01233054683504919
0.048757011128492574	0.015822651307545815	0.048498251247404235	0.05271651863550346	0.0674179587079502
0.06042946375435288	0.033577619295690496	0.019866206079024264	0.03469528646842654	0.0353132988773175
0.05278910448257286	0.0065789917458055815	0.06852282639271724	0.025337249290287515	0.0184753089337469
-0.0018780795485646375	0.0023364382529976278	0.0332359603000961	0.014678990314927148	-0.007532067010445492
0.0590254449341513	0.033138197242111964	0.02386666901251066	0.014830713707598728	0.07782895591038722
0.039928778628075	0.0036342577738027347	-0.03672549020838396	0.010458653321097995	0.04452063420633624
0.05077472648572878	0.01721711257369398	-0.004593149647797378	0.05841636837449133	0.007313512730266159
0.03552314545755094	0.05453231468510811	0.022835152181358526	-0.0027322587639807706	0.003016431956737618
0.007399772912157911	0.056845092085807125	0.04248869769450003	0.03384702745551621	0.02624487768828434
0.013788669044323021	0.023108149940748193	0.03260916781429887	0.021106296176139856	0.04077492465085714
0.031760033868734286	-0.008241848762906219	0.018815867573519603	0.03683624662115077	0.06279497700962772
0.04469689637239941	0.05989357466586057	0.01614955810065568	0.01205486010888476	0.029719410277967463
0.03481277401836531	0.029062620952661617	0.033986828434913095	0.03572042501210251	0.028332820603213668
0.022786432988789945	0.015460503771758215	0.03581036470132575	0.04112545909265784	0.028168141512117717
-0.02044105939063354	0.037103450383148176	0.017484964358664718	0.031054591919862103	-0.015694103647110207
0.0058445590831862956	-0.0015133018217289096	-0.00805422908954889	0.004308519484625242	0.007340743784934731
0.015052358984526077	0.030900082212069205	0.015594282690822166	0.01181423528763043	0.04451432426281899
-0.012245132037726519	0.019874743759559114	0.03554087428421163	0.04491333620992805	-0.0026911437542730884
0.041498017687884234	0.0005589223409311391	-0.05123708252743833	0.02864775755861382	0.026087628892153585
0.014523044482322306	0.007619507908635264	-0.006660506980540695	0.04581452193479643	0.020310427047585622
0.06259315298632971	0.0368449628440837	0.021183172631405626	0.029163915975707957	0.020173182631106856
0.01691064044567998	0.04107867111931967	0.017609803210427183	0.011345561649338856	0.0006666926052609247
0.0029614103783663142	-0.037197979781812864	0.012821679789690352	0.011125302195906597	0.04334763627305
0.02324316878623074	-0.002063180192699056	0.039614414767435296	0.031223469221319362	0.0033045538558601224
0.018544432043210907	0.05481430326010597	0.04163687339113811	0.06729157891614439	0.002653264553341852
0.014318089968278942	0.046055949898922345	0.04950366523974866	0.05426983907492793	0.0282831856926779
0.08877738170843778	0.01863131556751651	0.009099225076448019	0.02298186767769324	0.004520443798130958
-0.009990465705579016	0.06686129817476588	-0.007254536722286329	0.012159631081070984	0.052260398315869684
0.02059146514743906	0.02534864478790192	-0.013879775997553516	0.02018258360500296	0.0261517994841481
0.053713790923366686	0.031694129320284356	0.013520056505609796	0.025773505514343837	0.02563129191083928
0.038625226056863894	0.0325185719790947	0.046178289119805996	0.0062150451765980086	0.025705300744316574
-0.007990486164335342	0.0379089482024928	0.01561071895092453	0.024637006395963276	0.053720116276442485
0.008895570752813853	0.05189160300490268	0.06139783725575989	-0.011760577989647664	0.03406728843688758
-0.0004203114759701145	0.024147595575675775	0.008281848183669548	0.016226842696848532	0.02398032878985197
-0.015311058303675636	0.03367693182814214	0.014891936155198845	-0.0021539866619665476	0.0036831983656523196
-0.0024860142688060746	-0.02993618647465563	0.04018430787033008	0.008289010507170107	-0.004631926248442282
0.08105945758933296	0.024855402113458408	0.01971531530159337	0.009611528888362997	0.015454562941606858
-0.02523839477761798	0.03365484821730989	0.020827216256519614	0.026894430434438198	0.025551513393201795
0.030368485088795423	0.01386792425974613	0.03923196305979252	0.03414140011517868	0.028992716561209313
-0.007227931559987709	0.0005389260856450118	0.02224786136929767	0.08480137069265378	0.022290793308826225
0.04838914864599265	0.03779847238398728	0.022924365592490562	0.031188341391491306	-0.013433837367574697
-0.00039884105480353675	0.021000593277852208	0.043718487461149376	0.027322104460600485	0.033187908046434345
0.007810690121819809	0.0029929657415784855	0.04364538064210332	0.008312170379970677	0.04029070007291339
-0.005321953293603992	0.051955496995156614	0.03688366316061603	0.0003128830616241224	0.013585094821455706
0.021716434214542318	0.02304106859385681	0.04160872476414581	-0.023963549473066732	0.026575063240541912
-0.01210825828078963	-0.003279056703756645	0.0073001072822480775	0.03307987214643651	0.01055615154911313
0.037606435712851376	0.019979098339819513	0.03696434407343826	0.013957878107804567	0.015488407650872936
-0.021282293633807358	0.09197682773328929	8.586891174843623e-05	0.03327167006048962	0.02512450065082938
0.011463648404784909	-0.010528153614275991	0.06297352563528467	0.007414325391889288	0.029387622228641146
-0.03609876476292491	0.01379666093902066	0.021274112406421887	0.07165660709875303	-0.00928314585137407
-0.02063973137670797	0.014098946803796045	-0.023940233352827193	0.013509211822444377	0.024663988016708303
0.021406262577766885	0.03821946709658004	-0.003346350502430228	0.027748871524561364	-0.0256543440848409
0.0015296533432840138	-0.000872116449005156	0.001671407941300483	0.04848191792724683	0.04101610914609062
0.023750967427042073	0.015489803400929038	0.03899834240640805	0.004297001270097082	0.032010827553124344
0.027890734503676337	0.040839353957389676	0.00687666233547848	0.010557816146428398	0.02704619057876763
0.0027733429414050254	0.016152907359311023	0.05734040203021522	0.01773657246632751	0.03267253953148247
0.00944753466983736	0.04930890232802068	-0.013458967913571936	0.042003898176736935	-0.021241219165033177
0.031911083402070155	-0.02287471236505044	0.03315610764907328	-0.020680040208140155	-0.011279356961862849
-0.00975784351214424	0.00032014900744019217	-0.006036675602070993	0.0210283565514906	0.02711683756528721
-0.015434011486884022	0.015309179244374683	0.009377980399737447	0.016566437590496044	0.0036370974034882026
0.0006052581647950687	0.04727942078144165	0.04171572447302587	0.020723778026140442	-0.0047163722040736294
0.01712198132792608	-0.0016778688140093234	0.056093603812384055	0.04719969316326469	0.026889115725829586
0.013091275761960007	0.03145532644888888	-0.022271688919730154	0.012525994329706797	0.034742191033449846
0.03287979489138982	0.04961697933990902	-0.0019754904524375916	0.04497566657453081	0.02688274242994785
0.004056749753741248	0.005317174487212865	0.034765707899555055	-0.020822827364856664	0.022356358292934256
0.017822353602349364	0.01827349293219731	0.010884850447096441	0.018157841603993263	0.010719387457727778
0.020514871267106244	0.06151528583608709	-0.005844482307151611	0.013361501146949624	-0.0065155466384919335
0.004603237773206094	0.011525034276324472	0.03596955451067375	0.0496737203795569	0.03795246933713045
-0.015565240594440427	0.032679214852917915	0.022926910968916706	0.014668428569748499	-0.00209585758836297
-0.00037830401843670517	0.042843859414674765	0.018270245908837787	-0.029646318223914808	0.010699738461556713
0.015906000967558873	0.017350558855925013	0.03336801479433894	0.031105744572163266	0.008100592326382886
0.0016545630567497977	-0.016933644534239765	0.03348135635374634	0.010993445413147205	0.012823624510827341
-0.010398223955524083	0.030508572199986865	0.023014927294963194	-0.023156680602411155	-0.02214885737952921
-0.02668926760519766	-0.006519673911140678	-0.011785442412886024	0.0255369834198179	0.0006797319518724531
-0.02379958360270108	0.00817560412210025	-0.04939941416696081	0.0020539498288709435	0.02740198970782832
0.015544348665758694	0.0021634208208791764	0.027613150321911438	-0.006651224854637341	0.04456477024827397
0.0024659047589174485	-0.022941233994975524	0.03276893299320441	0.028436005861952114	0.0024651459023517014
0.033353525444118605	0.01362832259079445	0.029773977770986455	0.01363961893718774	-0.004454550219292868
0.03673084904590129	0.025045744161550455	0.005887482845980238	0.015565446894210615	0.030616579784304685
0.010012638436231479	0.017485915838314492	0.001371869953491276	-0.016542284168038428	0.005170869199701266
0.06549728286884852	0.0002696632015710405	0.026905277608063848	0.010663096044778119	0.0026466104518094967
-0.01569415222580726	0.03998951344032688	-0.006765194012480047	0.034984985636268756	0.02587888075213814
0.03387418856763691	0.014857267426760839	0.03696884547818158	0.050944073155959974	0.04827516152095338
0.00712580856719444	-0.007982099939809188	0.016573099756051875	0.028909575251321165	0.03883729246059272
0.044579090339613464	0.020157765286656935	0.029813045039383743	0.02819984555804075	-0.03306697835259527
-0.00027018828218655687	-0.03582878775630818	0.002746374240847485	0.03501336386133564	-0.022681684748891196
0.006570310302457117	0.0016936557200152337	0.009087509222818844	0.007324404845233125	0.05672778536217248
-0.009222066782364542	-0.0018122370606320276	-0.023046337124400476	0.013346491632706754	0.03142918510540774
0.004194573099774002	0.008936047765399961	-0.01244197480138098	0.02515224497537824	0.006427602195891388
0.020292759781476225	-0.016829074962105978	0.027984927398463602	0.060452977850412634	0.005740028933775769
-0.02968386341210515	0.033399216490378365	-0.010816838919768623	0.05790530951250415	0.009316877177804743
0.012812319295206476	0.0023155618328563276	0.006880181017272016	-0.008683421062257179	0.023987098663955847
0.051516556956518314	0.020631914237068477	-0.006124489222561278	0.009382431634713712	0.018446123267819067
0.015777899509614095	0.000578953102402502	0.023286878166524996	0.03442488685602815	-0.03150934693142849
-0.00017709791534249416	0.0037300305290765253	-0.005389144835383312	0.02688064146291077	0.022727423127511033
0.0502690936217937	0.005900865786479409	-0.006372482636954881	0.007327908934970149	0.002363850510883966
-0.0229964535462657	0.004277793054295336	-0.00794388446455848	0.024392264905095898	0.023871856365043152
0.0217699361111859	0.04432151132271404	0.04940205372508609	-0.01019199209075764	-0.047340987200143375
0.004382148390539399	0.008848017093175963	-0.009807395697230385	-0.020242579871619606	0.01773811290054573
0.02179868103320097	-0.005191424863566376	0.010380042646307083	0.014281931758200507	0.046451012556665866
0.030016358482962625	-0.01364626684427021	-0.006355400883604825	0.03231801520917465	0.041189515467608614
0.01618070448020359	0.0032952557418141123	0.017477402145921216	-0.008025889710780243	0.03928772663878209
0.0397383019644236	-0.04091470125990395	0.01085433331525432	0.039965723851827104	0.02526953899071085
-0.020243301876402074	0.02919448714135467	0.006323176460828238	0.013633749159590227	0.05100211548426224
0.04033070393931103	0.006956263735767545	-0.022589654922333766	-0.0249077289302387	0.006336938424350523
0.0029631707845516678	0.013525050264320911	0.024649427568510105	0.027585199475463167	0.019257520710758577
0.011446469169411427	0.02158223368881198	0.005392274551763261	0.021934665289250966	-0.020789207849691727
0.008736433793282341	-0.008968005580662998	-0.011317370794832115	0.037693302653385344	-0.013701173093465796
0.028576296878529597	0.028415556783090247	0.006169109320056822	0.018033728982745197	0.03235268350188513
-0.038367978624108935	0.00395548940532485	0.01709489239002261	-0.011227490796011872	0.026147744622311633
-0.007700882730667957	0.032255571557905496	0.055707845910362555	0.014245319692776533	0.03303386191613572
0.03645174086973211	0.02922256483087415	0.007278047308905973	-0.024832569880713452	0.000476316775602185
0.020208788146284285	0.010552439988342025	-0.019195938254888547	0.03642897529794288	0.023323320267774634
0.0014479743485426013	0.005954553973939021	-0.022226724808719678	-0.0004950529720936731	0.031645678559074984
0.05147183387092071	0.017707488544063132	0.0031887940452395933	-0.0015577798142438065	0.006728125052026504
-0.008392237682002692	0.03253178873415441	0.028818894054563355	0.022506747281786667	0.005401919613140167
0.05895033661011262	0.0007077153468828326	-0.009994869908449689	0.0030946605661780844	0.010293031386062615
0.013422236560295654	0.009958011164014286	0.05449142981450049	0.010907129975807027	-0.016951860135685053
-0.0014874830840246375	0.035998323582080854	0.005256360545807119	0.0020861587486042327	0.0371522121172462
-0.01196399860906152	-0.02606238618369913	-0.03555556295292574	0.004864466066926061	0.016820832124513067
0.025137839706616205	-0.006747475078324672	0.025811487721048958	0.015627699199856106	0.037866459206676216
0.005700613014036137	0.00031643967647537307	-0.03465319785171004	0.017726481666435947	0.043287701444347654
0.01379299609851287	0.020534868701109606	-0.0029241939143587153	-0.00020888511363606217	0.031150649163005247
0.03872917448842466	0.009609479810429646	0.012243562235224234	0.029018405019426232	0.007017496490272413
0.002529270143366389	0.034955105530680805	0.009199081974467886	0.021509167149866934	-0.00680370729958598
0.019252098213034592	-0.03709721519339025	0.013639763571492708	0.008630218908138435	0.013926055875300321
0.03493603596594655	-0.008402769076511673	0.007655896527256812	-0.007206217984188296	8.872365533682796e-06
0.0142164064216039	0.013342326316627096	0.014315085411891469	0.003538560741526587	0.012255771654906357
0.005746489015592513	-0.013515292331675347	-0.02109028452941355	0.02731953335002361	0.01850687040332527
0.020394739415333075	-0.02841949483085103	-0.03236478898671839	0.01034773470104232	0.003055648070206156
0.048082206026612534	0.057505105505411665	-0.017078282154337654	0.037639957261005975	0.012551318663296614
0.004193471917054539	0.0075021213687357854	0.02096810919060755	0.04277144360176209	0.023636417073360186
0.008561343994291	0.028075903652854648	0.023590901748547194	-0.01523250633195991	0.006782160823194108
-0.009731716631989611	-0.03536832075699272	0.0017272659813900243	0.046203324362341106	0.010097743891646572
0.02795763121450033	0.03166946978061959	-0.0005515457808669792	0.017769800429088625	0.010349142260140505
0.04426446514815278	-0.015410834189945908	0.002243245029838975	-0.01450490619551326	0.00021280586407564236
0.010445004078109643	0.0031604116136532516	0.027566189931979887	0.014375112222173863	-0.0025245065612332068
0.003753386234519304	-0.015349067136976695	0.014268217705755232	0.015472026332127024	0.056098297632796106
0.005403168158796768	-0.006700077360861536	-0.017803611620246133	0.0027734864376162457	0.02657351788450823
0.013201649960086898	0.022890213963890505	0.029480517602774155	6.089858948327316e-05	-0.010704689166559499
0.009317107738540243	0.02218469509253797	0.032459692426710415	-0.028251369315495767	-0.009196783217240117
0.019671196814661954	0.013259521304800155	0.02845653422920301	-0.028926799227401687	-0.03454873106213333
0.0013502603891436902	0.041713149587866385	0.01946795392065703	-0.0019216784684947842	0.009302482483985837
-0.02384023677533216	0.027603097114146175	0.02060597062815455	0.04498700089717575	-0.006357810405725945
0.027355588586330602	-0.007230035414285614	0.031087616291841907	0.02017045341675398	0.007879438546441249
0.0010330948987826898	-0.016546108512132163	0.0013751096985291406	0.00501621780113877	0.010706236717127351
0.03179326094198739	0.00748390830722139	0.009640391855366411	0.0014205028242448817	0.0204538066805503
0.009675062582894516	-0.004419629526673792	0.02484849981385228	-0.006279187254529231	0.015211146021748324
0.006302990829914571	0.0033145629765960498	0.019804200138365695	0.0229513057507648	0.04346710443587286
-0.0014195034023529157	-0.0005026402066758793	0.007068406724366763	0.03430969759916456	-0.03731928230107305
-0.0229847119499209	-0.02497794871063719	0.015355604202452418	0.02160410644333606	-0.002206042516131398
-0.03811205776278189	0.011335010400178506	-0.021814908113255347	-0.02372825153664948	-0.019638671954908947
0.026346362386406988	-0.0023517877123367887	-0.014824279575356198	-0.011133309296460869	-0.003972785304926891
-0.004281716486997171	0.004428983577354305	-0.017176111644678596	0.016375626227528434	-0.0053707017902816625
0.05718893556665166	0.019448281171734395	0.0037241630902250886	-0.03071603742150411	0.008713012401612347
0.010355409173054282	0.05366171341778105	0.04040582283978788	0.008248111771037271	0.04604411175882434
0.010305621309603826	0.009522630627918333	-0.009586182193460168	0.032656082488316446	-0.00936691773148296
0.018118664362113693	0.04146241499147177	0.02038653449563045	0.06129724199817328	0.0217630798879353
0.028447711607887314	0.0007712305946507561	-0.007647461939972946	-0.025436914749268732	0.0373381247664179
0.002310773298169445	0.034670849306462456	-0.02528210577793848	-0.032605946140064575	0.04406483928200039
0.004926360935560459	-0.03017190676006651	0.016261358772859738	0.023199595032198546	-0.005203849835428615
0.023078040380417077	0.004781375305138414	0.007750562102497491	0.02373341473093664	0.047588372576950866
0.04058039280698425	-0.026353485995680576	0.009838715471160869	0.012245093319546343	-0.03860947433141269
0.014188078811055275	0.019013065322517418	-0.007259690905140967	-0.023648036242729854	0.026608487257250135
0.014988762744538591	-0.003458518609090677	-0.04320598742615478	0.03510420907352575	0.019259621045821847
0.006136188971525814	-0.0012621041189918995	0.026251714177848592	0.026598125762391088	-0.015686798230953966
0.023582153052499878	0.0037318503407067823	0.018407619196409222	0.029102149044523285	0.006203167173074628
-0.015626390868831237	0.04131579113446933	-0.0033784938299661876	0.00410556274592485	0.016035552458018628
-0.029786265352771894	0.01931420068885129	0.06417281433507727	0.03378231434701877	-0.02939248704577068
0.023924225549560717	-0.004636493543621359	0.035611329766201044	0.0030965737583118743	0.026100635227511864
0.004661508855950802	0.0023835394736869027	0.015882266942432534	0.015333770677741262	0.001525563750239322
-0.011963848162775388	-0.011274470620287667	0.06800660521412584	0.029785288715623155	0.016981588716657132
0.04272100047050405	-0.008833446810431004	-0.024350187986276122	-0.0018504141147350365	0.018688954542944662
0.05191368373124218	0.0025339688710601005	0.009931895030140678	-0.011460013049819407	-0.0020424005927901496
-0.0005276224019445973	0.06000490141714801	-0.026533223865089807	0.0029945753371265825	0.005921984321686582
0.022554138420787892	-0.0064537297390801236	-0.018990409767922812	0.03574822261083163	0.03485035591595933
0.037605677316864414	0.021441561797475472	0.01860650646125699	0.012530229382999844	-0.0025475959873753245
-0.014071057538131046	0.005529567716855583	-0.004599520561814582	-0.0405068737582487	0.049380501292282886
-0.02259351262909182	-0.0016882162165961848	0.03617126038120107	-0.02838708591109969	0.02095762011604142
0.027455953145495388	-0.0032290735717369736	0.0007194805547194639	0.019387303294388685	-0.008287718950837308
0.014194254842247515	0.004779138615096304	0.03600445940622038	0.06348760141166274	0.008255486007206886
-0.021674813250961412	0.028966921297017514	-0.013458746765705258	0.007029933599549082	0.02315710029083448
-0.014172988525031177	-0.0047535165885395515	0.014740657384752855	-0.0047852830633983425	-0.008926204039007457
-0.01486796876768268	-0.009402238235064865	0.01585601849391679	-0.014718596692991526	-0.01210847629987361
0.024428049601798067	-0.006643942448938621	-0.02279763458153283	-0.019345777947455883	0.006139668822784289
0.029996263443747152	-0.011283787015932557	-0.015100542134322777	0.03470408453967502	0.004871728523661669
-0.03294788962294991	0.028894078083095458	0.019203537191029865	0.007888952174159764	0.026652942136572322
-0.013287387949333804	0.0005259230720879465	-0.028850445905394838	0.02609314232537474	-0.02607416462895671
0.0041290969098741505	0.004217259015764307	-0.014168750499230444	0.0019070296121614615	0.01577517359567184
-0.0165011059090124	-0.009405021556036614	0.018452839781737916	0.03397015564819489	0.0065273208083530074
-0.0031911140669410847	-0.02146038680244488	0.0015297506085233375	0.015878766375736732	0.0006583761081084636
0.04031096104385317	0.02683891744739773	0.0027911785451071544	0.03536970071428628	0.03256124442408728
-0.01991296768765051	0.018638481045389895	-0.008417660272029982	-0.06686321475254647	-0.008352356135866743
-0.008843233847061292	0.03453415374119988	0.0154100136797322	0.042030623068472786	0.007458073291479255
0.03539374557623478	0.013843940289394528	0.03399736451666204	-0.017143089719929477	-0.004628630735028037
0.00490414541948752	-0.0027191355292177713	0.005062480794531823	-0.004669346345623847	-0.017929661914091344
0.014134578067230834	0.016762695106449926	0.030468823402923156	0.011568749836699617	0.0022162551077033053
0.007590853505500297	0.027541583311154638	-0.0021739575289471923	-0.0078715748912171	0.05288368315015542
-0.004585161032789502	-0.026867382516135192	0.017168784062490984	-0.014907686513725088	-0.0028141618251646327
0.004301645846385653	0.005572099561520438	0.015617230300620068	0.003560277772968173	0.022624620502663544
0.011184335187222286	0.002305446769666474	0.015193462805261489	-0.02540854538607795	-0.027702081921279452
0.016088285694792814	0.010781258872069252	0.021087435310216722	0.0008953236221614649	-0.010186360356842587
0.015390750776550962	0.011584173128636415	-0.0024208715112582716	0.02647646969672485	0.023821200973768594
-0.024982267956692908	0.020278060722893385	-0.03035729753334395	0.0285738183553828	-0.032092284769231136
0.045046298195108574	0.018480349302573227	0.024486940144401573	-0.02076732752568361	-0.012880024902797441
0.021271100888959123	0.013085137354027908	0.024475889454464994	0.018632134792126772	0.04615841429547358
-0.0150831454732386	0.028846226932409614	0.06763954694566217	0.017350594577215772	0.006291459281744895
0.012179122789849166	0.008569452837453901	0.04902253948526019	0.02423583140721243	0.003559817772893923
0.002812077325303936	-0.02179589150432544	0.015163860676737253	-0.009233130295017784	0.023705873666050783
0.0031460508930493784	-0.0007491353915538819	0.030676067491490096	-0.033727481883092714	0.007027451663439659
0.01930841439968755	-0.004457720878301901	0.013393178866821176	0.008032071152973382	0.03014837052891935
-0.01447243055314114	-0.0022432249532635387	0.0015494457143212124	-0.010869591527664202	-0.0029783555040375173
0.025537777246566126	0.02577776820454715	-0.022055458475806415	0.02216223604764706	0.012566452413647169
-0.009811302312892862	-0.001037200678709738	0.006602721021746875	-0.0013324191530352412	0.009550440316220328
-0.007104550959384212	-0.017810989328272214	0.03945882890121881	0.02063022538337709	0.009922538771065775
-0.00048161278053179303	0.01097205676288179	0.02939407574493539	0.014898990870322372	-0.010196612272456326
0.02714880187932886	-0.0021386087050214546	-0.008589763843919036	0.057001651012492535	0.01328786542848356
0.014551827327346247	-0.03678542583832575	-0.0017911811343077262	-0.03158614504952108	0.007045894060539562
0.004684403427774257	0.013230045276541431	0.04184702685926302	0.008782889595074537	0.006631690635822392
0.008108058692779748	-0.009142615710137476	0.010282709763736709	0.05038729578326796	0.03629416986184722
-0.015675293797920882	0.0005412768356101716	-0.03351300821906746	0.008668684007420085	-0.001844399699316795
0.010400174924488394	0.021883367368921713	-0.013573512516888663	0.010208963541758206	-0.004633012619211155
0.05429800961248515	0.0072580580867437385	0.0074262115302291196	-0.01404259945955566	0.009734422270696107
-0.015111574808767615	0.031209427500318934	-0.020337023381449486	0.06176778581953464	-0.011388722177373365
-0.028978032186404733	0.03712869494386818	0.002281065351357055	0.008228248301643504	-0.024305084835160237
0.030281360407104208	0.032652166277125964	-0.022849920909727338	0.025179859067690106	-0.007196634090145698
0.012661452419974366	0.016287400186187937	0.029254772685020164	-0.01326373572452329	-0.022448779702228073
0.007034856402069231	0.03599381390841164	-0.034721085456980084	0.041132331542266184	-0.011007370380977181
0.005199194864462506	-0.009182693063493032	0.006559992041127618	-0.018171567191127603	-0.004346495799584023
-0.00848603008223745	-0.015026264491438141	0.0187203678086805	0.03125032931107474	0.00015861259312227594
-0.006094423699362828	0.0008121326602141396	0.018047137664832267	0.015289194070858604	-0.02901903551126077
0.0102549476470081	-0.013488448593102137	-0.0037008826307797175	-0.02216448144330369	-0.0012848737934441617
0.04030332047927498	0.004993946099456433	-0.0021854398136755713	-0.018186640674168954	0.0173162438165292
-0.008136935714019938	0.018731778913735123	-0.002557103267905001	0.013508439128195366	-0.011619474044125125
0.003067974927928709	0.003589620865390577	0.012514973742077827	-0.008546931969184216	0.0019669642328575612
-0.012981223329068379	0.03592880354717403	-0.014222912042099188	-0.005809545509278016	0.01688414084117622
0.007975532085765746	-0.009784940407555875	-0.007147249201801202	0.0032977232700537847	0.016444726459083507
0.050955262725243054	0.004677866221385521	-0.009895442602361462	0.003710861326836008	-0.039052626507902116
-0.0040043987761635095	-0.002868709079725212	-0.04155915711889994	0.0509961843305578	0.004502985939436916
0.021644995818134203	0.029867918605458087	0.02973077365615308	-0.03270327381423842	-0.034792290028679645
-0.029134710341125313	-0.021380685856815688	0.013333905399048648	0.014012773648257336	-0.001290262492418314
-0.018892281113353428	-0.03457827142657947	0.028150661092649208	0.06683079926095771	0.01735021395399044
-0.025730231432192784	-0.005639317540344923	0.02329012894632206	0.012612289672757716	0.011039529705531487
0.0005995935964851285	0.0027949472544682476	0.015888838195092965	0.010718542448369742	-0.002902978812002138
0.00689493717726963	-0.0017735442417882753	0.01389249967454743	0.025687967973794225	-0.013082320378553412
0.022114151055715316	0.0570268148903561	0.018110435296960253	0.025873533921797576	-0.03216966674029822
0.007653676229679483	0.03698012334163338	0.023695018871095777	-0.03730666967186141	-0.01298744423788994
-0.0059492978872151565	-0.005817483243866393	-0.005180154003470153	-0.060273925546055124	0.019458772304641277
0.0017645735533205436	0.004529447196187225	-0.04932391315533115	0.06038070523813601	-0.008412299146510097
-0.003910823364374436	0.02324885146616014	0.033333580025620445	-0.03623284289766183	-0.003245535906526594
0.027658635630808753	-0.027096642308740763	0.01726386539926216	0.0004891877565957154	0.03522715892656922
0.021094297051733588	0.020694489712542456	0.05875011254118267	-0.01653697983700956	0.01718838416950195
0.0015222146576458085	-0.009315903942894003	0.035170120659909425	-0.003900676589246287	-0.016135280052739304
-0.004822548072325469	-0.032554768313851866	-0.00023627489631479568	-0.0037127459498420253	0.00938002777632572
-0.01726641026863261	0.0076154051127943385	-0.023757004226833862	0.03639372586075818	0.027503908542918946
0.009577403669461554	-0.01537776667023856	-0.021355464625395566	-0.032266984153343295	0.027232222177348366
0.020681684799932917	0.0020245845604560725	-0.0113299417461895	-0.03271839045632451	0.006963525884647526
-0.006153107771549062	-0.008194136849780568	0.007382826873487396	-0.022042677986745893	0.017858789949911923
0.007483107086432186	0.037901088545671015	0.0042781327537860575	-0.01744152643593349	0.03055437445269202
-0.007693823002566063	0.008461980854407197	-0.03429166709898332	0.006736498937217789	-0.01966899487094267
-0.052555058915107575	0.008807816662757607	0.0038923118075275577	0.008350491321229005	0.04666091916116664
-0.006084245094718485	-0.01522362776568107	0.02105851963728291	-0.013655024291358992	0.030615775303661417
0.024249765993067593	-0.03466983784395017	0.03676567761502675	0.004300492701283779	-0.0635056606089358
0.026552168413095815	0.014252950246787268	-0.0028594752837287577	0.010780305269396814	-0.027308137642414434
0.005643786548862921	0.018064569572376503	-0.01146364113482548	0.0002114473903497803	0.01704083739987234
-0.007884070977692935	-0.007086582676856284	-0.04465215609326629	0.016424070510396002	0.0065051505110168325
0.023055402264905808	0.026710424339718652	-0.014705075031987999	-0.032914616380027475	-0.024957557106228916
0.04452404735978505	0.040898979280453426	0.00432097935418211	0.035151583422050776	-0.0008761050990047027
-0.020499237629017723	0.020334835536193793	-0.0151155183829836	-0.018789661658005705	0.03595623996334307
-0.020864860149420225	0.011974653809631058	-0.03586613921128797	0.007464943023370535	-0.0007938936044369002
0.010461862515129	0.004158534680639574	0.009330516145976199	-0.0008429614677757467	0.006511255056532123
-0.024201869449506745	-0.005949980295410192	-0.02059866304814195	0.02412486600618259	-0.01954512205762667
-0.006835408902750079	0.020091379657444747	-0.04637603065596785	0.01306756144906439	-0.024262251156538916
-0.008852548569708376	-0.01531386861507987	0.004245555377085758	-0.021136611318002888	-0.01033510901134281
0.05545551775445673	0.024800443919811906	-0.021431706495837085	-0.0012183591015823732	0.022405487678920318
-0.020193716864827804	-0.004263016733152438	-0.018618408320702797	-0.004758624150674167	0.010637454680719846
-0.012546911690403662	0.022815849264279903	-0.00047070460272230583	0.011930542437228896	-0.01227726698568481
0.04149492890227296	0.017858779731359867	-0.03680201069702245	0.0240987193187705	0.05433946518969228
0.016687972279765165	0.012197104782646333	-0.009230212013668812	0.014271868215304035	-0.033653050256495474
-0.000545867374477503	0.015043805112954691	0.03062976307869639	-0.041534422985632785	0.011753412118334092
-0.010123738047564806	0.0019463035381790867	0.007185198426916478	0.0015220866998337215	-0.036973077926486284
-0.00041315083698004445	-0.01029562826122269	-0.032659511213578345	-0.04026385585508458	0.014024353252521176
0.0005234879151501315	0.025217663969287603	0.015809535721364426	-0.037752854221124045	-0.008922765880838597
-0.012933250226911495	0.0068797770510065775	0.008812423360205449	-0.013699546844660394	-0.025067031786982105
-0.036572064271297444	-0.04104962247325166	0.059769107302527255	0.025035088538241303	-0.01800306208428943
-0.030794351344392734	0.004676796205719635	0.03226768179754535	-0.012539162842440109	0.02472112203246805
-0.046327762015143076	-0.023262482903993437	-0.02269563223873781	-0.04801644516365119	0.03825294714733187
0.014878424093832155	-0.0041963799022712	0.03534869570976797	0.006316299164753505	-0.0015794974801424488
0.020554892420627635	-0.004617341249064183	-0.004438163305473577	-0.011546313178130013	0.026536306057382022
-0.0006621732874053845	-0.015399870144848147	0.043273203430243656	0.04333077926351737	-0.011570536138470129
0.03261956147138647	-0.024891025304235773	0.016534821087248665	0.019791775775175727	-0.02740768796550033
-0.00015504446669818359	0.0005669311498494468	0.03771543095504174	0.002720655072694209	-0.0021987040825251344
0.0059709522158107545	0.030919021717206004	0.011849282782676784	-0.016702878746818313	0.040007512507859506
0.017608305432691537	0.0009014967761674904	0.03189384680966087	0.02739290961953613	0.010595128999464827
-0.01989136059768324	0.0017213516319189819	0.004368085201691576	0.019631426760357513	-0.0016254022424857292
-0.019297926622518852	0.0047421236861835735	-0.007769797300355886	0.028274080724761782	0.023643010723853664
-0.019774410300777475	-0.004320677182307417	-0.002492182722748452	0.06518779456187418	0.01219776500014955
0.025557667467219707	0.02158289685604079	-0.005117334399365812	0.018385285663014603	0.019747385012789408
0.011722520677811824	0.016524197019094487	0.008360234746833188	-0.0025218052780004653	0.008739266889233809
0.03905236444040502	0.01678200979700113	0.003725042062141904	-0.03666844033287183	-0.01069287954835282
0.035413225182074716	-0.011045996952514688	0.028411446351246806	0.010544400188848448	0.020039756753074272
0.0035646676141699073	-0.008354662529957833	-0.011953247632185294	0.007269130936614422	0.035320530073897516
-0.015352551580056682	-0.004165788268921848	0.023334000876278668	-0.001158350334395139	-0.011160897429594302
-0.001013985967130176	-0.00847841707960905	0.01625076029560358	0.015571314381029946	-0.004868091452247142
-0.01471152037463689	0.02480269016717593	-0.00941523157265936	0.010853697166530979	-0.022925390399798955
0.016376246791676024	-0.007969046054938967	0.009135135465500249	0.011222696927256455	0.045491741017444076
0.009970860931346328	0.04269215769966057	0.02925540016078934	-0.004446887076575631	-0.031297691744840275
-0.042201330719928015	-0.018479956687015485	-0.0059378844609372745	-0.02142828927264276	-0.004534918147466088
-0.0166415224224817	-0.025102181796589945	-0.030095817798236415	0.00013449729823457194	-0.005607717716201822
-0.003923079976851809	0.012335191039548202	0.01663030956138455	-0.019174888038480956	0.013961547035435668
0.0038056728265764197	0.0016500403247053808	0.01993975806491989	0.0007171790320139896	-0.015868359728931324
-0.01914695833584673	0.008208110382172342	-0.03124198005839454	-0.0384151304544969	0.01209930362671965
0.00029193119849408276	0.009056830790179844	-0.03186935481970374	0.016199952066688256	0.0263006456373001
0.01636260240804098	-0.00672051166491919	0.026023998719589367	-0.019759773237966398	0.0117391445348784
0.01926830721986145	0.004105968844939376	0.0368221896367853	0.0009554811372580827	0.048433771118244436
0.010565632332692663	0.006489268353007643	0.013123390985247212	-0.018880467222747728	0.01176401263109968
0.0020789850924035243	0.0178184935584236	-0.002509158342723844	0.016423207313497352	0.009266304133997476
0.04429902310381071	-0.029844679001248063	-0.012696184561496824	0.030384054580975716	0.00775567759411982
0.009680806693966955	0.007505953883923122	0.027812976984559833	0.0012905913028557828	-0.018711905281418178
0.02616701921632322	0.010172888741725878	-0.0015768695909121099	-0.015393527152614956	-0.021980281596842302
-0.00818803428294955	0.02119583492243173	-0.03214739065544244	-0.013507419668572593	0.018694982740247515
0.02958564646888146	-0.020382044308443627	-0.023228145685401644	0.015492275831104817	0.025882563279582552
0.01718505932295899	0.024057496560473353	0.0014215946585532518	0.02744487083315563	0.028608921776515004
-0.0007559366070583788	-0.0013052183587974756	0.006185406204720828	0.034294200308990476	-0.00685941274790535
0.024312427964218362	-0.009560419346762807	0.0185293029916271	0.00040154950145287723	-0.01692343020709867
0.010970093057771706	-0.0107345306656734	0.014680173305231779	0.02807342644305654	0.003337483028024159
-0.014444787252978677	0.018598738097866017	-0.010359766498225	-0.017849943964325207	0.02676282004072478
0.006317104343319835	0.009430283267336314	0.0650854955272787	0.007711618660965451	0.04627105791467767
-0.009825228548357427	0.007197546907409218	-0.002118300197202336	-0.006322890057553128	-0.026757342244456722
-0.0186728056679177	-0.013325418796372727	-0.012090391792944999	-0.001633102621027163	0.029626269324116633
0.005439015451959338	0.021571942596850958	-0.004680668441663231	0.023848806180737734	-0.022222463007339276
0.0022997820806026437	0.03959996945221093	-0.023344401460720376	-0.003814797765100765	-0.0040890426832009795
-0.0014997887138620061	-0.021866551507899925	0.0327700633696546	0.02552306599773835	0.005813442850599827
0.004881329290233859	0.002765578664892917	-0.020045766349114275	-0.002968929486168722	0.03274786212015729
0.04340497071585808	0.013003857653782475	-0.009736590993374684	-0.015256130254582447	-0.025975009357016965
-0.00836217347270672	0.016299347735265375	-0.034246693231573984	0.008761190223213032	-0.013169786755931662
0.019202163342183366	0.010041024642468407	0.013337526065828623	0.008226517293517692	0.006611551461108146
-0.01045606017915441	-0.0011590960117415618	-0.010462741217988078	0.004305434320505565	-0.01306357745504346
0.02385834523420628	0.02534305421342056	-0.010697401524008703	-0.027694539455340776	0.038611718312905725
0.02051332558893503	-0.008403243629886904	-0.022330060439985002	-0.005710159006507831	-0.01116516675283431
0.028460150418726293	-0.002146140824468246	0.02261411460157179	-0.010025118654907506	0.02716237310749603
-0.041122787459550086	0.004505112181451685	-0.03397699555267337	0.004268294068384425	0.016748907910967434
0.015243783880299911	0.009132651521252871	-0.009899381247565824	-0.0026262022951871744	-0.022284282899841645
0.0003044377847964551	0.027347318947637346	-0.0001949808843423259	-0.0059073506161802505	-0.003930461788550693
0.012276352414002403	0.02351675874765153	0.035427528947605605	-0.022557825061053374	-0.013186903698775586
0.01604956343491776	-0.002063878258700899	0.0006184755579143044	0.0026757190254980815	-0.001417149937414092
-0.012563927595472356	0.01436207594114565	0.040837230078858484	0.015385318476374147	0.04104835357971361
0.024032645663034473	0.057328019132358694	0.022543315724721347	-0.006126327918450398	-0.013175172385985874
0.02454710758439983	0.02090599308881818	0.021515395170208403	0.004320566148797219	0.027587614431232265
0.01279864671931478	-0.027164538406567434	-0.03264055624168876	-0.01710636289634053	0.003337165568984923
0.019023237973242735	0.01952454441997923	0.0044164691098356555	0.020222110890095093	0.009354901741320074
-0.012190023915320721	0.004944959924987929	-0.0005135869724667902	0.03674833061535955	0.012685478698726906
0.0035795571805788233	0.05286315097068169	-0.0024442152214424195	0.009023780078157575	-0.001441138706337402
-0.001762643542604611	-0.003568369292451261	0.003836574406980219	0.007937713114267714	0.002196457583941693
-0.02471706013329807	0.009332549849966364	0.023349926662850764	0.030720620587189502	0.010933633987963692
-0.0013397235081381556	0.02805620463872493	-0.014622448587857858	0.013662234277398811	0.004861184208789109
0.001666504299135009	0.017209566532115975	-0.011575057262297173	0.01934634397579045	0.0021657624774718866
0.008161220448152148	-0.04007747925904812	0.049297307775090934	0.00827323598710733	0.005493878054461271
0.0012431294877559762	0.004376516498948031	0.003459878443692934	0.01824929204322097	0.021172986651206396
-0.003128871603589778	-0.015846266169532962	-0.00041087446596371757	-0.00431145440005562	0.042429793586053116
-0.017264874396028796	0.0034304441587875364	0.0017003601273853797	-0.0028518672933116477	0.020570271124916557
0.023579073001341978	0.02374874877979176	-0.00800268263014065	-0.02912211592340195	-0.005251534857220566
-0.0003942307108023319	-0.0212378294891049	-0.008150339356337882	-0.002905856290308869	-0.018569980847548885
0.02345479580686516	-0.008478898630235241	-0.03162350499011439	0.04201510173224458	0.024219756530474312
-0.004615247352863026	0.013162973802360884	-0.031238272131652513	-0.007952388198163064	-0.03649419559421702
-0.013596202967332443	-0.0016526607642254182	-0.008019131217556078	-0.025751383745941464	0.020550184668112093
0.06431547338218506	-0.012858278145117977	0.028617449128465044	-0.002474043955040215	-0.010768660447484322
0.02716138207960459	0.002621698261475465	-0.0012441185351756254	0.030076925470068475	-0.0002564667341819621
-0.014631273231593248	0.017297897100779416	0.01337224928010594	0.017473267776301607	0.016071418144508028
0.010035824255588605	0.006020065135878747	0.017328217840647572	-0.03850363985118722	0.020981388265651282
0.04401376206971968	-0.011836874805056883	0.00835803328731689	0.029066722807628655	0.015565190534826957
0.04473929824073841	-0.04835818156170504	-0.024365415777255095	-0.042483255501613054	0.00687134445378299
0.0038847294201183923	0.018964194972306413	-0.014630450738871214	-0.03522493233235042	0.012552088953598097
-0.019571122738440208	0.02498616393003609	0.0044040197509195205	-0.027251901405291604	0.014906763225022181
0.04095727003762977	-0.015337837502298253	-0.030030840059270925	0.028743374861265276	8.288069386054413e-05
0.024350296176282288	-0.0326440048780792	-0.045353386923303686	0.007130691748713879	0.019046984666059513
-0.003997135978689748	0.024200971315944866	-0.00815612275500606	-0.01810420041007319	0.013231687899094638
0.009147624857016846	-0.0004541572302654579	-0.0017215967003381474	-0.014413001391270898	-0.010662370335942303
-0.0022962082966481107	0.022984914578412716	0.004914292742475031	0.012958329835229002	-0.001162888311139233
0.002508597966075724	-0.007179432907791542	0.02327633460798812	0.00993020517658216	-0.030925521662630226
0.026263952981501568	0.010041107717948156	0.028652221795961413	0.014181921621663918	0.037976097937883604
-0.0064331675066312075	0.02065440883942228	-0.009356937128048354	0.03204497355240537	-0.0015306981392362515
0.05489691848403233	0.011282337159692736	-0.012371976858634778	0.01079076537465326	-0.013142120928126156
0.0184601517137313	-0.0030847683664705565	0.02849808140847903	-0.022556916652144005	-0.015784933978470098
0.01827433909558018	-0.017375879692969724	-0.021049477164680804	-0.03005948893435604	-0.0008545251511544588
-0.009767870965090119	-0.008234729300542382	-0.004859711597928691	0.0047045974242731405	0.007544686533098709
-0.0341364435856357	0.003574039865109395	0.009772374696822626	0.0033605692791108814	0.010329907329915997
-0.006459066494086134	-0.02536464879937472	0.026690432769502982	-0.03754674221813873	-0.0009333558328170656
0.009621191054541844	0.023700085363620636	0.009171310536229623	-0.006439182782745031	-0.011315722883702015
0.029731652407491337	-0.0011343532070985391	-0.005324872073278308	0.013745027349916455	0.022539763775275785
0.038892723413125246	-0.017370361599943835	0.02048388113984204	0.047040835815703466	-0.01628061179705047
0.006493712847225212	-0.005793842635825185	0.01966803698205896	-0.034418469823058725	-0.0197284586716533
-0.036246496018111495	0.0266732937781018	-0.03770010973383128	0.001435564810678045	0.009661499466092547
-0.002940438929911819	-0.004525235342758326	-0.03669805575125729	-0.012264371153194054	-0.04709293516311947
0.04165293795299107	-0.0164183823467787	-0.014147510893490815	0.014969365418398453	0.01980184450372258
0.015098217211680767	0.024831639475432137	0.03159546400124648	0.030834577339108032	0.0074505402650067235
-0.01675190957582197	-0.02201148891146898	-0.01883027770278618	0.019118555194213047	-0.01355729416867467
-0.017207538884820867	0.006070829281006487	0.011606068463902337	-0.04461509747953944	0.0036522929936184372
-0.015082784462955127	-0.038514950034276754	0.009138545278761576	-0.030023571733453852	-0.015276315074535474
0.01404434012293237	0.025100728311953962	0.0213929338512127	0.0010674318074746043	0.017905017597319307
0.005637887972820387	0.026578213134756442	0.007192535387603699	-0.003681080908285903	0.03668525430565885
-0.027013080839046827	-0.020264670528924188	0.02483949845458277	0.07300027578999013	-0.005709886093410092
-0.018174211611865474	-0.03151692652101942	0.0031264796483269058	0.014279567205428986	0.023162859321313192
-0.03602838622647828	0.013991876792843954	-0.009311422141858983	0.01383290951053347	0.006090784527348564
0.043111537004648835	0.017467218437597874	0.012010878940694823	-0.01465048186832286	0.012527869015039132
0.045839019594970914	0.022714890117715162	-0.013604900035957792	0.009379804700919179	0.0003819256321845512
0.01336520320944768	0.006215710608692138	-0.01273240699942483	0.007075183811578898	0.039601257308962336
0.015335562230743057	-0.005609370355482771	-0.02926145980894324	-0.0007385038966125647	-0.014522643898015457
0.006515746581918955	0.006598227721779868	0.01591495612266024	0.019839469518279324	-0.024475641165540154
0.0040702301895477935	0.0037456685505063347	-0.037285125076164126	0.016675409667953996	-0.020442908633886234
0.01365729743448455	-0.005996419330887499	0.02476515933986145	0.0028324684422998785	0.023617821504538613
0.04347345544414826	-0.005680815205705134	-0.026569304022407262	0.02306033049106391	0.03256095576875523
-0.0034805293356931248	-0.010451135981886725	0.019934429283506618	-0.00160968184973834	-0.015758664384787617
-0.013333942527258611	-0.014782735650995117	0.03106464153073115	0.0313033468647179	-0.014674385563602031
-0.003986748748031172	-0.027454845869567167	-0.04106103268873701	-0.008026909463298905	0.05702261022057288
0.011785717217442484	-0.02753236539457628	-0.012357681868216758	0.008684190531865593	0.024154759402625098
-0.021993772827064908	-0.013802719217090767	0.004944393907715137	0.016492090415777372	0.01629070939426772
0.039532852573487084	-0.0044642988106901845	-0.009447464851975637	0.03212205285645651	0.018561706019243195
0.003244401035841475	0.010837340615427671	-0.008935953328133949	0.01935764803401535	-0.00414323058356393
0.025308300377399656	-0.006218153026586126	0.009938152400772697	-0.03981722212197275	0.016358523656512587
-0.0039181873700058	0.03053180506058649	-0.002582491614473638	0.031128429772724467	0.02607890964628169
0.008305739203730313	0.01575246709695953	-0.014004291411511029	0.022235978752122833	0.0393926243672614
0.0199006652774342	0.04082825275480183	0.00679796578698046	-0.02630401943130295	-0.05213861414137076
-0.00015141154945248758	0.010727912487635959	-0.0034966159817330054	0.02662944968251085	0.037231113615200304
0.0021345162482861706	-0.02042932572533404	0.010073349568681951	0.011047101325086565	-0.009899536782130895
-0.009269204789513758	-0.026182881136446345	-0.0038441803080621483	0.03011887131526129	0.04887686982701047
0.0246112428749199	0.015134008033638277	0.0037086746407220088	0.025703598255584385	0.008014215587911445
-0.01744879921639883	0.008241120013500022	-0.025025766092213915	-0.013130174121649721	-0.002442303634387152
-0.005101357021084011