UV/VIS SPECTRUM FOR UNLOGGED COMPOUND
INITIAL_VALUE = 350 (nm)
FINAL_VALUE = 800 (nm)
INCREMENT = 0.1 (nm)
0.3757468534061737	0.3337802230926817	0.3156659405303103	0.34778892102516207	0.34243700402870264
0.29281830498991407	0.2782634903476453	0.3533243099624829	0.33716536427997845	0.3064043239415454
0.3180448150450971	0.316355284433097	0.31718315626285276	0.3218892723788031	0.2992008624106613
0.26882874944978885	0.2769884347181151	0.3139948834509856	0.3028926586517956	0.28327315070605535
0.2787184593091349	0.23921751223593665	0.24316488166339364	0.26486925511647574	0.25386442126881226
0.25385754760968504	0.2443149896068022	0.2080809828995316	0.24642048706418235	0.27139119580923304
0.2607828465452397	0.2335749232059119	0.2356656885918684	0.24729265201837713	0.24854966634238423
0.25555458875161136	0.2485712397508052	0.2494959693582054	0.21282888284921772	0.24044319052258348
0.2007942814371999	0.21235654999884507	0.1942160762417505	0.2596245909336401	0.20672340431735747
0.23802281039053014	0.20530699591884582	0.25409714500439357	0.18825880606609446	0.23180178313326744
0.19541707649222764	0.22091392961320994	0.20261300196780596	0.23004808647664401	0.1861654660100165
0.17440568246236246	0.19108134756314823	0.14744034308490536	0.17489454246897626	0.212146768175012
0.20474177818551503	0.17839945633643264	0.1963275541961983	0.1725730749715032	0.16051432233238
0.20264875947062372	0.13549444871323993	0.20869669463444393	0.21065884245938774	0.1942684696034592
0.16751122965232104	0.15584228109383882	0.15990202655401162	0.17715897773775494	0.1518746627947169
0.17267906386489612	0.14695022094117519	0.20045201543529828	0.15168468361624993	0.15157716904843582
0.1423097724838362	0.15583762200281823	0.20434066642164836	0.13280246150494363	0.15877489311845366
0.14997716422544372	0.19883769617538305	0.16300141962186956	0.18394803984038238	0.14317773028092934
0.15034586277191364	0.14197695896226456	0.17574877861344013	0.1339829959320815	0.1601608854034314
0.16380641609510743	0.1527871048324618	0.16268535396281256	0.15669335815081106	0.1407543797348051
0.14797441704653425	0.1294335833917141	0.1768047334578557	0.1581165241948887	0.14108738431238066
0.167068805184305	0.1348749842232408	0.12937571884785765	0.10558821019753364	0.16290323510669466
0.1148406792444865	0.136613155996461	0.12313079886373735	0.13917852667998767	0.14998358521453764
0.10230014082778977	0.12394379744438981	0.11191046533613623	0.15887654946734675	0.08470501329462016
0.12144373104710231	0.15052618190109965	0.08716163176876168	0.09135431239050393	0.13315717783925407
0.16116230851836078	0.12058146028371382	0.11357160321120283	0.10087822743916068	0.103975350720113
0.15808762873984616	0.14491081285526877	0.08673217565583141	0.1292241878822529	0.09847432853234359
0.10861350620309783	0.0906578846276598	0.0987871608408141	0.10827455353535281	0.11163679918710137
0.09907229993629102	0.12127019734042326	0.07946302629444824	0.11670309006421228	0.09252934569992603
0.09380419162761304	0.11126819205649592	0.11332561630646892	0.0926442127867539	0.045483533553797126
0.13156565934657496	0.09280527771301945	0.08226053761354787	0.07785556376044184	0.1074679508610454
0.13150192377751446	0.11638726926224141	0.1172395973612299	0.07236319975828585	0.11886151353723694
0.0906259035776969	0.11937138434765356	0.10392266931995389	0.12420637027301919	0.10613130393356655
0.10548688046697807	0.1096803184122553	0.12896213044087518	0.09918142139026366	0.07811464389187393
0.08217548599942422	0.08575329593179651	0.0958711473155857	0.0872876250129054	0.082471138444668
0.090591812750924	0.10159625212132586	0.1296224698892144	0.08133495139111727	0.10344678322179533
0.08395580764316043	0.09974883669379941	0.10380088229595635	0.10072397809913933	0.0764052838403299
0.05865381170033203	0.11440071730896853	0.10349018291843762	0.07496508144393596	0.07126128270158312
0.09535346484550355	0.07968019695276879	0.0831008453228816	0.0728979365935894	0.11217462834527858
0.06003982750070453	0.09150778717648961	0.08123203199974179	0.06638060838038773	0.10981317268148427
0.0764220023989163	0.11852176655986593	0.10152941360501802	0.0830104191064629	0.06892625623117182
0.12996292832186185	0.07446319051754004	0.07380956165714121	0.07162097803337325	0.09805009994133293
0.11743497458471217	0.06828883369351434	0.05355434177959634	0.07385579701473358	0.09315216303038071
0.10223079744843382	0.07927969466098149	0.07053640843183502	0.13389859883915456	0.0442332127405741
0.10149624902136072	0.09570844572474718	0.03501353736026178	0.0997366003114383	0.0855308548548763
0.10313166422235436	0.055310612369186545	0.04118787963436179	0.05399682107400775	0.07209506075036462
0.08806501458869359	0.10399235922386349	0.0720243133428976	0.09090021040167184	0.038210182755468176
0.056367271302226934	0.09204693412596766	0.04257888072590338	0.07676991768356908	0.0810620014255494
0.051216863053074546	0.07416903412801067	0.05142453839000435	0.062321725230808624	0.05619594546368816
0.05365699580179613	0.09195836690401488	0.07010153045835699	0.08064284350413822	0.053828106875011494
0.07323927824330224	0.09298475367850027	0.0571422468346564	0.062208170508826	0.09768870132140108
0.056802960701430164	0.06335630623890728	0.04511217828610254	0.07897962598830514	0.06202021503077993
0.08604662029424609	0.06989688032986305	0.07031769411106983	0.04630015154557918	0.11279951139656362
0.038632171189467976	0.04804943144610441	0.04684023998374062	0.04408303248767259	0.06959659190403605
0.06664205363809377	0.06301714586015889	0.06336050130186502	0.05185869145805347	0.04360018921681094
0.06974331971750812	0.08186829333668189	0.0779316845793826	0.07311409990017316	0.10230272861408775
0.0551866335416834	0.05141348727908998	0.027071380467273615	0.08220333440194846	0.05653369449047123
0.08068184562173002	0.047300875160007416	0.10638060394064654	0.08837890609165025	0.047871754046839625
0.06908257224359965	0.0927258564596937	0.12164233355419894	0.09942921839401597	0.08423532316376867
0.09022059953767869	0.039368533790782936	0.06250309813191401	0.0489493646568352	0.08653896819134395
0.051812200597196836	0.057578150657188805	0.07822409471220823	0.07989489646004119	0.04824677576637579
0.06758728669147467	0.1199863351823152	0.05971943155902751	0.06952317136909715	0.10621117298942923
0.06569815975400745	0.06875295024984512	0.04655810359362917	0.08670147185449925	0.11410983981956266
0.034991393473819216	0.04749399675707667	0.011392003924195156	0.07114068628780733	0.02065345871397641
0.08689826830885294	0.08113435234370447	0.07160574460424006	0.06459584858274058	0.014002203493830663
0.06482734712505908	0.052738848903396446	0.04695728039019768	0.13285264052574866	0.02709250927989433
0.015051223059373708	0.07883790730474163	0.06493002495193957	0.09905019613796806	0.0640757418925689
0.0878121310735862	0.07801096504924161	0.06109219286117097	0.06883727464174434	0.046637867114759826
0.04495999483624113	0.0718904128423843	0.06331775992663836	0.04179204543166915	0.08104744143613925
0.07188526039159508	0.07398907621588269	0.07404800176194364	0.0691060850543597	0.03685282496701457
0.05771514895216989	0.08115128030871026	0.02086927847857668	0.08541227367487064	0.03547102066456547
0.03109929698783819	0.049507719200657725	0.061987062973947904	0.09822783622035043	0.03055783822222579
0.051612731108273524	0.04694202138223273	0.08736295713256673	0.0664283534108901	0.051806702561625284
0.008694340737763293	0.09224050653431494	0.06628939914545452	0.06738078875246904	0.05146353662280136
0.05781839074998231	0.07420983191522132	0.03672110065408496	0.058637234878901066	0.049562313750462376
0.06472534677052606	0.02874927463275357	0.07468053117432752	0.043852974340019495	0.06928622610506999
0.019706922222516965	0.06167763853351153	0.04119284079582861	0.05088826431195644	0.034661385117127644
0.044403695855288236	0.01147863360504811	0.032915337647699175	0.045137259926315274	0.04321876413474564
0.05479844927517234	0.0906759018214922	0.0457238376115722	0.05172394031674447	0.07893827606454722
0.11004480228910318	0.04543152356093094	-0.005105557533898398	0.02246274012101679	0.031193557410457925
0.07482745923840986	0.046322048543534604	0.05070620635035752	0.05791834674906634	0.04947991253366578
0.10133475030024132	0.05021958337443089	0.0817151410989401	0.0537477309960451	0.03076664675690762
0.047597388477426665	0.03383284961472977	0.049244204754944336	0.09879399597769584	0.02471082743047382
0.04131294232098423	0.06332654519417885	0.0905668994560538	0.02958885656884619	0.056492172246989825
0.0699307515747501	0.03594610352369843	0.09104360834346713	0.04817156189384809	0.08138662126936042
0.05414741276225502	0.06806783939845089	0.05181421215997045	0.06168957367654987	0.05254081541518448
0.04851945628655047	0.044508084623796504	0.030925211787268328	0.08427768805129342	0.07897423476511173
0.073944500809303	0.051468046141645095	0.07734291669271928	0.051590849007371056	0.08167579334509989
0.05650029923051739	0.07553364615905481	0.06928210092561404	0.06699215291208584	0.032997835087230254
0.06566035475581862	0.05917301562076381	0.07575604987611047	0.03278613214561294	0.0488678572889902
0.08635691659583317	0.06163728659556718	-0.000710200595074274	0.05161415034314832	0.06756030727711515
0.04014201514900301	0.08408773181763954	0.0576451646054841	0.05334004960685412	0.034419724084722735
0.04668756286426138	0.059006085980680904	0.07545742998940642	0.10945296968720354	0.05248987583628397
0.030587821607514883	0.11897755999960814	0.051711637918374534	0.0524617780703832	0.07661942572683812
0.09610593783718027	0.03421091116712092	0.08793200353422347	0.05922639395534301	0.05530035990714075
0.07802993550589091	0.04684272167921378	0.04953204359958696	0.0535490657085692	0.03811079473112905
0.0629961588494638	0.07020845899954119	0.012331768575492563	0.035674795334875886	0.03375010406541962
0.047954979682430156	0.07357558398566053	0.057023350128364764	0.054785531570347296	0.06348927823033021
0.0858169198035418	0.09156440778284876	0.04574301882955056	0.08891676358198977	0.07088498680116577
0.06322187151747914	0.08776418418398124	0.04322735305291857	0.08508609353912364	0.055350650730943016
0.008050801269160043	0.07181832759932576	0.02174981544202892	0.09397837007537169	0.07437053911772132
0.07852722676034188	0.03308361207611574	0.09746733080948877	0.046282593181190775	0.04792331560552092
0.016880817695954967	0.02545148480918502	0.08143783172152957	0.04581539246209794	0.07459858161018286
0.06468639929048463	0.09284849274062523	0.08256363959073348	0.11318827318070719	0.046801120935214734
0.05814092271830249	0.026894642806642315	0.08385471028279726	0.08758230547902046	0.08151211625551932
0.04262843258321627	0.05604069031131646	0.052874067035836116	0.08727694560710884	0.02311159301809048
0.07025678210247602	0.05027462396594207	0.038903845991506654	0.05705994637781871	0.04979258579138617
0.05677237058144334	0.01892358911241101	0.01877358419053341	0.04858617694357054	0.07396228426120888
0.0500288425086961	0.09411411530545848	0.021399681846038427	0.05189658362900209	0.05399624286651909
0.05208779445387597	0.08205831231195128	0.061061144991251065	0.039160428829864674	0.03603747565246801
0.08212030217062379	0.1317299777528054	0.09765377720276444	0.05544769387843211	0.09508132893633134
0.02495721657667909	0.0366652915067742	0.07215898918884049	0.01681056795755921	0.07404151215082605
0.030648779993456825	0.05669244685453152	0.03335184991561989	-0.005444931223117035	0.05665844737079561
0.10175211403048148	0.05145405219327382	0.0323896439145294	0.04622669496935473	0.04815479061509629
0.0673625695210069	0.036144253006754695	0.0916063482592687	0.0477605891300327	0.07778657732950338
0.10093489930275473	0.06820779044397125	0.053076023751760425	0.07290795699797362	0.08045346402626169
0.0550835798701009	0.038633687141915674	0.051228440106218576	0.05790531169984962	0.05626030503721079
0.06650428913359238	0.05059726984724458	0.06331095991623739	0.07019883594928027	0.05646044839791308
0.015730601958639744	0.05934344803197712	0.049040828225536154	0.05102668521294384	0.06279177377822458
0.08462674286139094	0.057300244229390736	0.09895458202649061	0.09866511024361688	0.059588885977947675
0.05348406564502847	0.05559978402968951	0.041277082277428996	0.057936501071935376	0.02693196830666844
0.07666388234446475	0.02867033990285201	0.03381279187994735	0.053126362314126235	0.04757283854755036
0.05019098706119817	0.06363822083721495	0.06531742173625692	0.04818817741952976	0.028814178227164335
0.11905739931765386	0.0788181780421626	0.11549843695729509	0.06452635799881754	0.06015638016291583
0.08631180785577056	0.0333438581454292	0.06953086335720526	0.04801948031349455	0.1199800878606453
0.04915271523597729	0.04904247116900124	0.0572065119492829	0.07521371083983289	0.10655636513353786
0.10047175183411246	0.08389733482495418	0.06621115269320829	0.06496738932853821	0.027570943135893446
0.04701993669248327	0.06653366185206905	0.08943510916544933	0.0569441250364752	0.05399705057478898
0.0835524526676911	0.06107666059523638	0.06653103885781862	0.07484264109133787	0.06702826275102604
0.06207552676215363	0.06761264693140533	0.06921733566252003	0.058717025175996355	0.046553355391486015
0.03151961044916296	0.04188463149896706	0.09177002646556381	0.10707134283654224	0.06398301018632008
0.06601722305780067	0.0912760384988942	0.047563327498298204	0.08628537130535306	0.05731724525833566
0.061614133019493866	0.07364435599643551	0.08160614049844754	0.06507502359598347	0.05751594648942773
0.06077070125529244	0.07006117727402711	0.04782055607106369	0.03327500912866793	0.05426397753237715
0.0650781849774115	0.09692303463377158	0.0691360700146011	0.06586662720045203	0.08771142127523048
0.04436059766238108	0.10256486631602539	0.058634788363958	0.07021035556198388	0.07675620470259656
0.044048169359050614	0.1151758318912932	0.08136176633812939	0.04042521756092783	0.0701295506707079
-0.0012250955308975072	0.08106183164180272	0.03770918638910813	0.09289004578420015	0.08575509579617786
0.0353173469590361	0.06193558270870567	0.09755656605294967	0.07248583534845608	0.03687583840521631
0.0996363832719131	0.09411653779935149	0.05597639447432379	0.09216590088142794	0.09400652491969633
0.074564373128375	0.05640581490523895	0.10148924236784458	0.09053220090777908	0.07411911947448281
0.09107180135506174	0.05318357537261282	0.12383220829145819	0.059383460885408114	0.06216888644116229
0.08190402537100346	0.1009280584049935	0.10098472255798797	0.07027684777405868	0.086402500491225
0.06298379868363514	0.07832536455799834	0.06175269829342482	0.049555361682442275	0.08961138037582551
0.08044574735949227	0.08744278235903463	0.08053190382443351	0.07767518640915264	0.10809817035224376
0.07180571781209485	0.04808386847998474	0.0699047959907054	0.051004437129570576	0.06460777097852448
0.09892693870898689	0.10139999761602864	0.08502873046090871	0.07560806884726211	0.07365353503841172
0.08510423018525233	0.09059295562842874	0.10165397663506967	0.09947698904927159	0.09121359959053146
0.08414498434776747	0.06166451725135221	0.09515901873825021	0.06379272325952606	0.10009509150580695
0.08281333368706284	0.06817739124898056	0.10224600502756	0.09978220024451445	0.08465428089332291
0.06243466587195898	0.09046821629295926	0.08845810904539053	0.09175367764878217	0.0634196263929812
0.06501842459579545	0.09112075795420627	0.0901911182768162	0.06537659625824921	0.08010199626925663
0.081677243550779	0.0948766643085616	0.08538632287033401	0.11238759777865129	0.1107416956467548
0.08218839915621423	0.07733139569881049	0.07696310955092829	0.09942039916758995	0.10835880542363494
0.10245709594947915	0.12236301264688744	0.07358606391922841	0.11076021414752636	0.08890080791343723
0.09612828480791484	0.07100342175735862	0.11880019191034324	0.06516331503021841	0.09710203487286202
0.08168183421424126	0.09646119373636747	0.07785077237365255	0.0736913172830309	0.07000410832610424
0.10221325935695413	0.08188896083028162	0.08443238770213178	0.09650852282076182	0.09682215090046271
0.09419920993243862	0.09021122185257176	0.06728979268053542	0.09926558206022454	0.09178140256562455
0.07183301147348507	0.07994149127021145	0.08056053316553444	0.0993089177462912	0.10748437521543865
0.09935689568392421	0.14568176862492913	0.061806013621362225	0.07254086636966454	0.10204374287361472
0.08718386775091896	0.08739377080469063	0.09133894118142458	0.09268496857980013	0.06771988386400883
0.10972957228387721	0.11245942135363293	0.11697517046042996	0.10897791401747273	0.11555433043171043
0.09376143200088244	0.04779227190011954	0.1410553703819294	0.06750601373193224	0.07524935830041304
0.12076932832955357	0.09991026540611084	0.10264727045016935	0.10006566205143094	0.08223584280809812
0.11249637563441794	0.11189834076172175	0.09052865661052467	0.09962931931571002	0.07110921712498772
0.12476973385518206	0.09238153311541893	0.07204689553243276	0.10257339528089876	0.12208553321981594
0.12121858900332615	0.13028404550731013	0.10477019127342951	0.16419244746343484	0.12931838777114615
0.06876097357676322	0.12598642791467984	0.10823524654248198	0.109498871219912	0.1259746430220441
0.09772110066823687	0.13030590051464142	0.09029255077322541	0.10490688470892011	0.11194336903885803
0.09098542191305149	0.1170768577033636	0.11694632811523165	0.12500650763864782	0.15352574366606153
0.12616858216658744	0.14745900033746911	0.08303123146676583	0.085581095198087	0.10080300832680694
0.11747957131311114	0.10953938577779715	0.11702315262120569	0.10388118412565979	0.14634359005197223
0.1345107626891568	0.13357886419049814	0.12858209730920941	0.1146007333094053	0.09505054272796436
0.1189992177382251	0.13256098243225667	0.13480817269754994	0.10358207901479949	0.10519902391873097
0.15997980493684885	0.1636249162916362	0.12005402755626794	0.10002769164138138	0.131028573257078
0.12585868054399324	0.107770036628222	0.08923347864890116	0.1380277310219961	0.16790063167515504
0.14200171138072223	0.14159561526372264	0.13042402449451498	0.11170428592689487	0.13847141625923434
0.14640467625740353	0.12593336013657674	0.1378133345334657	0.13405304629497275	0.12592439699628574
0.13928359509500857	0.13300747114869074	0.1673623285129072	0.1287353179759274	0.11430232507294212
0.14921458831766696	0.1065649059737232	0.16913524210795616	0.13099874652113705	0.1517159635979715
0.14216650684886226	0.14756857713018387	0.13468866642690602	0.18377558341793224	0.11643980271244474
0.14991171801491274	0.1550194057502298	0.09915059604091259	0.14562038328887084	0.1282611036182145
0.1103092337628224	0.15544547627242244	0.1686842383279204	0.14858212380551433	0.17618083644972685
0.14915302362405353	0.1640230797838463	0.2022932290533722	0.1502085357869032	0.16399311759649599
0.18765191823886185	0.1683807892481673	0.1552471100186598	0.19660747437272783	0.16765837938822084
0.15768882805420986	0.1755346123946607	0.16263839185124296	0.15349218107644802	0.1535876479522703
0.16291023798958884	0.173378638442942	0.13135122122089268	0.15046600632099333	0.16620465768255302
0.14969557934310573	0.17041763207260546	0.1839525470609506	0.18641497135195903	0.19808543075696625
0.18294938933898616	0.19798905002444558	0.22132126007173977	0.19620428318058356	0.18024049401581355
0.1649553705631068	0.14945076203432295	0.18227704075271484	0.17961387139005788	0.13339957811304426
0.1845307726843506	0.20567159493602508	0.1763455702186138	0.18213725471206707	0.20419886009061597
0.19934846752635768	0.19189494680340305	0.18243022396137848	0.18029647678214897	0.1874437115103536
0.22675061647951425	0.20278642316337347	0.21898208555598284	0.16526302274261548	0.19608946413174894
0.17987632712034124	0.17440872573151983	0.19531632188788015	0.20507605190033776	0.21236577788529806
0.20631242377871087	0.2162085198009545	0.21927329523575115	0.1783513121553314	0.1984003824784515
0.20320178591461033	0.16902375084756957	0.19985521383108115	0.16803512203763926	0.21873072923803294
0.24556658273599796	0.21578081365864502	0.23018217776022482	0.1882538367247643	0.20079338377743589
0.25259205865482826	0.2090214301217067	0.17455614181922458	0.2275846807775713	0.18834905050249684
0.18690768583707393	0.21187895066834536	0.20612460005288322	0.19519190280001336	0.21846527571951907
0.2180876688227674	0.2803589470241966	0.25864262726353743	0.24236426309148093	0.22305950946249564
0.22256785236115054	0.24486221526469548	0.19843793368468812	0.23211247137715238	0.27367886971180927
0.2565798613157917	0.23919078228485874	0.25514415187523537	0.26963913861761557	0.2462210482870675
0.24077232002587654	0.2527109705647743	0.2332063509363822	0.27425204024842537	0.2448737559781072
0.2559759416892152	0.29048871862884773	0.2884111816248078	0.26029313709313984	0.2813550359969995
0.2717775709012539	0.29897036393579546	0.24593814213746895	0.3164749890288578	0.2681545899764836
0.27733012458555484	0.27438915315411677	0.29215071954174887	0.26696482134718713	0.29437131205663447
0.2620884441124875	0.27714253187941695	0.29041818044314616	0.3040762942297771	0.31753926740830457
0.2946491909274146	0.2740781859332327	0.34174535557188956	0.3078144141486488	0.2644250874369505
0.33725931725120123	0.35379541030810674	0.3426935865264023	0.3603603047831364	0.3060710033566033
0.3235330481839656	0.33321123973548766	0.30534323892688914	0.35207547082719637	0.322149099658603
0.332166872818525	0.3348326619333815	0.33805097722317634	0.3289971063144431	0.3124647331656547
0.35905008342269834	0.3359239531550388	0.3536108717873262	0.38013911221965035	0.30867066584829383
0.34847275227901847	0.3373752562313935	0.3913456660080928	0.33714601797441424	0.37317360853195164
0.38754462772007686	0.39421702461622155	0.3904678531883675	0.38701516585553064	0.3889906752018115
0.3835528437409757	0.3670462324451168	0.4240822147500162	0.4056088575053826	0.41649565553461965
0.41433661733550936	0.37996839732964455	0.45000247674807153	0.44072081525566953	0.39631888106027374
0.4009281262838014	0.3978870677224281	0.4310409104401385	0.42238668985772115	0.45078437983911684
0.42309807811800065	0.4367351699587421	0.4446297426678542	0.42420653426819965	0.47237881470556436
0.4564281999873902	0.4866404785613882	0.4721076276573401	0.475551870689319	0.46796174295703874
0.47607119756619476	0.4723018430838934	0.4889459122445994	0.5304291748243763	0.45665403036980706
0.5352027405893223	0.511620822401238	0.5050550757700076	0.5262030805521808	0.5161041758907569
0.5372236318115113	0.481671027652378	0.4905279197816918	0.5391146359264679	0.5670618870507643
0.5389450079099742	0.5943793043031148	0.5502105684074373	0.5546969337443612	0.571295827243403
0.6220698909626959	0.598746906977843	0.5868929832025546	0.6089678915827943	0.5944076403358718
0.5894122957775721	0.5939226935555699	0.6615881231991114	0.6374262712193216	0.6467359107011481
0.610716815478743	0.6274629978588512	0.6503714013432531	0.6565932184475766	0.6626406815677537
0.6601289822442606	0.7172088934806253	0.68034306817913	0.6586746601164568	0.6538292251713164
0.7146744952938949	0.6693474643514621	0.6825900631664172	0.7264476442355435	0.7143267689853471
0.6791607346843932	0.7045920516695711	0.7590405827602026	0.7583753459876164	0.7521155874203201
0.7648094599097113	0.7752509580842113	0.7771839032204143	0.7933971795497168	0.8044003615920703
0.8088537352484378	0.8402542959842555	0.8230710981310304	0.8477498677599626	0.8495063483847413
0.8421925379739709	0.8320274745898372	0.8372717349505837	0.8548576961286488	0.896967923162943
0.9044419136858746	0.9132593891486712	0.8695228154954352	0.9268007945267727	0.9193314344152493
0.999219315088331	0.976868258988625	0.936696354237453	1.0047357153459295	0.9860786961731687
1.0311014537489573	1.0406299872092908	1.0303434706574683	1.0238853495871667	1.0451845196249727
1.0626506596913534	1.053103424550485	1.1309435325117825	1.1204177853974153	1.0741340190818045
1.1291672477798524	1.1236224687354317	1.0933497123092475	1.1456004138816895	1.1319805192474022
1.1673753319800622	1.1978387780819832	1.206511335897785	1.1959015394225936	1.2134200444248615
1.2166197755373755	1.2497294627952418	1.3157613063186013	1.2715546216063378	1.3250066680176253
1.2965406588790342	1.310876899192266	1.3593655171145294	1.34568897515691	1.3841646836454902
1.368051162018398	1.396419314088296	1.3924175120762177	1.4168773413290443	1.456565957267482
1.4457604132836863	1.4570261596531984	1.4421227963765986	1.519837383437422	1.514347971582642
1.5110547728820911	1.54682623823962	1.5801435609874857	1.6148884548480456	1.5697599142999807
1.64698395155631	1.6652132295532096	1.61723620112035	1.6499526097828823	1.6887448766723467
1.7148660336410584	1.728784867389527	1.7381764217959421	1.7185649468233584	1.7149477182920057
1.800903126846241	1.7998579170439217	1.837297157603477	1.8367377977249333	1.8933215266542032
1.8728045630032033	1.8912794135542288	1.8996465481208258	1.9492010206139245	1.9448869314625363
1.9381551099499161	1.9437102841206952	1.9950512562473026	2.0154887235871266	2.063663896001039
2.00415068141161	2.0416611583634867	2.077318465475041	2.073542417204407	2.1238087075885033
2.1231886176338026	2.167552728728949	2.160542217465732	2.131298920878442	2.1988396616082335
2.2174074388129816	2.1972747287504295	2.242870518311859	2.212422335280778	2.2218180101122535
2.2870667799677014	2.268018098182823	2.2672361064253206	2.3108953002947876	2.2923234227940674
2.311783811076537	2.3448510441612136	2.317908962087228	2.3537991634414954	2.2709881276665165
2.3376490915595145	2.3359400899387714	2.3234204873841735	2.3645455311512964	2.3304041367802304
2.3423495820064844	2.387603502056279	2.361862214528134	2.3358619968871923	2.341590688118434
2.3537297977933007	2.382065234068994	2.375118947507016	2.417331923702636	2.3751511549698345
2.370160086243793	2.354125299085104	2.3444590294597916	2.3467672802920907	2.3570438721846183
2.3477250678368153	2.3729748589286617	2.3422576489053357	2.3670247907467736	2.3417007485729853
2.3338663380904228	2.31088215153011	2.3217239911598284	2.3481922046584724	2.2702166977701146
2.3077391666299616	2.3092581917327686	2.2559648683945244	2.255111598729501	2.212593641548421
2.2292222050313235	2.206373677364183	2.222546399347336	2.20018898639682	2.2068620106589045
2.166661927551195	2.2041977514621385	2.1603586129301933	2.1454988540684274	2.075690996073369
2.0859100451258175	2.0819410830714906	2.0950706142369393	2.0785396654181207	2.039591307720606
2.0495706707254087	1.989595885167445	1.9984230771149225	1.942979829475828	1.9901416494387212
1.9849371565053495	1.9022377725412913	1.9154591784862023	1.8759593971012667	1.888760250694039
1.910015493499256	1.8308567447289863	1.8188352032365862	1.7893670064861984	1.8010271114313894
1.7436763353397298	1.757412191383981	1.7138255298891576	1.7133842472890073	1.6876328104759197
1.665829438588744	1.6511494188325635	1.68185663686383	1.656587000557807	1.6217817110420332
1.6220509991817735	1.586760957527362	1.603244119266105	1.5423164659932411	1.5431031494810936
1.5259599469094904	1.4853013137591293	1.4835881201165784	1.453741599888671	1.4258885917467308
1.4440475130003694	1.4459054429345328	1.4306237998082287	1.4216143536447252	1.3718772155766619
1.3886160490290294	1.3595102203341727	1.3985864705176994	1.3179803532704941	1.3056944613675556
1.3050168766422816	1.314783035621716	1.2439231698221802	1.2338178037797347	1.237255247447302
1.2664172236171076	1.2147175390534846	1.2014676398333604	1.159690686430349	1.1330050389240902
1.1255936222994376	1.1455384759108487	1.147549760567738	1.1015330937705863	1.1570759762637612
1.0846517409176453	1.089663087874156	1.1201803504860657	1.0631685109789937	1.0510507952624228
1.0696665890774637	1.0364049142010214	1.0091568832494058	1.032894628704919	1.0025531604465001
0.9213634670595331	1.027429948801694	1.0197989021894571	0.9456152742686763	0.9228349359718259
0.9370951026257243	0.9077239367668536	0.9143633707644616	0.9032209067087689	0.9044701158958125
0.9008995268721318	0.8667781398670429	0.8586895718068919	0.829924000288061	0.8477100808537774
0.7826036453393465	0.8191329987105864	0.837021666022446	0.8297521182977013	0.8087288902048981
0.7931424531821308	0.7472629659293514	0.760637557840924	0.7979471390105523	0.7943966817025242
0.742493143461521	0.7469523077428342	0.7385930857937947	0.7340558133563835	0.729236343543488
0.7025128421042621	0.7468240199685436	0.771994895562704	0.7206556594732474	0.6747150301327006
0.7136043013050049	0.673691807842556	0.6458810539277525	0.7085469308763928	0.6584626483141028
0.6788343367901123	0.6982354646929537	0.6806656680282672	0.6838536393757263	0.664379131899145
0.6491330116147516	0.5945358611288032	0.6220513339731656	0.6135156155918821	0.6139617782714082
0.5770361170921658	0.5696335688969135	0.6043274580013253	0.5541919853412695	0.5968039503321817
0.5057751882872753	0.5715436814023453	0.5467706738889144	0.5515278037115151	0.5435626452774861
0.5657747170036832	0.5822563422596585	0.5175475521647109	0.546171690273683	0.5340881892554431
0.5241146212085633	0.49622100628657473	0.4979925204965926	0.5052678523637242	0.5020670635010694
0.49469867621762526	0.4842055189209999	0.4817393556379313	0.45134078352753465	0.4877111342209489
0.4855440678539268	0.48528136312367703	0.480344994992846	0.4795385613792095	0.4637413930495375
0.4441287172881517	0.4398177156934079	0.43049248450441563	0.4429492682661262	0.44703972554218635
0.4246914807257636	0.4176864860008119	0.4461284245032733	0.4319768923318677	0.43387845144797543
0.4277687640783412	0.45093066416140903	0.421595698586371	0.4309007131877105	0.4014337790880794
0.4055118295461764	0.3866173762965234	0.4054866134595228	0.41685045912495633	0.387029720447234
0.37944148916235027	0.3998014719222738	0.36193552750370067	0.37828519144642836	0.3433741646437362
0.3685179185071681	0.3616872077611713	0.38898783671309883	0.35098809431845884	0.3734764192960483
0.3961398749003345	0.3791753367121502	0.3504583287635319	0.3220081854085003	0.3338583108760008
0.31565315865679855	0.29836875603844265	0.32706604672696177	0.31527174091265053	0.37602838358902196
0.349475131263087	0.29459107884559144	0.32687690669422803	0.31810924966545384	0.3292689199131874
0.3068523768768506	0.3609888922664045	0.29301353638220373	0.2934081888143584	0.3230734550249354
0.2839686545877148	0.2981787811345973	0.3240915825081559	0.30118004162954265	0.2893080168655286
0.26406003703728975	0.3408574788533801	0.27376954675071036	0.28452151891660166	0.30386536786949114
0.33587723685635357	0.2822094282391498	0.3047370215201617	0.26973712317765514	0.23506853907394204
0.27877982351074065	0.2870713256053946	0.29138948478039844	0.27245168254383045	0.26225392571118755
0.24172231875190206	0.23044461186180198	0.29863425147471706	0.21815488899420143	0.22441753061382638
0.239666811975762	0.24696497128750702	0.24068126434750078	0.20380309681421765	0.27088422842765786
0.2504167114574961	0.27477667393376853	0.25842982371627804	0.2497821096721822	0.26432391975154945
0.23065215733379274	0.2575483616129079	0.24391861313897664	0.21068321681688212	0.22942894972659472
0.22257874564493899	0.25107088965063584	0.27033055195999517	0.20317721516310439	0.24498671737307673
0.22174752352778496	0.21932378485976392	0.23077190180376983	0.209393020957195	0.22180297736118132
0.21219460818594937	0.2403992818527221	0.1809130428110628	0.1791185748858185	0.2542747576352269
0.22261808272655378	0.2285362806999078	0.2267403812072392	0.18113643209930014	0.19832247701389283
0.19236227102106024	0.21111139185798014	0.1921222855849348	0.20757126011397217	0.19922858247232192
0.18526179444644256	0.17422199816389844	0.1838695678814642	0.1936483750193402	0.21653413712110653
0.21292740724657785	0.2266616328743512	0.15554977692661243	0.14522935810863702	0.2004904829345125
0.18171498703390235	0.19783614464452026	0.20582924977196343	0.13753142872906485	0.2108691823386962
0.16098494571984853	0.1827788433464267	0.18445888669072524	0.18315836877378147	0.1583719133660623
0.1779822494100993	0.16544827554942848	0.186383631311629	0.1705160697119387	0.13636189028172105
0.1773232584280274	0.16357898842997068	0.20746698525064763	0.18427871175116306	0.1786857274136571
0.16376036624653065	0.18592655534824398	0.16454914951887564	0.1575503483702055	0.11963769438755303
0.16105393068397647	0.17165492912326324	0.1850536745435657	0.21678743287176952	0.14734956146406092
0.22020082657304454	0.1407249611811812	0.12539444966946878	0.1870749532367117	0.14417272975003284
0.1319416678865955	0.12286537012510622	0.13778245944572565	0.12453641978673356	0.1520476854890912
0.19163833079402784	0.15514523702373978	0.1785958722941947	0.09848215368050342	0.11761168249862465
0.1395984210277078	0.16904881106103795	0.16408709457765028	0.17472362783704729	0.1542019183211782
0.15473878405556835	0.15966488302186804	0.15668371750758955	0.13982053098162783	0.11887674068626115
0.16727352852469482	0.15371956187921126	0.08691367624426925	0.12055098494314682	0.12558172898586792
0.10395341169655105	0.1476874897084253	0.14783178020208323	0.10560982272564833	0.13628891495763207
0.14669307190647038	0.15462157592672496	0.14087313753875144	0.12097130568425225	0.13045164931446157
0.12098861472815468	0.1082198002419812	0.14410713450841459	0.15728633738381154	0.09773430427155709
0.13708976972642295	0.10261750622686965	0.09778158458024706	0.13353045685072018	0.09807742582935318
0.14408614463131858	0.11078111270577232	0.17205591026770334	0.134782593040155	0.17264600356320894
0.10657194872721666	0.12047951484875738	0.10544983125183652	0.13631276502192197	0.11187101067883583
0.1112934520465599	0.11791286808194698	0.13829957410948734	0.12374938461125631	0.1092529079038669
0.10659895129816224	0.10547261641859607	0.07463527824131536	0.12068972841160794	0.09145002426369497
0.09039276872756401	0.10584671147589597	0.12807294772831104	0.11796897956044669	0.11863204725377666
0.08976628054695784	0.14175770048756856	0.12631870118720542	0.09797984772266108	0.10524173497290988
0.11174411825742794	0.09958325795382574	0.12972665000615352	0.12404122233614978	0.08347482751617277
0.09413071742581122	0.10717024873901972	0.1322424640337267	0.09787344581541263	0.09517399672018897
0.09352621201870562	0.0686538423091286	0.10173929882945269	0.08705563230937724	0.09586179923743697
0.10241299044636441	0.10318322115619864	0.153413130712359	0.13223164518555997	0.07889975616889514
0.12055427611380343	0.06742021067348805	0.08537684174063462	0.08391167499230422	0.1322861606668733
0.0682473299799215	0.09897364462087235	0.09065231674334928	0.07413515389960446	0.09010868008288904
0.051034556177442084	0.09033584799902569	0.14386751604520853	0.10322344059380013	0.11072395241668885
0.12851200801897358	0.08716573090443434	0.06832996741566195	0.08806960987181955	0.08141945100600169
0.09584677362904431	0.07886165017311444	0.08383564567146408	0.06183037842693584	0.08777589540972577
0.06769929862897672	0.08035182558998855	0.1050271466038782	0.09611600101994412	0.07397106329237031
0.10926437502580637	0.12298902800843603	0.09141636730046687	0.10158574388882212	0.08392066259606755
0.07873737280811033	0.10719108417004419	0.08366297733524318	0.08849960575584957	0.09283509183197995
0.06020667778259864	0.07219685187240321	0.09366683587413933	0.09175838076426804	0.09947515099697556
0.07769281483413437	0.11251134255227487	0.11507667133056469	0.03179372985067397	0.07674939958373395
0.09889051537304214	0.06806718796853642	0.06902049040717669	0.0679791029834265	0.082747962180017
0.10318265375473307	0.10388266925469558	0.09777351918974454	0.059392739007888426	0.065186136177915
0.0593614108080067	0.102194076818422	0.07076363788477268	0.04562990382512801	0.07970816003408038
0.08087016389025155	0.10401885863663357	0.0840003243926826	0.11793931711321201	0.06830681874866193
0.07367894205201359	0.057459863803315823	0.06281836172937859	0.07557133832402838	0.08412646418157957
0.07323264267665217	0.0544773540966735	0.043906264791523264	0.06603867464667114	0.06580395757824922
0.0888564035027536	0.06199411672047034	0.09177570207883126	0.039616026979100945	0.08377220183109974
0.07633602116281944	0.06486452695353404	0.04025403445038536	0.09533833253500373	0.10628569742460348
0.07192784548509526	0.08062100572937575	0.08695023702074654	0.01343901678697557	0.05624568778516118
0.06953995498313029	0.11871996462413008	0.10289865885899149	0.04989279655782178	0.08441094338074794
0.1102636362848189	0.07161295854026543	0.08121023387106753	0.08380101423303181	0.09653838536656735
0.0514945154289813	0.0606831468642634	0.059399763501696526	0.10215391574909556	0.09552227403234516
0.022055311632941593	0.06881628157007	0.10451852740123424	0.014414115252465462	0.09140836010422415
0.06693632064985451	0.06471978279303932	0.05795571811159085	0.08084261461908414	0.07682943015116654
0.039864352500009366	0.09350960755404145	0.04281662993829325	0.02928750394821204	0.06904199222386945
0.08730719173447135	0.05893240128940904	0.07053519984344225	0.048404780404639025	0.07023477107051632
0.08041339430131188	0.04826364817783157	0.07760026965973223	0.08651312006186122	0.06554369282079256
0.07058246378047497	0.06544896725074244	0.09452360679265605	0.042520526273974395	0.047725085761575296
0.07162172884158287	0.0808597154051731	0.057110644684274375	0.07550881279965656	0.03691455480460452
0.063635262316449	0.046497494127004727	0.07374421307415334	0.046134947344977015	0.042102015430855934
0.03764280200040558	0.04585913276573642	0.05918981213571258	0.0783096486153525	0.04509768797457509
0.04422692398698893	0.06972660126324397	0.10017006605105015	0.05066634263437065	0.036299107206158816
0.03678585146882446	0.08892494736038456	0.06882062712565946	0.05105584283049216	0.06243523392918321
0.04623983582357644	0.02790736532144382	0.06331255135465222	0.039144079139041534	0.024392498143536133
0.045514711753121447	0.0731572645798109	0.04014043270556257	0.10823815170615267	0.07633659116795749
0.018622429814486453	0.06291437185530202	0.028446134246073902	0.04547807028452014	0.0737749758188915
0.015681377660690967	0.027050621999376037	0.03234383717747679	0.0467496866101543	0.04486995991382872
0.06266594798896367	0.03655939804117528	0.066552798320695	0.08824866895684438	0.06596559738171753
0.048057199709592935	0.0402157039543549	0.022276053071551775	0.03869767642717425	0.016258130643954594
0.07027898761693366	0.0386522889820378	0.008392921543434014	0.03432323966996133	0.03438110465260427
0.018107972904049037	-0.0015961866217554235	0.013617325900822784	0.03441533551282509	0.06431503833398255
0.049398837954946415	0.05731535759123449	0.0026629721270904675	0.043970364815590864	0.04427901241577741
0.038227204922471926	0.05954973689894945	0.06181481451764802	0.049112476794895464	0.06539948752264835
0.03943465564233815	0.05535444947429802	0.052628519588882	0.044442315346076164	0.05867055156996631
0.03805465383942281	0.05224404266706881	0.027614179189047842	0.058626606724075415	0.05100314863962932
0.035773493061560704	0.049637116656990096	0.04806319147773103	0.01748179110734322	0.0008287830971330529
0.051876301910207374	0.023473887477299078	0.0528453291649868	0.015083371681409944	0.03288567888502067
0.035209411842807514	0.03712163900361919	0.08084786787209398	0.007848043556353101	0.054754428875646834
0.05441235234965783	0.07413093144229609	0.06585637115287055	0.06717550907482218	0.03821218297095682
0.039826407517752974	0.04212454552521076	0.010086282824022963	0.045423647451614146	0.04635860308177592
0.005128985888286917	0.06311665635930022	0.004509097606059078	0.05392118508638028	0.04201463442118878
0.036897885900295906	0.05325508155212015	0.030842412129151738	0.05355180267991015	0.03220818729185579
0.04484736346956073	0.03121739774738101	0.03384947956543949	0.042316934875145006	0.02236547807876366
0.07546006959932744	0.04385647750133909	0.04298044821042876	0.04877014549063857	0.046101162564708635
0.0898680755730796	0.02559228218538903	0.029007376173888363	0.03169322111494829	-0.00652197051908775
0.040674611684099374	0.06035092194203219	0.04933024738543183	0.00010142528726591032	0.048832742544244113
0.02648616008418577	0.029625712154544594	0.045605421850538494	-0.0014516622612221024	0.06820139238597415
0.04498622425891781	0.013023174848320032	0.020239125924953524	0.04258131419780478	0.04187021291383136
0.026346498458680388	0.06518344741148165	0.06583705025291552	0.01229423325383687	0.05833965608486257
0.05045871226061234	0.06977532250378936	0.04849499468160762	-0.0019772812810051853	0.04267255797186571
0.03177081557551293	0.05177435603700887	0.018042417538280092	0.021492205454722184	0.049098600974782206
0.034047026905573194	0.0622925384533885	0.04140283615992178	0.0325813634694739	0.04799261588846224
0.03683431606074167	0.04832738043743799	0.09666362219631841	0.015472146099840711	0.05225018570192093
0.053109268053434334	0.055058401963345945	0.07718133942357411	0.0880118254184628	0.10958213646997243
0.00839609086796315	0.013017375385936187	0.04392450730446864	0.023119878547049763	0.024470436193621777
0.04246293665585958	0.055700448594745315	0.017239423518047962	0.04901216635428942	0.03181808017819913
0.045206163322289154	0.02511578616455723	0.015660084373200368	0.01129667553959798	0.00103479822469078
0.01750016668296063	0.013745783104121865	0.05039799011846961	0.05306150936543725	0.04407180075139217
0.05169715834777393	0.07011482222238087	0.038852962719834024	0.012454269276707144	0.02486762445536657
0.01910441057333199	0.024695843516705698	0.04477513241133186	0.013577136165399472	0.015644040921918522
0.028118473220441496	0.07473449561506154	0.03709809327716301	0.042082902075219336	0.02010838438783117
0.0600288262107459	0.044552831439748544	0.03966545204048949	0.06843399136875124	0.04185963782937705
0.041399055425633394	0.0335575696925944	0.05182606751241506	0.004942401075663156	0.004257475608072461
0.01920373630041276	0.06132092379425533	0.0366148290789992	0.02784323648729232	0.06510213625246014
0.07636652378875855	-0.026456184854787825	0.03157879425574529	0.028128461896159047	0.021350391111373372
0.03036138517266866	0.050091270594830276	0.039322509895700096	0.026081401703253015	0.009562690766783193
0.030514596314244725	0.006829341799562138	0.0426984921003844	-0.028460730534000653	0.027967366244428873
0.04841609987214025	0.015057998116327801	0.011879504244786666	0.015479077862767903	0.0007072898529400743
0.04006902407975786	0.040585237646468895	0.03275260809373903	0.0493819189000934	0.02533349743142408
0.028212599572863088	0.047697302723934756	0.025620249375175697	0.04121735704562008	0.014121394449759439
0.015154339022626074	0.08832964665540632	0.058484177693892865	0.04727848451050836	0.012119637672892406
0.05714573964258254	0.01866950647871117	0.027931856465692666	0.009595605947459819	0.04978769949261493
0.06829271849818007	0.0017670365842824024	0.005714643122227306	0.036341044116409545	0.03163306293470733
0.05606601394229214	-0.005321767871501578	0.0003488881617814965	0.0655221170799764	0.03940658025213725
-0.007418523036969223	0.02262235757521582	0.02556714349322578	0.013945137662816007	0.029717017146675465
0.06810555394494908	0.0036954016917308086	0.045083822363020484	0.003542444973798433	0.05251028311282172
-0.00048618352730289433	0.048560306338588835	0.04802201729193363	-0.008072147881329515	0.02009043657335842
0.04282636870073955	0.005001144928758798	0.04106210557716331	0.020686017372721164	0.05407504598476909
-0.0025042627987651046	0.017186336004935958	0.0370839623264383	-0.003719755760102632	0.0444215230369404
0.01545214128499195	0.03180335076246215	0.035460938490170554	0.02101532143663359	0.0038327095515252084
-0.008401742314426997	0.018265468951419304	0.018695501619927113	0.026997950511877745	0.027159726073447594
0.04241538703881652	0.0440599483419009	0.04745069874278541	0.05957561263812608	0.022381285578197303
0.021932825317724478	0.032909396645865126	0.049564724581476705	0.037196346936734154	-0.00044706227643688187
0.007688654699846405	0.05150432011018457	0.001817692316557993	0.018346526792875077	0.019982687922037893
0.04066651793502609	0.05137188792441026	0.05292885489919706	-0.004669155455865979	0.014666426426114869
0.02510602375965415	0.03665294169312218	-0.007198174816502854	0.05620882328581141	0.033496717294634035
0.014022376798560336	0.044421811314458784	0.010076149683658378	0.03813888179795369	0.03102320412589381
0.024155898426214524	-0.0010161596044424282	0.02161040095071627	-0.004494372615721116	0.03857300340826701
0.056265124904756256	0.0197954149755167	0.03988672838690716	0.06162663389504349	0.04188562656562561
-0.009765335433615546	0.017480762696618475	0.04681819390160371	0.015864839622296095	0.035263389507783405
0.03083852321575361	0.05824245998977647	0.021748716241867173	0.029304524996202244	0.055624186702258924
0.001546691348370217	0.006862915748361256	0.010516200244293407	0.027310844213641418	0.021006146440905343
0.013224759373771825	0.04922072042501623	0.015360348086085815	-0.005090313126643254	-0.0034344546985486044
0.049616155490907456	-0.0052850107899507105	0.07204516332429126	0.047390299056601026	0.0398230194504657
0.02480835159935484	0.009141274833021929	0.025184395853511447	0.05525013200149213	0.01788460471133781
0.058692963708823445	0.005322868008385001	0.03445529367326795	0.043075093358095146	0.02196380945559613
0.04087429012654027	0.0241649550972522	0.010645023807568564	0.0293854462098473	0.02093874323073582
0.00505815321434009	-0.00798510564267292	0.025990350520826357	0.04380717504827972	-0.013860907114468121
0.01398082293239199	0.06833882572768327	0.019931861782744604	-0.00569790658885266	0.06036000568876802
0.015944623612476005	-0.016794530745831482	0.017972786121294434	0.013181017664250698	0.013897952476476037
-0.002737486476095464	0.03103309178419303	0.03715198305974427	0.021831541569468427	0.01918019314016777
0.030805160248539406	-0.014369183976893816	0.00017224121904155752	0.018533210735965148	0.04680327993683626
0.026254307151673335	0.03230330572604158	-0.006045347745120333	0.010588893270068367	0.06306089767029728
-0.0010332007982153382	0.01805094399810281	-0.00015288305299156202	0.038260644122238306	0.0004986533653023612
0.024471513685407356	0.050169979582145224	0.002190444270018871	0.016465180620378335	0.03245114214812759
-0.009887393317608913	-0.015561127850798407	0.031131025095176193	-0.014698928966740262	0.015552275344287617
-0.005266777102120358	0.008224725677095326	0.0390836760428611	0.02048792587918003	0.033975150046600636
0.04607997880855292	0.036783567548572746	-0.004862121172619821	0.00910448834896512	0.010805334046544893
0.016228835501478803	0.01406282163032617	0.03346842854337035	0.028562390901992186	0.011826200219591273
0.039899697753622704	0.010446880456228233	0.006303611340946896	0.002614197384701265	-0.007610988416835567
0.025848294498169614	0.026470689654433267	0.02187514018181469	0.02059744648159837	-0.02278493776493035
0.018355428079810686	0.004128873291357032	0.04431168172724887	0.00296606025878853	0.01078161462028836
0.034861603145691485	0.009315003961367712	0.020083484349238304	0.0391684932544184	0.062258252110369804
0.028409356361047116	0.004861340466888875	-0.0016024784519858767	0.02482277936716063	0.032096852827121616
0.04041924997242474	0.009954737883473496	0.004719501490970881	0.016467470407942365	0.041303978699962406
0.01233739941630756	-0.02716280643532366	0.055274036698454036	0.012118724427571507	0.04232426451496917
0.04080597830169183	-0.02344878940713971	0.03676578026659363	0.014580883224413468	0.013704425641968603
0.024885009760821863	0.024323119209278637	-0.013595803951734521	0.03316233593211688	0.03578421876640642
0.018881557807039935	0.021195799543321046	-0.001978683553335544	0.012769321251379032	0.010890825605851261
0.0438479151060359	0.027318969069215118	0.009548526904631122	0.006467307973946592	0.02656648294397622
0.021176362709435476	-0.000988888101827715	0.011789096489994955	0.039625720007553177	0.04561968222402024
0.04308921345411588	0.04485815749693265	0.005648565462096517	-0.008186517195839496	-0.00756452636547128
0.012240941181108309	0.04781936198919949	0.052935793996599464	0.00495879973714165	0.0184350312509795
0.016268099915778246	0.0019189994851973348	0.020467808588163362	-0.008537389035651056	0.048190903405935175
0.021707755562999108	0.018777548398634065	0.008413894973831219	0.022616933186657626	0.0001912949062082142
0.01123300550715392	0.046052307522693584	0.032621426470463274	-0.007095898425690958	0.01245746969024904
0.011858230247643976	0.006542289323967905	0.023177634512867484	0.0216702082478781	0.004029524460445582
0.023109420316272933	-0.0036024328444029044	0.02058797513641083	0.03573551606271711	-0.031202558902671297
0.038349430146019485	0.02776337636290354	0.03498743058560111	0.005855354235434236	0.0033066740859653467
0.013819613636493562	0.03683123185197233	0.02056028376694539	0.047317756732699966	0.02581410714749873
0.011057537399463397	0.051568375794049444	0.004303343264628177	0.01959284930278265	0.036357114369293675
0.04244348296554313	-0.005376725886660644	0.016588651234607305	0.0008748827067515032	0.016513098973995177
0.03284207881658877	-0.006141363408349762	0.02874748088213018	0.02968078324669465	0.029239090152133076
0.04339041490332239	0.029129970431282362	0.00651948219749185	0.02000691481228575	0.007440101586500046
-0.0338102439009154	0.006605503972906051	-0.03267473398424981	0.02291057621180203	0.03682166946049991
0.007109310761259742	0.04100126739614226	0.019947295282985403	-0.0054462571711336545	0.026847581723674074
0.02226156418381371	-0.003241266427874605	0.028815033015750457	-0.003640883172556253	0.049059071967658116
0.002930244226812054	0.023019978656761364	0.014960941820992325	0.027720451955367736	0.047674000870267866
0.024931588907702945	0.04004007831389919	0.01062950126347472	-0.01740485937489459	0.012088273546769307
0.05420577418802561	0.03337023037482398	-0.006148134867024585	-0.004801428358446202	0.027641309768191135
0.015690142112519255	0.01640900198858748	0.03841889609943287	0.003883469407294826	0.04983787159372012
-0.004113677322307187	0.04918024475375472	0.05115109255338959	-0.022047476254641263	0.046501176190965283
0.03649426232431642	0.007940351999000074	0.01760034228204242	0.021120799528076675	0.0169890563376334
0.006198422111878462	0.01306126971439616	0.029196220801232374	0.03143087876250969	0.014244246733831373
-0.008821319538104742	-0.04624485544383328	0.02251462342720785	-0.01150023989093437	0.010493490519248179
0.001415666998672272	-0.0007522477303590911	0.034366891695358684	0.004340787931420769	0.03057796133671816
-0.011213802764222342	0.018593885826294884	0.03898278286159896	0.022606687201810707	0.004953850309016399
-0.015076009350334513	0.04132029888504501	0.023705229456180234	0.009294375847723337	0.017082044502676565
0.005583727356260745	-0.03175128607338236	0.029391799499185134	-0.01044466102941788	0.01619839607702114
-0.011825480382220869	0.016606361836573658	0.009022084201491542	0.008801450029323353	-0.0215612616417019
-0.025437847566847437	0.04345545655329916	0.03192082726078384	0.049600828778144965	0.050445108900344225
0.03875299450197958	0.06040504998664793	0.02280305878260413	0.05509173588247927	-0.03475106246284892
-0.022293384860921826	0.024105853359640918	-0.004532541070305339	0.03815396879223956	0.01910896929664356
0.021703634079443354	0.01533902303673193	0.04773808147373486	0.0018697940000400965	-0.00024629832741186655
0.033025112613898254	0.0006882223888756544	0.014908664171890504	-0.04036391084167831	-0.002487917600779913
0.012560787211174242	0.0017078658612190555	-0.018454427288300358	0.020177852685018836	-0.0012208843322642866
-0.002134349938901748	-0.018701850285841697	0.025932936663155055	0.011925210332056478	0.03511017553898787
0.025540022898115515	0.03333013044755391	-0.009048173878677093	-0.005445246205829961	0.020574665932576917
0.013710771505064397	0.02486413605921062	-0.002495051764178883	0.026528452455122788	0.015465223111985598
-0.008059815607481239	0.014410816082599153	0.05643616263893343	-0.04651102698019574	0.04083045024451499
0.015627208856945508	0.023122264952970636	0.01241572775782939	0.023280713944058173	0.032329396324808274
0.0003121152851720708	0.02012107812360693	-0.014241110583793811	0.02815142304245362	-0.00872371837458858
0.046439174361047414	0.034204750179803366	0.041076247678090275	-0.023968577361438988	0.0023738729874304455
0.004455755269831988	0.01905720011789324	0.027071053228249934	-0.0003072181791806076	0.005114754634334067
0.0015204578611648244	0.03731339715162484	-0.012491720918507672	0.0378426177811847	-0.0005215567756635443
0.013708901133713184	0.03451240771152625	0.016662775566067687	-0.0037135597338548813	0.02287281469003399
0.034119299940996786	-0.017123203171999224	0.023691185458016874	0.02413110730760129	0.01976771569324659
0.01404449383105354	-0.0032894010953718267	-0.006221748297794162	0.024346424484736957	-0.00866971448679656
0.016560921188141245	0.027650770206202928	0.027215475673811534	0.01817388551154417	0.04884644501153775
0.038415068924137735	0.02423438882941081	0.008686171729963239	-0.008656115979573577	-0.0026293019726202124
-0.013617846661760842	-0.024862017839938966	-0.03192951246644484	0.04083810487068487	0.019596939046688622
0.021642633447613704	0.009726703495648012	0.01960547945657234	-0.03128261881174308	0.023050156940219346
-0.01597966311943102	-0.002099488184154662	0.03738590436275121	0.01998311429623957	0.011125947004689997
0.009010090220934318	-0.019020502709626838	-0.002413370724057934	0.008581166188353128	0.00969125136537752
0.0035387105722410103	0.013830258743237293	-0.003363669051945856	0.010947797961132886	0.007399412686201524
-0.026714659471910367	0.029740618123642263	0.019228524513967647	0.016595231427325864	0.02103787066037668
-0.007745070140446869	0.016304998231753905	0.021386007241006113	-0.03195805677250409	0.005266720072167624
0.03831376976455237	0.012807769247601535	0.0057164573684640105	-0.007123067581442769	0.02452937710260429
0.017469645451276543	0.017586984595436925	0.02599947627832979	0.0048448564824493615	0.006106738046943255
0.030922791087011695	0.01610699176544799	-0.019356511364978533	0.021333472199836424	-0.029050151962898854
0.013388759510475913	-0.011243456325113126	0.06574784023902804	-0.006229009245088124	-0.0007866440869488153
0.004754253449041168	0.04900084292104967	0.029231683213384	0.009143463171442195	0.04127614137735028
-0.008449878170727227	0.01072564180045854	-0.0004788695269066657	0.030064638315433205	0.01707605560208626
0.05698551696134289	0.03315730198972742	0.007964409502611684	-0.00022846473125231266	0.020875640507069557
-0.0035702459823831554	0.03187158168208471	0.025540604155309937	-0.009831278596607668	-0.002094346086050484
-0.022616716973181725	0.018135897795274074	0.01640274902517755	-0.03762131215693108	0.02192428315549388
-0.007674927397551892	0.02249601905344563	0.019342122410190024	-0.031502809857907814	0.018647566799941197
0.0342737856830975	0.0279337353273586	0.040174468588261514	-0.005799342618783798	-0.014017928296960126
-0.0020601244986213135	0.01144197956037224	0.005971526048885652	0.030422941976507474	0.008986848353926248
0.0016680560753416303	0.030568742726097914	0.014497280611618462	-0.03975183641552983	0.016946571779372106
0.017280263422731184	0.02567507410784975	-0.0046588145979924705	0.03997408593970256	0.030116330303721135
0.017461431598061235	-0.010307033531157462	0.020493824000349752	0.012104575708270515	0.017750328299976255
-0.03069934053115826	0.04040452628935638	0.025249689788599015	0.023394926476315407	0.005588355037983684
-0.01191609629005045	-0.013650638574933259	0.007520041726756499	-0.006122733554566192	0.019416983167993153
-0.02781525323400828	0.006944903303129684	0.019735466809797594	0.024703441776641723	0.02069763423807036
-0.003807384799887431	0.0015390833741606375	0.039578518225477276	-0.0012450517761101523	-0.0013350513781022859
0.012196186777542958	-0.017375211531075595	-0.010135980116543642	-0.007433775871813961	0.015957355606256777
-0.03005127682044552	0.024486163857264594	-0.01745987140114761	-0.009239800188138988	-0.0006171674949598852
-0.010382965889838707	0.020980169826836877	0.02253033029400851	0.010842112735280776	0.0036887384683408006
0.029633320594096048	0.0011249339397088973	-0.002017122333802904	-0.008904584840617343	0.00216425383307752
0.040233310008285506	0.029892837517034802	-0.0051735690345543674	0.006376911950111615	0.0018782168316974078
-0.02078142386501313	0.014828774239003112	0.06343133875583457	0.0346817026143549	-0.023412068814669586
-0.027901635196577006	0.0006828896282203047	-0.0006776479518730812	0.03342855624973163	0.010950272429276053
0.003741258427156363	-0.00902109374692112	0.028792654315100773	0.0160625843377242	-0.00992490277313438
-0.020709736321739204	-0.021292589297165883	0.012921592742367202	-0.033594806562161995	0.027811786068619566
0.012667023646509965	0.045585019171883095	0.022724717767418783	-0.004621908100775685	0.03194420766362267
0.0370794210222823	0.01466860201984491	0.016795863555726296	0.018497860010624798	0.033496226187162824
-0.004624461020039128	0.015179492758508977	-0.015712948532310214	-0.0032992003381939524	0.03561835534359457
-0.003578373644115904	0.059057375914612444	0.0024159079107144397	0.0239791856515078	-0.008246025504628263
0.005037452197915888	0.004585098308532918	0.0268782662315851	0.02241235334393623	-0.010150999912367849
0.008187046621757156	0.004319823114737495	-0.000529606528049982	-0.014594713239449813	0.022811994545765015
-0.008164793584246904	-0.028728517076791436	0.05324729077133975	-0.015563962545950308	-0.02417671241709383
0.02663281585108655	0.02152575609987467	0.009096246213816453	0.017542589214296037	0.03203099301992608
0.017058691260273026	0.06074793094529924	-0.047110186611056634	0.020400410703828975	0.05697439955187607
-0.024115973843844035	-0.0010373009088135033	0.018464149667323636	0.029352834767361603	0.0071066617960438856
0.018142162940810825	0.0410227346478138	0.023138376091745943	-0.013509408812783152	0.00278004525616427
0.05597600521573936	-0.013281250866754028	0.015357363218888276	0.015739792906312656	0.025127003321401685
-0.0005780254741747362	0.015518588699999893	0.04658841635164211	-0.018196414780935456	-0.01674368804519103
0.03932707925101042	-0.0032364710072585855	0.016894796469210063	-0.010760005474509194	-0.00741289414268068
0.020450561817454093	0.018945398591511627	-0.0009790895981297626	0.036609634711087864	0.014249401332825299
0.01985376397348969	0.012714225469447539	0.03134794231011677	0.012543589104852931	0.01452306600330043
0.002604820591674404	0.046944703443905014	0.005065522230368512	0.04368817194874681	-0.00726975692102291
-0.02058779434955498	0.0570544196332318	0.04238102351084305	0.0014959541605507453	0.0055341859555782975
-0.004561933293598079	0.04417698593661451	0.02636876996158357	-0.024246889715129203	0.006593689161129751
-0.0007889921560378689	0.021826019050105824	-0.011260393232442645	-0.01611341447502008	-0.02565446990724088
0.026047512775055272	-0.022498735474093166	0.03249195550775317	0.0038948545565511577	0.011350484033700241
0.029637191538950686	-0.0009492315956927686	0.02840498637806994	-0.01905689410686481	0.00012477282119084578
-0.0215111165906787	-0.01436977877175407	0.0075367082599770725	0.010559201703710767	-0.0325831180716268
0.03219884738252523	-0.02937132249569225	-0.010266523832226725	-0.00806616094695341	0.005852976340469428
-0.035724870518425454	0.053242709068282885	0.009654297617905474	-0.0009410379123141893	0.01216617390912536
0.020027968887191692	0.017280833703758616	0.006702462121369374	-0.041735738869318306	0.02396442820244149
-0.021935242875725403	-0.005182078438182178	0.01931805528444914	-0.03859449396851946	-0.036702942574744726
-0.009405551561131676	0.005172597446457587	0.017191075536042003	-0.013493376329458958	0.0067418864881275
-0.007664887933904741	-0.015715398142502914	0.014489022422788825	0.030677060393465957	-0.035537299065005676
-0.004138349170399925	-0.02319781358508774	-0.0038499630556891058	0.019730757615754123	0.05074263063750008
-0.003420203547874946	0.009213915066973628	-0.0005792363469237834	-0.0056806192094744495	0.007508634895366611
0.00435873789282072	-0.028232167283048136	0.031307575677752594	0.029144468853732345	-0.005394037779211061
-0.023131499863615228	0.02145118864796169	0.006590179601694373	-0.051149942230923354	-0.009928561763415472
0.012660056318666573	0.007506768375743917	-0.02293070450739008	0.03405047627367481	0.04437822044541636
-0.0065700376758818495	0.06091788457832328	0.003924168321550019	0.0462390219651919	0.02845820155061409
-0.01091013967541373	0.02489268483164085	0.04576895189479647	0.015377608129591788	0.030373178263247383
0.032763622697107184	-0.013212782155097594	0.015640779696245614	0.03055976092539962	0.02203180922307988
0.012645718426637018	0.024659132678673715	-0.002081054163704253	0.01128174204065916	0.005289524331908184
0.007721332611521208	0.03953773000026039	0.013603707251566484	0.018358313899375117	0.037645936303049105
-0.022978073197101115	-0.008083725567401043	0.012197066096059432	-0.00029086396195606313	-0.000576786583722034
0.06653634038211835	0.026822965556986256	0.012165702156967892	0.003623464837018666	-0.011405390847150924
-0.008751741139092575	0.03548402257652318	-0.0033599142131909795	0.006493681109262716	-0.023034599719507116
0.058643263795993036	0.03866446727506566	0.027255668537584925	0.021284603653625372	-0.006549221000434146
0.036321731972742397	0.003952051158849056	-0.011007519426294342	-0.03445102382669734	0.0054982723195343974
0.06827518694053436	0.015412473897025224	0.02121687518469334	0.005695001936423169	0.0443800455717289
0.008948921619584858	-0.0007230487038235229	-0.016807993563502162	0.0025797294063688043	-0.0029997943326203567
0.03509776917456	0.012073187503587435	0.027196299739190414	-0.0035986423161649987	0.03254685971875067
0.04235415514857146	-0.013223874167302448	0.03427968856201366	0.011199857863507252	0.006940564113813124
-0.017287685236966215	-0.004803202870091836	0.009919020059832976	-0.0013635485798955214	0.0019771185328117773
-0.0022598797805909454	-0.0007665438044603696	-0.0002362374149485853	0.0473672440967063	0.008056201280089027
0.007172685050246926	-0.02203386907540809	0.01828818073307963	0.0004924440310771793	0.006569594950105792
-0.010160900404149686	0.005634010677931445	0.045239952848550466	0.01765599778207267	0.018496574344797862
0.02222243230418378	-0.016677161637083215	0.018184018583452866	0.05662498803791968	0.025700055241867255
0.010261903166449203	0.02351555157968556	0.024721842423110325	0.011391768775481606	-0.012995882550780505
0.012373224437124786	0.012181913000342642	0.016911786745771838	0.019446326838401223	0.00014449336284977354
0.031684459000128805	-0.001418285835054699	0.005969297985157546	0.004344878170114402	0.06364661858185879
0.027544910558118745	-0.013585623401754066	0.011776270599549239	0.007203243391277704	0.026867454370272433
0.022713627281630015	-0.0015258958676021778	-0.0038918765999170005	0.016043630366849932	-0.0023018133237366137
6.386628395555448e-05	0.04048638555093875	0.006739592878750254	0.0013623697885001614	0.03934557325788886
-0.017373237539433994	0.002227218614700841	0.03312469312158307	0.03267505937114638	0.0012903835334932166
-0.0005215992942399477	0.027116138774892874	0.01773098970804856	-0.022039103024229727	-0.03042419654011679
-0.0011530347580852099	0.006850816679150489	-0.02567837415000676	0.04635000193862327	0.01743341290181248
0.050061827897943924	0.0461996980765422	-0.022218309501256292	0.01178436604265769	0.04033871400000462
-0.024593781365430816	-0.011539824349358387	0.004580032978172437	-0.006405338155604381	-0.006875062426626148
0.0356749154591981	0.005566974197274505	-0.019388240207783278	0.0030586717607026075	-0.009437077046208699
0.018361481928364773	-0.004234438782630997	-0.0016628663605505736	0.040427205940222435	0.02606191872154189
0.011235568735890957	-0.005157175462291193	-0.020139658773780593	0.031233745715572206	-0.021939189400386513
-0.005857870027002091	0.01788889752390558	0.04501289886330368	-0.020521723937583787	-0.009720646766149407
0.02392493662629053	-0.016227752864707658	0.025477043329896254	0.03768858750687202	0.024103040710706302
0.0013230061863878945	0.012390763260371772	-0.04388763001110625	0.03050744418104978	-0.0008123090956939576
0.007743900654204954	0.032117356894248716	0.039455534172434054	0.02014052545726569	0.017030001692962635
0.03427129907182443	0.04418101820681625	-0.001513045209998907	-0.008109080728021027	0.022055078374524317
-0.006447469602570543	0.014874631391519346	-0.01303905705073874	0.004818993739504172	0.00668476840841904
0.009744864726590276	0.01454015438818093	0.026325286282631588	0.0037650397453745793	-0.032289620725920815
0.02796344037805851	-4.031555056750388e-05	0.011030237884193396	-0.019638018708785475	0.013411693244002676
-0.005759726991497528	-0.01993542288766509	0.022202722025478464	0.040555132340787364	0.02549790999160175
0.04203968644358471	-0.025563519769801285	0.006217802900074879	0.0020558761438009008	-0.050348735755302416
0.029532209360107843	-0.010026200492654368	0.03542747256747965	-0.008445329882448864	0.010149639544719358
-0.04074884617622065	-0.024470376894086467	-0.007618679410770565	0.022001053025780655	0.005641606038046356
0.013551069311811544	-0.016759589207463482	0.026111492866713902	0.028899554383582594	-0.014506699470200389
0.0054154552150014286	-0.02802355051436843	-0.04959173880621071	-0.0015952976695100692	0.010701724052802699
0.05338750161830879	-0.003753429773717359	-0.004660505760189254	-0.003726316607195372	0.01041558938746121
0.0034430874782148276	-0.016344711663623064	-0.01579724246007539	0.028577970289188702	-0.007859425466367953
-0.027325693318769342	0.001964277773085896	0.007211163974062471	0.004637452428957607	0.0015223219304974873
0.006897675549458156	0.040615020948203615	-0.002860397969847257	0.01623645823312043	0.007262306050051491
-0.011211981370084865	-0.004371393477937369	-0.011626327469014049	0.013279294377327758	0.02133744551276496
0.015820251864557433	0.007056690803939038	0.005259154462144999	0.016993770752564814	-0.016065986363284945
0.015495486056408277	-0.06900191168446507	-0.012710049253256894	0.016587430100602554	0.04220519172387986
0.01626999366177442	-0.0005145899568508279	0.022545176927987534	-0.02687819674449015	0.03380318777315099
0.008426632778145284	0.007234833523689506	-0.023877770323105674	-0.01769799161343793	0.008524282167466663
-0.002844349936559685	0.007368937409466768	0.014331497266617237	-0.027918190817882535	-0.011439499299803682
-0.011594668071189782	0.005551181657047164	-0.021687394375773484	-0.0016305362498139032	-0.005363329976682138
-0.009926438972812956	0.001076834175872874	0.016229275784587254	-0.004657298325492761	0.011401585602900442
0.02835571987120378	-0.004241334714251565	-0.01899602629155049	0.04054092565438813	-0.02157436952036477
-0.01927599806426406	0.009783755400289293	0.026676862807560993	0.027659082391667898	0.026620084984580742
-0.0020401031115104976	0.02441623235672994	-0.013894569503330088	0.010963191332347834	0.01980002912360906
-0.0009769534591765553	-0.017614065770875077	-0.012441463324986357	0.02775552378715061	0.016415058440762662
0.0007539395972595074	-0.014919332488209109	0.0056323696648758375	-0.0030720709310988765	-0.032802516544872776
-0.02775064332973843	-0.015077236600421031	-0.015945706478213667	0.0073289878812769875	0.011403499615482529
0.015247767182813825	0.00807446878177075	0.001717682807519631	0.015140835852651172	0.0024219041090117977
0.024458165427419732	-0.04489072835239798	-0.0478642217831868	-0.010789696432377382	0.03901387892170007
-0.008891977470283747	-0.022475628288326884	-0.012640177163903935	-0.014505529227442858	0.016847684933729692
-0.04361730308290041	-0.00800840550666698	-0.014321238264436384	0.0023286920743506886	0.025389373762966246
0.004163295065614893	0.003742090827579178	0.00873967534483795	0.021860190121156434	-0.014305070339195917
0.0021780931901942864	0.018535327145739855	-0.004467449456631661	0.04042789344617766	0.010009824877720591
-0.02233023351449604	0.010480868606536967	-0.0031162067420170162	-0.029163257386459834	-0.039673013665877055
-0.015639863212777407	-0.007486589308640948	0.03139958775248603	-0.010065032013267323	0.016018097754198893
-0.0008227142739928419	-0.041753032090571685	0.005795656762350792	0.024894025162214763	-0.01054863597692675
1.370671281588319e-05	0.04289212438700561	-0.022052644696634163	0.020756956072796498	0.007085186008364118
0.021742624780906425	0.04444474206040559	0.023863741721566717	-0.01492086120032458	-0.004867936087731612
0.015825482236034367	0.019706485659611292	0.008386882666557672	0.007070662157205894	-0.013977971245815091
-0.005863817120208748	-0.012094202763621338	0.01071061300003469	-0.025225024058448325	-0.01850991716576384
-0.042879247090432476	0.0009028352125456667	0.019109280944608144	-0.011742459626644615	-0.01139459729923022
-0.00920883137889505	0.03588115850707486	0.045201182016960516	0.0430200435487588	0.03878727690582034
-0.008565431055775091	0.007762832927244102	-0.04630870360037348	-0.032197026935345374	-0.013879218454267515
0.025912626463106214	-0.014837870284623512	-0.02106507454336063	0.023467983127307926	-0.012385842888112772
-0.029374709225900384	0.05159376830710623	0.03242710991121498	0.01722835123994508	-0.0035410643678945994
0.0008539398279080817	0.02288632298691724	0.008735704145699907	0.03905887844563544	0.02319019711540525
-0.004796499821070558	0.006633631670931906	-0.015944929315120537	-0.01905758463603467	-0.011705176776963321
-0.01833505053310812	0.012233233907695013	0.010809602416583842	0.03638546438757454	0.014995127731845513
0.004096936638024281	0.018113522848533906	-0.026011877505919923	-0.0235633063821896	-0.0028263930634676512
0.02658014518145084	-0.017084534486923115	0.036286351588084235	0.017589838812617303	0.03600573767361473
0.058898864589306155	-0.006362635902300048	-0.0213229330059037	0.02375742579140881	0.045045057026581396
0.015930958862433963	-0.0020033569008315235	-0.03601276632791038	-0.01085320083243611	0.005689614622860871
0.04830370139750884	0.02754908951395251	0.01286260039309945	0.008503209787304965	0.009507077150502127
-0.045920589672890186	0.01390131642340837	0.01199650835623963	-0.008376701865140201	0.021772543273296766
0.004625198072460718	-0.004511791869584477	-0.004317744480554516	0.018996944227718658	-0.006363327051036108
-0.010264193899480818	0.06581739067241335	0.026299839257886818	-0.008917847069751147	0.002175035093615572
0.006298600041594018	0.006317624479600229	0.005179394345265047	0.037895640004798704	0.01458536361247736
-0.015417464476994824	-3.540378456268634e-05	-0.013408851672018027	0.003984546933113722	0.0009960744168610322
-0.012141739458577267	0.042229167318818754	-0.02004918631056637	0.02447287031524458	0.00968795401443276
-0.018981828315633276	0.022074233676337957	0.02981907187685431	0.011298809178800757	-0.011452673468103192
0.07304697553948483	0.03814845256611177	0.030377453539746097	0.003424941035426443	0.03208066733820837
0.006892062934047495	0.05606343360512713	0.03179026173847325	0.025679953302056864	0.012582791982287457
-0.010510106366509338	0.005345956412394598	0.006071510818126709	-0.00878987794751622	-0.009329748242378925
0.007726135909945323	-0.04630323800964192	0.006139730643899557	-0.0019107209228478002	0.0011534650340699812
0.01311040627137728	0.034370928284899405	0.020206037713531792	-0.020181317143195158	0.020684316271996222
0.009828657956654795	0.0247875453397611	0.004643016610061543	0.02548427760672921	0.013345401841659277
0.01265406519582786	0.014555988403148444	-0.007214167717401927	-0.004522343395636152	0.026319103269862143
0.027722046907770817	-0.03199158048268512	0.04310394037861335	0.024031282108166973	0.02426402083580183
0.043383054657078264	0.014846379770971113	0.02052904038127589	-0.005759516537897186	0.021448266516055307
-0.017186534300298022	0.01064098931460235	0.03363950203773482	0.037474168014630896	-0.01395423895026129
0.008814844047353736	0.017172729347116247	-0.0031074176200707668	-0.028378694394343068	-0.03317408082152947
0.0009359276825462654	0.0006640959423039631	-0.0009148375859548965	-0.0017614033972748197	-0.006158010758337966
-0.00125348521377304	0.019533943309259283	0.036342019948337106	-0.017216193216942937	0.0082400895925535
0.0042804319544091345	0.02511072472985377	0.015809526034592628	-0.03952695273887278	-0.017730459765357927
0.014811619163647384	0.007461252783850014	0.04699381080171714	0.04735709929796207	-0.01588982138228351
0.012419014784087419	0.02198293417692895	0.03752521327626435	-0.03452554837365073	0.0011182490793072083
-0.016870977582671646	-0.004072562925754308	0.04148060905869552	-0.011519827702085862	0.0329942439351201
0.04555004464021596	0.023578270734704743	-0.02647766585320179	0.007558831197551366	-0.0026680453802646895
0.021874063878823458	-0.004780684350350095	0.00610888787726824	0.010912396098414691	0.025681942534571987
-0.0008582137362689365	0.022557569059283786	0.030989914683353815	0.01541379309785932	-0.0245332006164475
-0.012424076563075682	0.004887439015900509	-0.005899448720407242	-0.007207406323119536	0.029127975781356463
0.0051247165414713535	0.01570065818242974	0.0012664913100300878	-0.016815422459832044	-0.008118825312840772
0.004154658525878204	0.036220659334771046	0.03168131470538457	-0.000863105843621613	0.02246921573506233
0.013646416536362583	0.029711280228217403	0.01908736951789339	-0.039476233107989506	-0.0030552017933866893
0.023956886682115344	0.022975718161727634	0.004982345971207282	-0.016490680985375848	0.02168429399339364
-0.02746093602943582	0.007175062615554534	-0.01461082056862199	-0.031698299080281406	-0.04087926058818517
0.020725195055305953	0.012155651742867432	-0.03502452840212721	0.03459893385742753	0.01812249211405825
-0.02400094875236154	0.003969252432068297	0.01927545713503081	-0.0054128213369836154	0.04064984195398825
-0.010298658142497351	0.010224131424571185	0.0038944011071926866	-0.03298814055806172	-0.015115761609461337
1.4734331307918598e-05	-0.014227520182709522	-0.007444409028014287	0.03113230827688615	-0.014967552624491037
-0.00012482405071135086	0.015041311825213325	-0.018140079561301734	-0.011285328646166378	-0.004063256925657137
-0.05474725433384535	-0.008320491748849112	-0.0005517476286370586	0.018762812129210833	0.0031362206362874033
-0.0030041846963767497	0.04925362767947093	0.006599925642829072	0.0052955302603495645	0.04527868470023051
0.018051418367706754	-0.012323315255906422	0.022353802736187544	0.014224448479971832	0.06831774340267742
0.022071906471890404	-0.042484681422771085	-0.021151876778998595	0.0232636328028875	0.014050048766097
-0.021370764731998653	0.004680847044042121	0.005669594090363918	0.012003268955345425	-0.003963656438344067
0.01857074013462406	0.0025238141639341294	-0.02290499237014049	-0.005158573234531953	-0.0034021992099828756
-0.0016380565786572633	0.012559198466366304	-0.016412781223290273	0.030577923828153476	-0.01701344255402554
0.0004441456528907588	0.011023687083392122	0.00258911084262297	-0.002339953454799485	0.023916207855825274
-0.006014727719324308	-0.0001618130175201158	0.005372768744404831	0.009543360971141113	-0.0060938105750720445
0.0037115558063104542	0.034691970046455745	-0.006048131231698858	-0.01293533752858513	0.020019203303063268
0.011873139558887174	-0.017360183017930977	0.03780885898514787	0.015641094379679085	-0.04659296250132299
0.005780097839243905	-0.02156834467159957	0.017935515651683883	0.00808268059402576	0.008514702845910422
0.008987997602207481	2.588250682774391e-05	-0.00941206162920839	0.012910466703474783	-0.011323625691977597
0.026406647501387832	0.025928213155305743	-0.005442491918186082	-0.003358221390181092	0.0077085391714024724
0.00866515484817959	0.03852838716703276	-0.01613192399302142	-0.0065945000735175225	-0.0151383429607793
0.00198066630491283	-0.0027797408190038137	0.006216604634609001	0.0033802191777732526	0.010770911986759144
-0.008978181495362182	-0.0169841685840866	-0.004299778273690378	0.01702123262611508	-0.031125055761238852
-0.003189665603912525	0.030652340913966035	0.01887293539478697	0.010168297180167585	0.004493942497660733
0.0012465791394848072	0.03977205698113593	-0.018485269222399972	0.009398315482474846	0.010969797213708884
-0.011302244450786734	0.025474844675044035	0.042377737090015355	0.0013322729378129183	0.00868797382878485
0.02648021386459086	0.02757125027753653	-0.014689011811894689	0.013459707711265211	0.03433788828374228
-0.008644756262497982	0.011875116792958123	-0.004748585731295599	0.02537818546062403	-0.05172392397892973
0.03138516482643705	-0.013233231658962057	0.013238882169742406	0.0240886807196798	0.03785216225793236
-0.023730795284494927	0.030757429458064395	0.01805695981536007	-0.01577302174527124	-0.0005027160962888765
-0.02247504356384979	-0.0013239355906564051	-0.01711148112762089	0.030689294304738723	0.0041972524137523625
0.009127065883578464	0.012840607296756373	0.004981721833674535	0.003125192858129436	-0.00674677184999934
-0.0008071822557293284	-0.008895759191133251	-0.00558952580992753	-0.003997135173654581	0.009427273848139257
-0.007534401724742151	0.032856824397728794	0.048228037349685254	0.03250463291638622	0.03197415148630803
0.037515211556638936	0.014951352210259658	-0.005937312197041534	-0.016315992620632377	0.052403258972723014
0.0023411292914780977	-0.013555577185403891	0.013137876833797642	-0.03738249381450655	0.04050922331425809
-0.0029974345337878882	0.04696701176816317	-0.0025131903665621923	-0.002383153201261419	0.011862432706675665
-0.003996772451485969	-0.022278383507870758	0.013814902403017368	0.028856698423811875	-0.0039044441360369638
0.00688824741576206	0.027559063638697295	-0.0007570720101871967	-0.02294830320142255	-0.03811792594678463
0.024500518957542634	0.011239006276587856	0.007195225754013419	-0.001522079963767884	0.030222427472270157
0.02581594209862823	0.022909901651808187	0.04024634243077175	-0.018951982804424124	-0.0058614384408633815
0.009667075384407673	0.004875556012925937	-0.03337768731418886	-0.002483552867078519	-0.038212820548303675
-0.010745662794805702	-0.008896456029635546	0.019517034561900265	0.026633644274686275	0.01792659910790765
0.01725428288221517	0.028318881005296358	0.018716580765137807	-0.01267433016202818	0.018147476074069982
0.06752301782025284	-0.03745982145253545	-0.05312441059273091	0.023673516053364745	0.01980553049504712
0.05304664330326742	-0.011185507859635548	-0.004545952588863367	0.011620664852165168	0.02147083940122326
0.007723390210669129	-0.030751327720485593	0.015770694294376882	-0.0470495858046438	0.01180284085530867
-0.0029688718526498592	-0.008818283621313157	0.008902877425486016	-0.04967388194748061	0.04126236534295695
0.009198475018575465	0.016296416684248603	0.022297564236650653	-0.0016038890270362975	0.041876334592692764
-0.012249198397028323	0.008140016352126415	-0.008140002872120236	0.023433082603645874	0.009127186284517957
-0.030851840270593102	-0.024676119598394546	0.04906342635924562	0.031202157669240657	-0.017842303244648448
0.00336152470924545	0.0038023897106158238	-0.03843813382746829	0.04883818568246043	-0.008692205854783837
-0.03663410869496624	0.03312381552748705	0.05044492118620371	0.026277480599862235	0.0016556791561459236
0.02059769360620139	0.03128696404628465	0.002422539853781769	0.019165483764882286	0.0005715486074379286
-0.003413606881881271	-0.0338613197462502	-0.00961962227791895	0.006952728779365689	-0.03728063956970505
-0.015206524849570536	-0.016219692589633142	-0.01656075984314548	0.004926371933266081	-0.02255965762228914
0.032973060131214336	0.0033590351303181987	0.0197916382420024	0.039991961715715826	0.013603603005540355
-0.019475653775772723	-0.0009564823119214572	0.01329301161028304	0.03218426693653482	0.0014955182158112954
0.006788049648844361	-0.009676158313771534	0.006343128485404581	-0.051717306688759915	-0.030321960987756868
0.02816808763476464	0.03191245978658474	-0.016431527796523095	0.056551570028784484	-0.0049040849445575385
-0.012351747563242822	-0.009532906770768132	0.018074554803170793	-0.024355949504784154	0.022289415384267132
0.03073122819189599	-0.007853381427869536	0.03663623613141357	-0.07843625172663925	0.026836566814857524
-0.007814522845629831	-0.025443205216846985	0.0035633680405688477	-0.012751177107645341	-0.01670346034133265
-0.02217662463483818	-0.0001665221521093595	0.041702884342846774	0.03755415843350178	-0.004360081423545006
-0.047232056745523256	0.0037395267477306907	-0.009752190079073107	0.006176100005913673	-0.01265119047423776
0.024324150111823137	0.004736102584646513	0.007978840709674556	0.014887289282832025	-0.022551359228782805
-0.012632810974087865	0.03589647215942805	-0.020475883139846232	0.051933835184415994	-0.0026790247416813504
-0.033789769689245394	0.04331336201966249	0.006615283283324292	0.006891967885034985	0.057674246979796825
0.005475356115738651	-0.015637728328118203	-0.027191549072193427	-0.011353715041334854	0.0293550953562304
0.026488550651992862	0.005866859059751065	0.0201845522734701	-0.0013808336226295193	-0.03957278931028457
-0.033415548161661375	-0.012249017252873888	0.02501844451394484	0.01086959489972377	0.043690290192984434
-0.008398261122618647	0.02209173696357017	0.01896551636046262	-0.023227265285212774	0.004675478009908081
0.01299219438945191	0.013063741873692854	0.015855545238090196	0.03142387170148219	-0.04019693347811454
0.010206431741580172	-0.013548861341867958	-0.008902825159628171	-0.015365316352630056	0.013120365310740963
-0.034095025854040166	0.011287298307158314	0.020028963131561304	0.009274915117172749	-0.02890783861581024
-4.939208540967119e-05	-0.023750004238835533	-0.0025104736783290553	-0.005922821079842472	-0.01450755916278275
-0.005484121876501467	0.01718141963309231	0.03806653094033503	-0.018571643109442336	0.006783702885909057
0.00901585269007905	0.007810250832236238	0.038176609791579545	0.004210278003045966	0.017014558651594573
0.010341937265616597	0.024590901119533354	0.009874041053008632	0.015894172264062388	-0.0030006607158464225
-0.011550150671685277	-0.01174413430257987	-0.0012252367594054359	0.006481809832515697	0.03517279312497223
-0.0029535380332723557	-0.042065059613901876	-0.015392313126563112	-0.0024092643366470804	0.02153049991948287
-0.01956746297673306	-0.0029892287462115422	0.03063400023314137	-0.03596176293967394	0.011235535176052764
0.009352568821987988	0.008166085983960267	-0.020998044469713713	0.006451754099205271	-0.028985976521751222
-0.010116148191346673	-0.009780106141327991	0.02807631349784307	-0.020032670727472505	-0.025545294903171437
0.020144148099833635	0.010504010220753309	-0.015645971810713047	0.007155926893156875	0.013520236122006682
0.020648402284306745	0.04168250806276999	-0.01860728289633494	0.03632792572796387	0.00793352262400337
0.021043709183143463	-0.015438756751944322	0.010454728473075154	-0.01785142142820812	0.03091156714857305
0.03431867889548435	0.019284186696622404	0.007971382207481833	0.00018249516190868304	0.015566974435706267
0.028451049091349944	0.007405546943855318	0.024466048222289864	-0.0032598559235076188	0.00983212020514835
0.019270346045268366	-0.022587137368344702	0.002036652843839708	0.012869222637110888	0.022257915370916016
0.004092524474723304	0.017747836796119132	0.0011091147838381242	0.02845740693588815	-0.02272133836786134
0.017502702124798587	-0.028685787867251195	0.0026978672565333584	0.00979969059567509	0.035496176825253196
0.020963259187136474	0.0037089584500167687	0.009274858491684943	-0.02300192934845417	0.028780058692278326
-0.00245009153631105	0.05700357654413439	0.03365282753666308	-0.016278430674300813	0.051614827187503015
-0.0012344571771306604	0.03066274253618346	-0.002790283019462335	0.021162192873651085	-0.0312148500643603
0.02141450091747353	-0.02139556503296076	0.044123794743530474	0.006640181350432199	0.014315066430572228
-0.0437496485386032	-0.019627224822756556	0.0005700254581159111	0.008365132790712493	-0.006229105930714683
0.02220894669320022	-0.0012199660976770135	0.03601537736944134	0.03934437547823965	0.0013837510704443074
-0.017998588497372202	0.020033165525088818	-0.024073395390892174	0.030180056965301065	-0.014002898271935038
0.0019142843018354182	-0.00796491589681119	0.011995189890975217	0.03525934220266703	0.02658225999603946
-0.01812503895534801	0.018246916314421702	-0.018047887349251213	0.001926410449847417	0.01628628971617213
-0.021531469320979567	-0.0347939992820062	-0.01014300004249016	-0.005360030355394106	-0.013256041662487127
0.007471463676880863	-0.014103429181658265	-0.00020450789382335435	-0.04152035809809031	0.020648815704423437
0.006793227206398016	0.030977454002014248	0.03383060423151479	0.014420225045090287	0.004611458579064486
0.012125807636461247	-0.011513168414552891	-0.0010762744979480438	0.0006695083989315545	0.010577403832197522
-0.003929532053125771	-0.0034157459884440536	-0.004948150631207352	-0.03555462194123691	0.018502926346597157
0.019783196954854528	-0.022426582904065517	0.0024066828948541936	0.0219409925370644	0.023986011430072902
0.0347637906416596	-0.014819371652958852	-0.016398481653871564	0.022657241267687468	0.0023525472065729107
-0.008132503049366253	-0.019376698422825404	0.0034611906041582974	-0.0190138953160034	-0.013515021555702333
-0.0012338813440239667	0.005501595341212688	-0.004217629199659172	-0.04060118940213898	0.026439957268158176
0.017462926816260764	0.005588101777731655	0.03154102936518744	0.0362709450837977	-0.037903702378588824
0.04756461346031296	-0.024362964401462822	-0.019147221121291413	0.04185804035538703	-0.05754163683975893
0.0197011246337018	-0.00047840917222544566	0.007231616955133815	0.0019772291687868934	-0.007579505930932459
-0.05110358547970939	0.010787886826895425	-0.009331280291877016	-0.02538598802093344	0.02771581987220385
0.011927437834657266	-0.02270886008332048	-0.013345984577473363	0.026952799750038125	0.031722495950889544
-0.01353976747271224	0.0004970395667435496	-0.033489429020152374	-0.043399256576752115	0.01608798278287917
0.011104839417362351	-0.011285203567287934	-0.002569386795472118	0.015334391126410486	-0.007633728905801259
0.004358526304129745	0.01743513269294588	-0.012150378226923636	0.01404791481270026	-0.02819005768144588
0.03682225150154585	0.021382237899340517	-0.004770972915924479	0.03425243237421975	0.0036891868723270722
-0.014287435530954204	0.014012670860246473	0.014245125967882294	0.0009746826575964423	-0.007635056029005867
-0.030611785795480427	-0.0040271110936293715	0.003781348782767062	-0.027239134633272297	-0.011648130288250375
0.0075492795751242875	-0.0235182449593793	0.02120141632712049	0.022230930180745474	-0.02016722769995504
-0.0188976184258335	0.0019068763619584728	-0.02003854743737381	-0.0123353297823788	-0.008449724512454859
0.03589814267800099	0.03497466565338356	0.032363514443335316	-0.0234706861044803	0.031221879103830997
0.010769128064390636	0.04324848712463281	0.06764008575755599	0.015892319348834106	0.019193996662193805
0.003587877236951783	-0.015558838424031989	0.005515354029056519	0.020820385467076777	-0.03222243619056876
-0.015317909983080899	0.003445206010730526	0.06034279476897727	0.001779432233463947	0.036818589020907705
0.008570546533207723	-0.01783119255670971	-0.006689106395619838	-0.004191409218717431	0.009645003382595219
0.001955080698241886	0.01016337200160181	0.001911825709720344	-0.028584000148755027	0.038232843316533684
-0.02511197737379691	-0.00675076005894183	-0.026379796986007734	-0.003736513050245697	0.006501534423362779
-0.004199830087198053	0.001184222044808083	8.120220936468927e-05	0.02883933257568419	0.028318147351377193
0.0011012657964657845	0.0340013775507863	-0.014492369520970688	-0.011327023385704597	0.035253877873054396
0.038604114206187506	-0.019707135611918836	0.01855035826278495	0.0046458554500932985	-0.014736014238953345
0.02351426663347856	0.008934727213442972	0.006573250940811568	-0.01600141366315447	0.007158406787554633
-0.010505835472689563	0.00469992370047548	0.0001467666916883997	0.027220309910306974	0.019329559655176895
-0.018783820117342413	0.01728355972801408	-0.0028694409940972923	0.010478115152010074	0.033730078910227126
-0.02534459221004048	-0.009025403451598402	-0.0007381633059420083	-0.00874316223261832	0.004599345190316965
-8.418192117128466e-05	-0.00965867800961245	-0.028593676574084882	0.0224823191070273	-0.011803456928228529
0.010305948243060938	0.002897922287411242	-0.0016622043653690766	0.013170428751512406	0.010174787713495033
0.05244687246369279	0.010163121416523284	0.016706117106314186	-0.045308912935483885	0.020718616299177626
-0.029294794964473757	0.01135375761140446	-0.04702236590516936	-9.730085306845293e-05	0.03952467389334322
0.0009846701946021573	0.04658613907315239	0.032023417773601674	-0.02232586971962664	-0.01682431159939255
0.017888332000410657	-0.01136221716149202	-0.037709083471369954	-0.0002771289818822142	0.00456799643298688
-0.02698089286312599	0.007106843578981151	0.009354719456397292	-0.023367609325103865	0.008418424845332857
0.04035264978692566	-0.006436100122429917	0.010335541326979811	0.03860665143365422	0.031517596833108
0.030798499701658377	0.02023471033887291	-0.033466317990415675	-0.0038100145083037134	-0.006602982370984901
0.011219863665144615	-0.0216066736926366	0.017263198947712673	-0.014453940085887493	-0.007235191554855103
0.01289462572121718	0.01817987530739323	-0.054164795472922814	-0.015623430615735394	0.004541913560995718
0.0020584516954241816	0.015471680022345516	-0.00787328055798393	0.05396393918857068	-0.04137287674159651
-0.011729916989953178	-0.00769286560255051	0.02213928376046009	0.01711409505013462	0.001864783571211915
-0.028238080441168798	0.005275487467417433	-0.04325786396099789	0.022738859749768317	0.0015721081324153703
-0.006147769719942808	-0.004251307391585537	0.030960468901983767	0.026294085723997954	0.0051166688813396154
0.002340700524681584	0.008510298221040734	0.016680831255180037	0.0013734864059735071	-0.014522387929054283
0.009390326787919116	-0.029035215036318254	-0.01381667708303025	-0.024733921244212278	0.01459949980024806
-0.01094913697412882	-0.010217940290517577	-0.01426531733537794	0.034740620124773504	0.009373308520894512
-0.01622289042757631	-0.01746546825922394	0.01587636104232929	0.013078107932910523	0.015725403590319074
0.015609117945496211	-0.019749753059709482	0.08192522501038071	-0.022568461403294948	-0.0033202777012972433
0.015572513559277851	-0.0013290712653309246	0.019879765338849116	-0.004227769465230869	-0.0009057651745947633
0.013530188880748757	-0.030311681022138978	0.015525266817789787	0.0024945340202014946	0.008651126370258968
-0.004493413368578958	0.01199106755550768	-0.02340734462860375	-0.006440579416242798	-0.012171850630214464
0.023943009134331877	0.002199696863735702	-0.011276911413945847	-0.013761593627299916	-0.02931819039045378
-0.005817140342853055	0.01517183327412674	-0.01942594598275954	0.021254849252778305	0.02155828474222067
0.031707876410948486	-0.04562876711843568	0.0034075230612012225	0.007160771985120144	0.010902564482825337
0.0192658405339758	-0.009106414926692995	-0.021662528037601745	0.037297876752194155	0.013861966848389896
-0.026708714484603584	0.04845348110022929	0.042311514369421946	0.034349131811087404	-0.008019722510453312
0.009606955677529925	-0.020895959309548306	0.0008130132867750014	0.008064730989548342	-0.01830506104360194
0.035419945295298565	0.03109044257656676	0.005399393573695981	0.03572969552675992	-0.006101497672736022
-0.04180578562390045	0.011897525380337231	0.005809856241356135	0.0013796003932420465	-0.015773034763017682
-0.003758552424138352	0.0032577722467781204	0.008702705021881509	-0.014110705269707098	0.033638661543989604
-0.013634873160252789	0.01319940392405882	0.0070688796393991145	0.008090689172170328	0.023757566015461785
0.011074287564607717	0.013199088453515202	-0.02519986321921171	-0.02101918386349298	0.019025406342616895
0.030646006906813173	-0.0034567088050149702	-0.0038042355165161194	0.011137062558452076	-0.012059193875051551
0.0646491929056006	-0.021559188346223366	-0.01631804125929738	0.05891204779456316	-0.016101512287508633
0.019191567527605684	0.0064249652251709	-0.015609955944699657	0.02778833458882142	-0.043251340132212004
0.006436011711808761	-0.006862002166639365	0.028837180523264807	-0.017023999164473835	0.019417141698563095
-0.0525782761493004	0.007579245882626959	-0.010707047730286162	-0.02229501044583725	0.05122249428990203
0.007009950828116637	0.032388291392044494	-0.017417831317866336	-0.019934122504848845	0.028872154139638673
0.01879514874721688	0.013942352195413149	-0.0028901948994068784	0.024259342889911835	0.0010493067905312818
0.01939183730544034	0.02280995685332437	0.0021193600651489286	0.020536574287216818	0.03802236750592549
-0.000892302151061012	-0.0345039347897682	0.014061514680848415	-0.020579082391820918	-0.014159620315371359
-0.03541545168091746	0.024183235122038065	0.0031914407888363402	0.001971928339190021	0.03917069703608985
0.01971542884923693	0.02195481241282382	0.03229253568809771	-0.022749443647640193	-0.023904189194618754
0.0018147589176826739	0.0023686458364617947	-0.009283481827844097	0.0021211360594848676	-0.011289373321396647
0.005572779268114521