UV/VIS SPECTRUM FOR UNLOGGED COMPOUND
INITIAL_VALUE = 350 (nm)
FINAL_VALUE = 800 (nm)
INCREMENT = 0.1 (nm)
0.39116095043619914	0.366097146682348	0.3846742920061449	0.3742468589194856	0.425905023948457
0.3900363911264715	0.41113876638621843	0.4176285068832603	0.4103446310195245	0.42508852979574613
0.4412136032485336	0.38518889528056843	0.4543062616256422	0.4620144944902277	0.4633174258337069
0.44504789676464473	0.4603132933959185	0.4579434025145753	0.49038633106645785	0.47955699884742636
0.45179739106718647	0.49283420597369987	0.47844913666948596	0.54313434187101	0.5287854980221647
0.4905788515959729	0.4958780235474484	0.48804064913393347	0.4964085328637074	0.4842589982711505
0.5383595912785498	0.4853574321160222	0.5613280834522036	0.5701456736542556	0.553783215473992
0.5023502259255158	0.568632306136979	0.5393003659880994	0.5563338127925436	0.5990567641711405
0.5411787242328907	0.5574963223442357	0.5448749315295369	0.5828362597837426	0.6200080635004573
0.59480395732667	0.6261885175585061	0.5885836421490516	0.5920901363115701	0.5866196606255021
0.6204552223786413	0.6297180240501976	0.5993536567236755	0.6122376901150529	0.6628646040146583
0.5985957710621603	0.6449056200840383	0.6285656653335374	0.6492787494198523	0.6350369974148832
0.6103644777791578	0.627451427581275	0.6899803257024261	0.6367076297372296	0.6623531829544317
0.6762975084936456	0.6658708424616294	0.689466363169651	0.6712141891651736	0.6786907714367488
0.6902918936466198	0.6767017082223739	0.6728778376270188	0.6626575649654298	0.6537293250032538
0.6596901211944725	0.6637161491518545	0.6752489754124859	0.6612383548113967	0.6687012375141292
0.676116164815445	0.6920018147843965	0.6599180627612445	0.6366904674535336	0.6410225898642705
0.6416841531619584	0.6702350721320638	0.6133427505963797	0.6205248530576718	0.6364484649626618
0.6131602882755096	0.6493085509416126	0.6022628665792354	0.6447191676109587	0.6156211136599555
0.6316648486377571	0.5905370510206421	0.5950569957804676	0.567091063923391	0.6031080693868457
0.6377083719000954	0.6282482970207313	0.6224668823862402	0.6017655241078981	0.5789839408615554
0.5810052146208864	0.5865871131076712	0.5567476282093424	0.5771550441327271	0.5512335416804697
0.5920107154424986	0.5678774932175079	0.55717773370496	0.5495189922304601	0.5412633541189149
0.5481047870287727	0.5223417237725525	0.5065060398942459	0.5408590795070648	0.4695448413471462
0.4959162099949156	0.5365760482725123	0.4895609063220725	0.4651476688737905	0.5078699551531158
0.4777797188500579	0.5216137665186691	0.48344794283259773	0.4652426460368222	0.4979176435475662
0.41945895595368415	0.507695060760891	0.454055474639573	0.503342539919679	0.426757361117285
0.41580444406911704	0.4139575194893095	0.43344040236371073	0.4042588336166433	0.4159628522230588
0.4252548453202767	0.40525270486291776	0.39742686693996576	0.37844020321056276	0.4079020561983709
0.3715109057786137	0.38971108109556396	0.39167115174477846	0.41486057093871825	0.3871594269355297
0.36628918727031207	0.35270237540763794	0.37836387083485756	0.34029441765947327	0.36307567176267325
0.3897059625767231	0.3216045810528277	0.37074341601585153	0.34572237942849576	0.319350855422719
0.3244214726583306	0.32987803870659077	0.32675052867887877	0.29454417094069235	0.2959218057106205
0.3161761066800568	0.34140008709987046	0.29961164477685315	0.3288508690844865	0.2877960321073534
0.30620135271910437	0.2781563075727729	0.3349833198260245	0.2847397148903765	0.28378464355455
0.27933669859241517	0.27459073108719784	0.31402167262342784	0.2670998594292091	0.2623099406488943
0.24561212935743587	0.3137371159239258	0.2232784302121862	0.2749602260876447	0.2579643873542248
0.24455281190169825	0.27345330903292125	0.2885458338730071	0.24602465378590174	0.20817174278315245
0.21443116912159993	0.24701205961492906	0.2335652802373037	0.23837180832386887	0.2606657605871888
0.2309277892573961	0.23850907422523732	0.19438721274632698	0.24621497685226149	0.194754406382264
0.2344881198785307	0.22753392976939854	0.23516991321861772	0.20309689010744383	0.20913081441282189
0.19735507487095125	0.22337250908708262	0.22172211775381453	0.23747640557250163	0.22486844502155492
0.21288171047597987	0.18655820668367637	0.1889206775464426	0.18176817373594212	0.14938316883640837
0.2180651639798537	0.21527673600978034	0.2185459702379597	0.15833573575790333	0.18602413253034242
0.19540536632099306	0.17971899956486623	0.1999117834371283	0.18367849189647045	0.18680566529147735
0.15816837707530296	0.19953436865786672	0.16587791042271763	0.155422278791141	0.1965110398533016
0.1899999932368336	0.17196875169192483	0.17449393312403932	0.21511991022028368	0.19096435359748962
0.20425404926149512	0.15077257621435664	0.19233473285738228	0.19943964849790646	0.18702269529588186
0.19134170671825754	0.18015973720309894	0.15317345201058555	0.170353686902107	0.14899068688837858
0.15121410809811905	0.15142745659756288	0.1446365210731437	0.18271008219664903	0.1367934075199422
0.16590496111179243	0.17987742771852597	0.13486179559542194	0.15201096562062733	0.1643939837863401
0.1580273191061317	0.18010053407443552	0.13994830511600967	0.1625807778973143	0.1863861818061803
0.14344268294474516	0.19116601052691376	0.16856272391096072	0.15131934766810834	0.14980069569865112
0.14708594128498378	0.1738235758036048	0.13520702176082583	0.144517177190358	0.13380779389810954
0.15794301334595162	0.15863222320402962	0.1430459329139589	0.12528769667326406	0.13081342978751592
0.11577627332900106	0.11400762461943992	0.12143187811713692	0.11255919207263762	0.13005186258462784
0.1670534958822119	0.11939196800376942	0.1491084954768763	0.1212759020378467	0.12355909331805161
0.1312376613509784	0.14203930867999984	0.12108061067673996	0.11750286371244165	0.10107795967433335
0.14271923798847885	0.12346348506340092	0.14148257605623193	0.11361641247292925	0.1540921002924496
0.13044346508740157	0.16625464611561372	0.1398306178697259	0.12231068511083357	0.14668939472297857
0.1349738056242342	0.1530951827579597	0.17607350484925882	0.1282332999707384	0.11995107450227974
0.14602976454078312	0.128164032589741	0.11707442368105878	0.134748895893342	0.12396687159857794
0.08893853536055993	0.17394399210067693	0.14306233822851705	0.1074315481424115	0.1059313039604407
0.1329288884782617	0.1279509739581985	0.16238387875361177	0.10102059796702845	0.1391898242229984
0.12248806910771408	0.11358074628060705	0.07862264609781475	0.12956205488261566	0.1316852850311803
0.1538984429757101	0.14399940120736857	0.11763451359322737	0.11343960818310468	0.08721859576693444
0.10806351325322566	0.11356990021650902	0.11576511619465227	0.10936065443361277	0.15741565681348788
0.08570597333279241	0.08872622402940905	0.14231463673329456	0.11037143653504058	0.13154974431409372
0.1111349457122978	0.10083792079559693	0.12052339263663825	0.08577464097448514	0.10179210087661117
0.121480842384761	0.12493478412664033	0.10209971260522446	0.10291612918787701	0.09948207836130862
0.10157519672992756	0.10607297022372415	0.07843342089020996	0.12359918134133314	0.12015137818270419
0.1264843853423195	0.1048115592414582	0.11993397609695865	0.10078695890805228	0.12330796502163599
0.10105382567844937	0.12815629968028444	0.08374812926472744	0.1345762013635541	0.14617465034948351
0.1495174786781066	0.10645035150484662	0.11605497120371845	0.07860703088932197	0.1455755546936573
0.14530756538690237	0.1477617704113142	0.10283556961445801	0.0901651810738062	0.10272256132383353
0.07025441836975596	0.09055316578050424	0.09720699371325994	0.10823030071688747	0.09256187485661742
0.13910051886021577	0.10370849915141424	0.11375653996563678	0.13308518337985276	0.13521228985769604
0.13340217720242387	0.12035529059525124	0.12762569436457544	0.10549538704199111	0.07814841807967254
0.12069837406348022	0.1377957805490578	0.1019338736079065	0.07166940746559874	0.11105403321064784
0.11778562180105495	0.12251220392556579	0.10774870545976675	0.14954067525360695	0.1149749993224372
0.09453006628740908	0.10316672197737202	0.09737690606001112	0.0983925714051489	0.08845853766929108
0.10523337795003432	0.12083408785695363	0.10942178033418778	0.11168015306220187	0.12021397976701872
0.1286159961081471	0.12211204794837607	0.10451963313008789	0.1124903336266424	0.09347561939702459
0.10438577465951117	0.1086653709978591	0.11433142659005616	0.12085508678486444	0.08124032441698499
0.07879512370107683	0.15071134181676107	0.12415673517977682	0.12464415554310594	0.12112785373398194
0.11922850512525202	0.08811941587841586	0.09836912420073748	0.07674746055002182	0.10046335080979135
0.12570358662441625	0.08038852194741619	0.1388122444609364	0.13901707921368955	0.11525569460606531
0.15080618371129287	0.07833782988901185	0.11522588047795557	0.11159740454226821	0.10494229832132901
0.08944129572414232	0.12668521377679015	0.11085512276803507	0.11131828164355857	0.13434637651338105
0.12164486398551665	0.11243469958725254	0.10861416358922263	0.1070161120214655	0.12158767704232708
0.15724767573722714	0.14535434798351637	0.11203622532528663	0.11467047034292972	0.12226973874839571
0.11721673127898893	0.09754730146718854	0.13281063641290078	0.13960449847861875	0.10170666181847322
0.11607304843815977	0.11844165023172895	0.05174423085833975	0.09943880418232284	0.13898755843593055
0.09297852182821534	0.10155321600389532	0.09926874119119602	0.09517050967471108	0.09263323431639824
0.13371057219111734	0.06507627099902351	0.13732769382111026	0.1399106865863377	0.11794586363695506
0.11765133724747195	0.1163147176649712	0.11613442271711225	0.10245189483903798	0.11742067981411118
0.0934611856284617	0.11904223399554169	0.11995292095775077	0.13696387650624	0.11247006310450287
0.11450043616500676	0.07981313106866963	0.11491375474226148	0.11381919655277921	0.11019098676301227
0.11657905550896464	0.14890708494546315	0.11179832738232251	0.12017735812270786	0.11164467071405908
0.12986573736832532	0.13441730234178148	0.1316489721727394	0.11630038549738685	0.11093385334886825
0.08626366644544285	0.08643292027131068	0.14662004517955662	0.09997408902545793	0.10887673382445726
0.11548612071437386	0.15176960043640975	0.09105928627439792	0.10166617088843645	0.1318587517066522
0.15116742611834716	0.12648050431428015	0.10937189480557197	0.1290894020762321	0.10074158301450742
0.12656709068334343	0.12313037358158065	0.11923479006094562	0.10724713409725709	0.16909105246990752
0.13283797515643553	0.15559346132677737	0.1193785675725271	0.14445768080917298	0.1119321612438269
0.09222090852659062	0.1423830976383662	0.15873253415757577	0.11616978801779161	0.1378629441983623
0.12503146724169242	0.11380271355579052	0.10126608949008478	0.13396117976501054	0.16184354800849077
0.11841454960376009	0.12535666531776926	0.08058128730395384	0.13465107606201607	0.09432734272358687
0.15415583437331615	0.13234900758303486	0.137600107537954	0.15288773719910304	0.17672132306783694
0.14342991640392544	0.1301451449590012	0.14624587391834065	0.10320623105247145	0.1390264674582002
0.15673176620178186	0.1323909727080451	0.1304961937042342	0.1768135691192399	0.14348956817488584
0.11200451505470703	0.15159922045135094	0.12528462539578006	0.12452180190891725	0.09719793300382572
0.1513036801628539	0.1493985693742977	0.11496872767440562	0.14468177221532605	0.14510190351370839
0.13128639525642674	0.12663825017301789	0.13733673897303017	0.1479846705719326	0.12086576319840751
0.13882901987499643	0.1397029206098167	0.12816693871608828	0.1346650239308119	0.11417433410480161
0.18266767804842043	0.14736909325905834	0.14680742457859064	0.12854312950398641	0.15592736411454938
0.15123627387908883	0.17089996395198206	0.19137044511775725	0.12250186003551078	0.12296235324540977
0.1762229263554833	0.15135715868281135	0.1532441983322695	0.18654433938007117	0.16723128535770265
0.14919532610142003	0.12520357337719976	0.13336706716588603	0.17044470760374741	0.17513101684116983
0.14018923520590443	0.1679011203176024	0.20128175670513565	0.16767658340268957	0.15110030017146764
0.19414178789374104	0.14279805101729148	0.17225722905585428	0.12164438710080923	0.1576088922236688
0.14269719891693855	0.1425889093019858	0.14674177717366474	0.13648996557642798	0.19088356011245874
0.13481414376653317	0.18556421415460936	0.16929043369415045	0.16191501932755392	0.1461922519993547
0.16000931378061983	0.16608017627419638	0.1692032749131661	0.153149072450518	0.16901655367636917
0.17725776161019804	0.1760211062067043	0.20841869622600187	0.16158771554380932	0.1929714556316374
0.2022395556252653	0.20382321777622264	0.1912924826129434	0.2033216371105206	0.17389741414455673
0.17259972058263912	0.15155641842744907	0.20589494766829539	0.16665245250963173	0.16408056919429984
0.1988810156456423	0.19372990769802703	0.18318624822767407	0.15908265671234836	0.1953021686551836
0.1795316885104193	0.21059240146506727	0.17221083349363983	0.21806711023969189	0.20776609860128728
0.19258254247095866	0.21851680106926044	0.17882165079461726	0.18492574441237297	0.19761990082371647
0.23652318554138166	0.21476511666353637	0.21092794494926692	0.16468146687022533	0.2356292755695831
0.15229391876329584	0.19809148426267378	0.203915486052771	0.2132894517291335	0.21744258399630875
0.23171909986574502	0.20657984001375618	0.18436712297268248	0.18974066393192623	0.2430701764686086
0.2127921071356796	0.18734730512876785	0.26386901070925384	0.24848487359079513	0.21604577220115978
0.2070565135369686	0.1974322758527025	0.23253086252388355	0.20826826293167988	0.23137962421893246
0.23870032088835424	0.2475592908785107	0.215053200197232	0.2613369421831147	0.23452227782423515
0.24361558821785975	0.23114829979319784	0.22664507543495058	0.2291834286742674	0.20531535022575087
0.25907789746773163	0.26637339689897754	0.2699816397462166	0.24129188619509054	0.20948277772233007
0.2377387012737979	0.22404206328158777	0.2818396030217367	0.2330554472929134	0.17964641426534836
0.25605230181779837	0.26112161943596596	0.2220283262501203	0.24756903829857252	0.24780742690146934
0.2603958613738017	0.24309853978554405	0.2416041810266621	0.23899071083233836	0.2651945766810148
0.23057507844636438	0.29049212659767004	0.2543713838460881	0.2503888479447621	0.28222230550828953
0.2748735208613655	0.30134784667070946	0.24399417325912315	0.27256479165210346	0.2705431436130591
0.2589106711840711	0.2736401044385114	0.27653423281056105	0.3042785232807967	0.29799869380205074
0.284184013538906	0.28765983469758977	0.26770524107331517	0.30397349892205006	0.24844243615004385
0.3403016745562098	0.29029785717336276	0.3392562282787685	0.2831404286374237	0.290378634931845
0.2978880411482489	0.37913126411578624	0.33915216781840873	0.31461929592027915	0.30347740705735843
0.3257358683815639	0.31126989424195906	0.32339841583812934	0.2899621271176414	0.29906849864377916
0.3032558695326845	0.3722217012429627	0.33597585746498426	0.3171545797528481	0.32366714879272235
0.35019463101254666	0.34685311127220475	0.31624880912979003	0.32587351551320853	0.3122120663981652
0.37206138630944413	0.3610269668751252	0.36131582181405314	0.3329679541418206	0.3302502478678489
0.3421005679782619	0.36093882889062273	0.34581936312026623	0.363387589870519	0.3375077217383835
0.38886854328035075	0.34199618902890777	0.3829553120639323	0.34802107967989193	0.3652070145332487
0.385872779146877	0.35849871126858573	0.3884252977122417	0.37212672075362674	0.38584742107275743
0.385056923502085	0.4158398249734641	0.41643795371113296	0.4269176958938413	0.42299497804143676
0.41258891685241694	0.4177371756364835	0.42790027779660583	0.4371183487593166	0.4100483453712056
0.40603085913188114	0.42470348708648054	0.4183396108015346	0.426340290345127	0.44702866047253403
0.45153759180329023	0.47921957361726075	0.4290594922664031	0.45262936432654727	0.4390051263180936
0.472636585601276	0.44424702994463017	0.47144544232837904	0.47443764654315235	0.46618801180714453
0.43398711220025515	0.4760722592477269	0.49055275275118687	0.4658520436992566	0.49912396353795857
0.45711544876307164	0.46687155438568906	0.5092884209929179	0.4963101683449712	0.5103696886288445
0.5123761011507421	0.5325538198815024	0.5160514565727314	0.5176471755119998	0.4891167781814041
0.5275973963441033	0.5244188690953414	0.5481663742148856	0.5041118149899284	0.5420696331412487
0.5262792014104557	0.548574919267032	0.5421114126826128	0.5210307656059435	0.5576473528151785
0.5996179614767954	0.6119900225311088	0.5425170462800585	0.5861774980978377	0.5688428855312728
0.5838592547408249	0.6218431950402826	0.6009618762905193	0.5989365465464974	0.5989000980404966
0.630598985096874	0.620476614274756	0.6186122032089584	0.6548889570643872	0.6201178711108338
0.6314510318173381	0.6133934349080781	0.6619456659324018	0.6768646174797077	0.6877520481503158
0.6812057730514846	0.678717775133101	0.7032879320556363	0.7034498621907935	0.7157661762355868
0.7248945715650675	0.7261235439602167	0.6972925390448311	0.7559001718180728	0.7368930128514587
0.7510529658546976	0.73346458296217	0.7811623507046597	0.760196500756687	0.7356274827689445
0.7738602857684653	0.7663515352841963	0.8011973101650315	0.7804224142662369	0.8206079531731102
0.8403253989917939	0.8216333136504074	0.8216191101014658	0.8691889181178878	0.9006721253189662
0.8593507459560753	0.8852328202019177	0.8601107807392099	0.8794368472365738	0.8809990208476597
0.9094590124139228	0.9136306022378462	0.9067382603420538	0.9152499379125985	0.9398522095354399
0.9309611064711554	0.9771379590900384	1.0289255536429855	0.9964051192253585	1.0203163443354937
0.9937156136168194	0.9899373871734062	1.0018882253128678	1.0214012111547943	1.0235735115690052
1.0263773550265634	1.0406202361935217	1.0509125827361234	1.0985554844388006	1.1235325016776967
1.0632331434938989	1.0806349867640332	1.1345971869046694	1.103289627580868	1.142497933694495
1.1333379792683205	1.2032565522586394	1.1382942288559037	1.1753292102390591	1.171154817372738
1.2189122545344153	1.2070566078309384	1.2764012627560195	1.23260197035003	1.2216419138790113
1.2801504506953825	1.3064014588542159	1.3237781077349249	1.33000585389552	1.3579295723748723
1.3395695724997088	1.3992864606758764	1.3842708070067973	1.4079740267798708	1.4387815932462467
1.3697987398034392	1.4124609458946047	1.4110160308964776	1.463934384617766	1.5006277218174333
1.4938246550457321	1.4801514078931193	1.520436123173627	1.5417525008362205	1.5751238139970791
1.5580743353560313	1.5995465861432294	1.605099336066864	1.622254303430202	1.6565758091512408
1.6696180516807895	1.7079376605320777	1.6633861142526345	1.744389474059893	1.7165572292283389
1.7331006676648866	1.7956517693895322	1.8189912317358818	1.7533034975654562	1.8187987318630798
1.8125575110601206	1.854536379641142	1.867134456140944	1.9150021680215255	1.8893016841724113
1.9444829166512239	1.9664949647004004	1.9409836584868438	1.983640120286153	2.0422482802523962
2.0266808891024555	2.04873115685499	2.101617816778893	2.1092413274514112	2.1269313908001473
2.1438015777685093	2.1529238735251788	2.1854983190447785	2.186811699205655	2.1891733776526165
2.2094419072056164	2.2357868958849143	2.2638236854644056	2.2978016662934766	2.311284257732067
2.3572245352023953	2.316159006662175	2.3041644674863595	2.3743652018894825	2.3914480977761143
2.3938100470401795	2.451375708735534	2.452347351072814	2.4791555757599832	2.4567061903827687
2.5038702983879375	2.523402651020883	2.4972146254371035	2.5416287870573426	2.5364036166859907
2.55378152841359	2.6041022406233996	2.5790264163023293	2.5930959602083523	2.638220814047832
2.6540656519500674	2.652100642104526	2.6258248847675754	2.705438923363128	2.7265830479948114
2.7305311871370868	2.7019831891825645	2.7486413743751514	2.744241955826327	2.7608975673671017
2.7768924432000657	2.7981081260819067	2.7314579341026306	2.807937966152958	2.7849923252779316
2.8220960839742806	2.791952934710513	2.801571868378411	2.79623458567177	2.7904240556286917
2.802032166603121	2.856895413345843	2.8111562264530443	2.824148253319616	2.7920092350625345
2.8160926017625076	2.806097832056062	2.815073093765634	2.798524695719622	2.7723025653974696
2.8171539526651124	2.747893276959924	2.760442825987075	2.773336486198462	2.785993231010977
2.776493289311872	2.7639608000309406	2.77523367449362	2.722271727816931	2.803233337401103
2.7421087667384088	2.7249183122357223	2.725158352375961	2.6922342453417696	2.6852628266738336
2.6880468271839857	2.6415403052015147	2.668991590762088	2.6567677240643577	2.6037669143094955
2.6082560312286645	2.6013430089401597	2.5886897108358693	2.5663680627375123	2.5453140562868835
2.4733856189145054	2.5094362007395703	2.498583139886493	2.4948326308913	2.4385503171986103
2.44647696031262	2.4079857656398347	2.3936849682561547	2.362053010213663	2.372168860664366
2.4017601306180048	2.3712564245874166	2.2876009966521846	2.278828533091838	2.2664877528136445
2.2658187991461167	2.266430258948735	2.200895266767942	2.2321167200641514	2.1680533928163928
2.1745584181156086	2.127719833105389	2.1223897162485503	2.1260589324723442	2.1114963050990045
2.0620366705254196	2.072023799780547	2.0231915966849394	1.9725923225781714	1.9816551140844312
1.9395876690010618	1.9469425452434388	1.9327262943670247	1.9273910347748981	1.917106771138898
1.8680384823505578	1.8246099621306415	1.8002853614516692	1.8247524762919296	1.7591449712196057
1.7649771162158947	1.7895059802711986	1.702695811847316	1.711940971718926	1.7001622698125753
1.69259008894974	1.7002545057386438	1.629505992203026	1.6627248572679387	1.6245229646759654
1.5931565410360302	1.5696136864790193	1.5904997194507282	1.5164100466240549	1.5345404782335783
1.5512355949819991	1.51173439758813	1.4976891937089931	1.49094438976197	1.490556278839693
1.4541406576959923	1.4398589729687767	1.4188985117688127	1.3993819158952159	1.3945874510051557
1.361403256176572	1.343765803108464	1.342690838347558	1.2959680734216656	1.3353399935778343
1.2908859345366976	1.2487346340191048	1.2983570441373988	1.2277701226051407	1.2469793967250316
1.2026004792067915	1.2412153051282306	1.2098968324984998	1.1590199523423317	1.199978220802458
1.1300050418908172	1.1596731528754207	1.1506043677911577	1.1521327457055457	1.124414267466003
1.106665418638673	1.0324173892813884	1.0846736504367291	1.0597807918430955	1.0407424031918733
1.0157472264798415	1.0333050366348544	0.9833643671334888	1.016613954802425	1.0360429114920666
1.022061305183595	0.9844666820819242	1.0353494221683397	0.9558672601588608	0.9495908954631447
0.9570437182093243	0.9371676159308229	0.9399658815507937	0.939679131200511	0.934583907082989
0.872059129699696	0.8869807074655232	0.9041067939025633	0.8819719135735385	0.8454481175825608
0.8361736514367754	0.878047116838831	0.8322287787778339	0.842196686558091	0.8221504044359162
0.7848683184678407	0.8379968359679449	0.7821022357555171	0.8019913076776978	0.7752215667906496
0.7511366986044956	0.7898212218859997	0.8153222271755116	0.75312890596203	0.6979535859583893
0.7329277874343705	0.7400813183483407	0.7525545697884829	0.7203274288209108	0.6939459643517847
0.7050581373374405	0.6627736230546769	0.7242526252672932	0.6818258834106173	0.6714098833135786
0.6846951926011177	0.6438001539397539	0.6379192765558296	0.6940878875700651	0.6519446783150441
0.6523000306756435	0.6461211241525064	0.6340345675326899	0.6431568887434311	0.6676822776729879
0.6087241853201598	0.624395385089429	0.5596004087588047	0.6276308849889876	0.6336376108338476
0.6447043509059542	0.594191249505173	0.6001788799944053	0.6174962710068119	0.5779619847725211
0.6002181011723522	0.5774216618801121	0.6091722404243542	0.5633374788932427	0.5148543869619082
0.5743436161193277	0.5242896145128821	0.5190353968290753	0.5158269343317387	0.5147425798732836
0.5712371376734853	0.533068756996343	0.532215754514664	0.4670571772328896	0.5367711050071176
0.49449543578228183	0.5132445642012681	0.49523192566447954	0.4766340273866959	0.49173358655476324
0.5239225939668002	0.443932924791556	0.49164360014586045	0.46783229302799967	0.4629392144913051
0.47805037315800236	0.4609174495027319	0.4468021622196633	0.4644240248378727	0.4848032788030446
0.42164932762753154	0.46151199317703434	0.4655394366533509	0.3941523354357717	0.45822469382040953
0.43522092080687474	0.4349994754568894	0.4479599026442495	0.43209847036332427	0.3980422820847828
0.39845549965857974	0.3892882639852461	0.35930927477686486	0.3926480774896306	0.36181565694594786
0.39530020612203187	0.38742598954891194	0.37017726307067267	0.37724899532891226	0.3900838609523192
0.3772727940637361	0.3572553493663917	0.40414903028151294	0.40109175883796566	0.3604144137453921
0.3598061241578453	0.3919700145837143	0.3771418901276008	0.38540158101635513	0.33344485667220747
0.3556985612414612	0.4142116078095499	0.3408958197029178	0.35529854712760567	0.3286814793910624
0.34656306358209504	0.3741039756879099	0.3392064790688029	0.34808140690978084	0.35107160610670995
0.3810268736128951	0.3253208096811572	0.3236732983954247	0.33297340812751886	0.309958043738218
0.3138124136182826	0.30957093485603016	0.28477114416135196	0.3321812694501633	0.29507807755319726
0.3180024230595407	0.3005855256791384	0.3227881735970921	0.34711282623866546	0.30241390751474273
0.3051794659883054	0.3205645903788189	0.3163413813479066	0.3321153109841296	0.3239460396181072
0.2941574321352227	0.30865592110954276	0.30112715151974195	0.32270479633182747	0.26775030523430715
0.3227726167143311	0.2889454384189355	0.2923171915378165	0.3321552336214495	0.2835602003277932
0.29342130397091437	0.2561536707435052	0.29496193682079747	0.2795170971478362	0.2618108844985102
0.2540801971326739	0.26325077685459103	0.2837896689563198	0.27186406843290173	0.25778270034821693
0.2496205620341294	0.23169323071456796	0.2618216322585001	0.3018557784450494	0.2423455460240817
0.26900473174898515	0.2613535641030021	0.2619718335894412	0.2608324760228639	0.21534339702369215
0.2546108268402549	0.20955701868748736	0.23313351101226068	0.2454083098403047	0.2551846918286572
0.22832741086944244	0.2247507561697949	0.24138908423075628	0.1857639429451462	0.23399437602354448
0.2080903007290349	0.2216848844905091	0.1950483192589616	0.23406333026257958	0.20167756734372994
0.2167754641540073	0.2564252817194802	0.24883723397570956	0.2446781147973394	0.2116190962800178
0.2151668860285472	0.19428182350923193	0.20346602039385359	0.25626069661743134	0.17377154685596324
0.23948516739049772	0.22320892161059794	0.21460382208213843	0.2627691313877141	0.1826617134519124
0.22384870784767236	0.21141070692836014	0.2196239305538803	0.21905638955645124	0.21873051090358264
0.18816433214430875	0.226272758293074	0.19281424030713912	0.24006321796787208	0.19832591097813385
0.20043058419157822	0.14823595268049752	0.18769127513726167	0.23629271752891304	0.16652790246589314
0.212987249918344	0.17626390115646248	0.18647897729599336	0.19164809189790066	0.18016080689360578
0.24664263812962509	0.18384429808669225	0.16879691302549546	0.19063379409820402	0.22086850639236144
0.1807048914415567	0.2114814764529287	0.16980508392387855	0.1855210541653084	0.1968336019659454
0.17425517259632717	0.18673957718865636	0.21510801985817501	0.17459327267192493	0.1599843743458047
0.13590330487404223	0.22030550835764987	0.1514799467492713	0.18571628690097186	0.1214640263815235
0.16264601927341535	0.18161292620178576	0.21653678122145878	0.1613284584189563	0.16869353344773333
0.143119456731047	0.16628884726380871	0.1579719565772138	0.1581800857740825	0.14808198204680845
0.15657743409349884	0.15278267598784867	0.13642570229017925	0.18685730466012077	0.19336159152751978
0.12919493057470027	0.16856688852851617	0.16314422788740313	0.1261040385032223	0.13364511817568223
0.1341337004573803	0.1427390611336817	0.1236478499336815	0.1743619194224902	0.12063536028307249
0.12477273160642977	0.11193614005560867	0.15769069139350442	0.13220802889651137	0.18036407887902756
0.13692226831344836	0.18241119951151866	0.13352059150858853	0.15526364168592935	0.18563152051551862
0.1684387823936102	0.12343437803514795	0.17978622873024405	0.12244219782613364	0.16856990048978016
0.14671030398051504	0.16737798351685954	0.11261297861026226	0.12535847236129077	0.11184924630399325
0.1456533946901921	0.1554969980887022	0.16354874594206883	0.10858013800298767	0.14139788323837488
0.15348151180045336	0.1434459749537751	0.12474812745651885	0.11381464110084841	0.1648918142250357
0.15992679673046922	0.1197442709536112	0.14366752701250968	0.14330337371007856	0.09723609275064761
0.10662747945972764	0.12717425650919395	0.1258918411573081	0.106525227986586	0.13678755341276588
0.13458865402758252	0.10971707071290393	0.13416646497692988	0.12259998405116466	0.1285473615936639
0.08542268204642223	0.07775318122244416	0.12563901209210557	0.08717947034627288	0.11057608051837364
0.14523564635094569	0.1395073207626426	0.11329820991513652	0.10262055465400971	0.11093406652038248
0.14129810677503712	0.1163733159655197	0.08669755619683633	0.13857943755585173	0.10114798957873963
0.11634295856348019	0.16393412767718943	0.12418911554166426	0.12328476962889502	0.14233650007724571
0.06744439859292387	0.08176998593558232	0.14721592330218636	0.1200648205640928	0.14138843046301153
0.11981784117771897	0.12353118303111994	0.08759580156408482	0.07223168203179792	0.14047585094693282
0.12915184846563194	0.10277473252259295	0.14182187674410263	0.11583440376398188	0.11274227347987054
0.12292769915070945	0.09690525459438762	0.10466467034099085	0.14537549344267364	0.09134098812402729
0.09508600498270894	0.11531286171248052	0.10694430497338381	0.10539358233392784	0.13418839688746828
0.10716829148122776	0.10599749526337628	0.13506136231548235	0.10428044602168682	0.1255043392835251
0.11929552202804351	0.1283964614820265	0.12693959628956622	0.09564294030795072	0.08370084332608708
0.11198899707725682	0.09069717910252115	0.10200301761837313	0.049495642569736896	0.10356592800664333
0.14099526625108305	0.09693669200897655	0.07808080297146522	0.09052342220873705	0.10643660707105246
0.13961546676965628	0.11334623339788757	0.05686712465778299	0.1437667168872426	0.10731413227985384
0.08628999311107424	0.0938153835428171	0.11847785745882135	0.10412350082296741	0.11183300607796291
0.13227096395793878	0.060462881735675864	0.0816485909703441	0.11936446257454514	0.09862987188319597
0.10094773063741729	0.09189403582203638	0.10159949813084901	0.10564516768214754	0.1084854658864774
0.09217223665076432	0.0942488333275327	0.08175938614659585	0.0881584718509561	0.09168681417948148
0.03755996049949198	0.08497465257026401	0.06462361698469277	0.09759923781351082	0.09144626728270666
0.09173281864529213	0.09456523709843925	0.10363779958801925	0.07786143305756844	0.060361444120623185
0.07729318560399531	0.06698808867836259	0.09654470425371835	0.0695378969653435	0.10352038829675969
0.08584400298399845	0.07550986109861602	0.09445139530918657	0.07489114905329781	0.06399375441518454
0.08174471903646528	0.06788867536139737	0.10352666175240283	0.10161767790199944	0.06419941378442053
0.11223798997154341	0.11562076749707619	0.09192726696541616	0.08778357458311728	0.09067104542912441
0.08734801531104729	0.06809894212808881	0.09300870826042452	0.07303724391325232	0.024656461412669906
0.08499864227574182	0.10229995858282707	0.10366566907481478	0.0813694418001776	0.09721599159703256
0.10553239182496754	0.052923467470548616	0.08055756261898157	0.07487919511345782	0.10265127323158388
0.06571679483026457	0.09367436312383279	0.08089348439970549	0.10912670434069485	0.0820531838150625
0.07085856602157227	0.07557277000013048	0.055753814962252415	0.09492791082525096	0.037221416493934636
0.09503082502461731	0.07359960106858736	0.06453504253304379	0.057570175716789046	0.10479063496677317
0.05196394006471715	0.07634412204814568	0.10422075772487374	0.08593739851893341	0.0791698459839715
0.08062178272043508	0.08863746350614067	0.09333969369816636	0.08881075681946392	0.07539049199563745
0.1035057120675696	0.05830476734931842	0.0701122078100795	0.09893062780219494	0.07136113125506023
0.059429248481417736	0.07833206543272622	0.08488970216823526	0.050337720649826334	0.0728846173511817
0.07428262383441826	0.026693107369576127	0.06376454879089112	0.08600197356966263	0.046515554694008525
0.04986388378903622	0.09410367197168557	0.08106799137276541	0.05393306149825669	0.06888750512743791
0.04782520147858624	0.05551864844663818	0.06962181052724564	0.07554490070530363	0.054588791056329584
0.06337485903323709	0.03321184562029493	0.06152547260218268	0.04854751802760711	0.11098191003980548
0.10024088454870746	0.0915066825483519	0.10399498780582912	0.05023630808134312	0.0879355731675702
0.06653997286188648	0.059618391827215574	0.04600718471137175	0.07019836022669029	0.04300316062175357
0.020607611246284553	0.0779039870602422	0.06012578638678406	0.04554753941933571	0.057808266843454525
0.05165108534107308	0.04031848315496885	0.07092253207061595	0.03607067504086183	0.10917592282815901
0.059885573417907866	0.0577581160253999	0.059121515695717795	0.05772385703971917	0.024999899054690057
0.051372919806188064	0.08587262831787587	0.0438815751984065	0.08444472568645014	0.05525733311338487
0.07886810554047065	0.055174172205516195	0.09279919946348171	0.052487379287110086	0.00858351606703831
0.06622936927520857	0.08581500125998329	0.060639859127856875	0.08661000051812975	0.058631070326867644
0.06576391202872488	0.02401908502123124	0.025588339854314534	0.08321359723905611	0.0795019802871551
0.04847608835497676	0.03722211573648643	0.06811142219905461	0.061439271267468926	0.04374820118688527
0.0456330183785969	0.047161969788629646	0.03118287642814022	0.06540427184249634	0.02562690913987388
0.04370820618317748	0.024954002893489882	0.037469960319474915	0.02341486371174962	0.03412557815957239
0.03788946630475234	0.015909202682161696	0.04252767917606914	0.05135518574670264	0.04344126816757855
0.02679021401045609	0.023931306740075136	0.055636687287821694	0.0244050040260491	0.045880704154724374
0.038863106647919185	0.03288587918632604	0.05221725224718269	0.031995187728051586	0.03262597252636431
0.01805491945948967	0.025149182714134515	0.02073054866504844	0.051635606516088006	0.061185535657502635
0.07372866746847606	0.05507254471451191	0.018878258386642165	0.047938419503471975	0.00935961964355141
0.03980374089154692	0.036765861257294315	0.04552404322985116	0.0347655904812448	0.03818012559786463
0.08490835184016737	0.00717351900077483	0.031997939077302195	0.039662911608191534	0.08627595746771186
0.047335841750661294	0.05654635567940475	0.06800060093785788	0.05608610222981091	0.09061466337590914
0.0454054270504142	0.028846280153342008	0.033726478856926666	0.05563230211833486	0.029161004370059966
0.04697059177464659	0.08602599192492535	0.020845967112262467	0.02123586795462343	0.04242161795289077
0.03720494817065239	0.021885164442555772	0.04488512252294379	0.037887099017571174	0.043477324530240335
0.04298793536556285	0.05998844952896371	0.036452513033664265	0.026855160771630388	0.03720914459108163
0.07686804730280153	0.035629118950745	0.025158780716793804	0.022488564815812552	0.028559986430533684
-0.002278675166726211	0.059648328979109044	0.04769174739456443	0.025094665877201498	0.05580545026266934
0.05362216347793817	0.046826775202047956	0.057061688607275146	0.06104864483399826	0.0651928946418252
0.03421054370221532	0.03999828582604142	0.03791966817878809	0.086586715392378	0.06309638520775404
0.037647236055304914	0.0512441021947943	0.05275676694370786	0.01084414374353189	0.019575547385480625
0.0414659373364633	0.025368629600704906	0.0676979700961814	0.05944566778453669	0.04161140447135724
0.04245712650145199	0.03229782029776218	0.061003612316293566	0.09180386478705395	0.01779268824352014
0.048368775887203806	0.0021161688193045425	0.04170349801267878	0.05822374742078298	0.0019808399109103054
0.04431695205230491	0.08385600640953748	0.024480042307410063	0.035000843613645076	0.030943994026066405
0.04990772974858437	0.03671089115944604	0.02286052697141904	0.03390340401367148	0.042809531202178674
0.079225191501539	0.029364057075313317	0.026861223713043447	0.05946319685438524	0.04725540951063919
0.021133674467190364	0.05171381945915318	0.04884784617458899	0.028308947942723234	0.018963952967250054
0.03768089784802916	0.017576541821547022	0.05907577694839186	0.03873839058609155	0.03917496158658146
0.01077274789091029	0.03428473826516082	0.055544357150590765	0.012048651523462819	0.02406338751978877
0.010443866134691346	0.048916134519672146	0.02256795329044645	0.03973659744689948	0.014471793202868937
0.07610202342481552	0.014454262569208107	0.05911679048924106	0.027612304032127534	0.08094307118507278
0.08428411511692588	0.04444229425022887	0.012615107041918393	0.0555685153942373	0.05972120289195268
0.057454419698358364	0.015891359427420752	0.04316445668573504	0.056750027280523946	0.07645424057365523
0.002247989312778447	0.05161349122061392	0.0042979181009945334	0.07824327016517994	0.02640335292792181
0.021348763349817383	0.029340880516705945	-0.0011649693805075127	0.006906818594641453	0.043859273663113596
-0.014936672946473929	0.036758234783537236	0.03079781835003188	0.0386783007799894	0.031017267132720343
0.04660743850438456	0.04319788283519844	0.011658934796038373	0.04303573161652048	0.06879453067787253
-0.000633919212604797	0.028469379945025516	0.051709923848754676	0.056365040453439604	-0.00021599563537202156
0.04433139849448793	0.0068411642355797825	0.032392506611263576	0.06566790390762514	0.05091654050672924
0.009958367025372308	0.008631405906968636	0.03914194706257791	0.010016962692584779	0.07965244828608112
0.05269296091274377	0.019216670344545536	0.042456354664137774	0.03101238870531291	0.032017077359685904
0.0352758686644254	0.028744719586568573	0.04549999479582632	0.011843892099985062	0.018158000175338265
0.012443014637336287	0.04883683250631778	0.042545222787190265	0.05634964829740621	0.033126502259245336
0.016842829702108715	0.03636951530399761	0.011405941960482557	0.012625723394923915	0.04076489896341698
0.07185662723950695	-0.005001499034926446	-0.0028770338442223684	0.05398548385352614	0.042785486333874176
-0.002254402557899723	0.029856689411540578	0.010648323693067849	0.0733780069265461	0.05476955077850717
0.04907175271183135	0.055025947884232124	0.040281455182234666	0.026466198719363808	0.02285402685650687
0.03928638965290122	0.06351031336144988	0.00746209362737367	0.05132637748464802	0.06324154688416325
-0.028239649410262087	0.00840569028859153	0.048164313883671525	0.007400533848186108	0.08376984709048574
0.04440867660017387	0.026813209241623955	0.03513665159564765	0.05850956434157178	0.028595191964961866
0.009435260884515333	0.03626002564880868	0.030844969487294642	0.007358933934180893	0.07072077440661509
0.049298712833876546	0.039904497075477025	0.0727800100345759	0.01676639788478157	0.006764373384216625
0.028742714737062944	-0.010628614793145664	0.03563640142442271	0.06766929427625325	0.005027604160890713
0.0637205057191618	0.01595295252880148	0.03470413370767329	0.0271753361576359	-0.006868922062184176
0.045391168744370054	0.058982681614554174	0.015564261799300663	0.03809868759977045	0.04960506068169041
0.019376144695548866	0.06649630333086645	0.04099820988917972	0.05516454565293093	0.0710003112418806
-0.002225312497812753	0.01512525999256735	0.027555844939563118	0.02609256380603613	0.03520919579534928
0.07346848018969922	0.024444609742563957	0.03199735962927353	-0.007931427659885148	0.019453929494197393
0.05062822706394764	0.03798065451822581	0.013328393653003477	-0.004773033043163039	0.037288665131718746
0.06946732973500548	0.02651656144288122	0.04050340680438108	0.029397470865355574	0.018689310243073663
0.02937990569863922	0.05062560767169191	0.027905610403359864	0.015020193565353944	0.026312799805206722
0.021205557532990776	0.035689181519269454	-0.0015426058763330919	0.030703490316151393	0.056102546759298044
0.03716883286933994	0.03256014677901465	0.026718641139107466	0.004764994486785618	0.013737477343687679
-0.004565629872325382	0.006476448696383972	0.0731164839998848	0.04504799907061467	0.004289425426933834
-0.004791976429333917	0.04125604158147135	0.030029122494507517	0.007537662445567869	0.0068359080749671765
0.006615296198427316	0.022995650057795712	0.03416807942097288	0.03559980721088802	0.040620938053365904
0.05326364063873564	-0.010870564479411385	0.015622070072424936	0.03908285378842098	0.012615631752580623
0.04029806806270257	0.0703361293967507	0.01788129838705238	0.021250058270142484	0.0007272084398088231
0.040009029857708385	-0.005755363130878732	0.04655476579375628	0.03759275017580524	0.036854717975189286
0.07015247769712799	0.008670176519977724	0.031220687774726318	0.033139606302733444	0.04100046197402476
-0.02407244054940671	0.063559494036691	0.029477529711987572	0.0224968037536424	0.028294795281511294
0.06310174763250623	0.006352403562223493	0.012597281205093968	0.02172417121365019	0.03192344325205108
0.004774076474406112	0.010927535490376249	0.005398078962336536	0.03455073937129463	0.04506336420925838
0.010570212262142338	0.02143747540040447	0.03281182933312689	0.021543987121936947	0.009116943270978853
0.015624857147660574	0.030470808809129633	0.05453937714394705	0.058408312656295126	0.005007803610808189
0.019448408833341202	0.005530240118645416	0.08125301542109808	0.03406508775813702	0.007161094798284477
0.009579922222242129	-0.0038342353990342	0.03806444548218096	1.6309816548562648e-05	0.014535472430144854
-0.011619280010799832	0.03838064948014659	0.009810858656984354	0.036083536236987124	0.01976095931183488
0.034298734899681556	0.006543655024518158	0.04264539300711029	0.027650222726214355	0.03267947495939738
0.024970305779150007	0.002224727519900365	0.025211304391102494	0.0739603170377401	0.02093064952256709
0.010500774486493027	0.054842356631856146	0.013691094511726218	0.05388840509212922	0.02606325805814238
0.03706902857059818	0.012693904593659947	0.02461472791769683	0.004982527433948472	0.02712285903115574
0.05094359626066296	0.03230947923847384	0.025616098376678186	0.030753963300298538	0.0018606467873004745
0.021187928510889624	0.05955320229612431	0.016179156625480882	-0.01257051334968952	0.03652259217115876
0.0449850431261428	0.03728220808648874	0.0506704138993183	-0.012028193144509109	0.004909188495815729
0.02783508525646758	0.02243679286244152	-0.014618864228371213	0.01510148120167297	0.026620993502167036
0.034897938022370296	0.05257107380822408	-0.0012065497250622718	0.016960670615533607	0.0489950220032715
0.02691324208857818	0.008753257430062592	0.04642076491783224	0.05880253006044657	0.036547723322824494
0.014279598283542546	-0.004505533372435112	0.005896304064867948	0.04669022423434371	0.044339311925658084
0.02833928227148086	0.03685594590483226	0.056361975125145375	0.03683435213972188	0.024159972588034758
0.04580319714080063	0.043993436233878004	0.04592186105289023	0.02379365509882032	-0.009607947209426173
0.00494620325579279	0.027858017452065145	0.020259502984234286	0.024710123777393914	0.016749931321628567
0.008727265423310818	0.03089388039334979	0.034042430460724575	0.006569733873042641	0.0021085892908875286
0.05325260950864936	0.019210117118256494	0.06829138022215	0.03187478756402478	0.0026251665142721925
0.024350087117078895	0.011860365384004938	-0.0006384546692369559	0.04747323372779052	0.030038868943539278
0.005813206099167724	0.009832625634368448	0.0016013378846016831	0.019460569079426927	0.027300447760677138
0.028370881781905728	0.027156944655032503	0.012996487807204651	0.026767536645889795	0.016837647895377818
0.022798895919034747	0.032828837432187646	0.012640259397574361	0.03114861138326807	-0.003208167911270802
0.03082711576918936	0.02995489432463212	-0.01919561614717212	0.022735220811211314	0.03241725652969862
0.022221373043185142	0.026928158389725843	0.02610610304346483	0.02966932716121138	0.0684603650014258
0.047053559174723925	-0.018162340452927098	-0.01313072294502633	0.01120173641257698	0.0015038012744979742
0.02176604465827852	0.019510156321424468	0.025851762527765026	0.015006691741998387	0.04899495368652307
0.03203011171551506	0.0050337526009604505	0.022679988940451572	-0.009498180882177111	0.022442794350668392
0.001165550295050559	0.014244544673451674	-0.017463602906872773	0.008166919363178643	0.014056883621828897
0.051157127093079416	0.006050167702680286	0.028324392926227477	0.023050758538828618	0.028053079054040066
0.012018676044666143	0.027209452111088137	0.03939505517790848	0.025968594912401194	-0.00830491760558592
0.05252731349543836	-0.007830607701495811	0.026985892932676878	0.047538858741050655	0.00857775843378477
0.05883674897888761	-0.0029924137697397136	-0.01103395415229285	-0.015097607571094993	-0.030860504272129618
0.0001401343250994648	0.049881555975943445	0.021764307943490834	0.02552220777005301	0.024391144902306688
-0.0006218568837091133	0.009125102714255788	0.00036088823284640727	0.02697240837101677	-0.00562286238455465
0.015653106733060793	-0.018025400106531538	0.0324655636062352	0.023301262208500456	0.014045062942719132
0.035326893352782676	0.047106600563656335	0.01622433326412239	-0.0017795504103738035	-0.006948350488543765
0.01348222429914644	0.03831552537029442	-0.0009162138699367094	0.079119026063429	-0.0005315902438007333
0.0415116766347267	0.007588820457317328	0.0431791027443047	-0.007311021754805122	0.055322638344793895
0.012560004747401633	-0.002054694372416006	0.03432192789171649	0.027178454262286513	0.0035038489562784787
0.023717249900048958	0.03377391590821382	-0.04242936307753121	0.011792053796608075	0.032888814196178645
0.03683693825100025	0.04301039789310063	-0.012206274296724912	0.05297504937302782	0.012397755042989806
0.01613680927922711	0.03831728741698846	-0.002945441141996917	0.0292270053904797	-0.014750489159430266
0.037753747042717216	0.019966206921992174	-0.0338070699667549	0.018728850368687988	-0.015315412834790132
0.024337514044797507	0.013450492751352777	0.02376735742677926	0.024095049322994857	0.0134292709164004
0.00770395596069908	0.0028696873442305253	0.03562117076531088	0.01402664624442211	0.03082867253299208
-0.029518099130961026	0.020910056415900356	-0.014511385488596241	0.019278912472777746	0.02452819250683639
0.01832990903479372	-0.01140489355919412	0.035132786084044056	0.03849848007164261	0.036628760725919744
0.02487114907840992	0.0008609828497469349	0.002637795328543904	0.055223904458645084	0.0299126653173021
0.04896268386429376	0.02473863910826526	-0.017265014814458884	0.02618725909898268	0.06496818405229746
0.048803919272124095	0.0557482964619024	0.008409612252077226	-0.022137996029659435	0.04744683856871347
0.051320987181043644	0.026029085088950413	-0.0020363645579403408	0.027061255341562993	0.04833396294449089
-0.00010577681582767725	0.02492198216501567	-0.010745214620947175	0.04007866351274266	-0.021449738607668946
0.0005593458586235405	0.016407619696945604	0.04168957098860397	0.006370549123326765	0.005526883085530892
0.02429859526383023	0.024853393653020483	-0.015447101816655203	0.01675788837862109	-0.01337031820432269
0.013523114768043496	0.04427283396918382	0.06181111983452863	0.02639906517665489	-0.019130323124180504
0.03798687846248876	0.03216702041299821	0.04781991799481166	0.020212782563295863	0.022206661178658334
0.00225992383814356	-0.06307447359603478	0.03962002813360339	0.01306094414522747	0.04736055614860383
0.03848755744026922	0.021582257572556666	0.06827343283808764	0.01703313875686423	0.03365713256676619
-0.012611043570826243	-0.017468901128596007	0.012012255357314412	-0.008211216798747504	0.0040329699990717316
0.005385011266626979	0.054403463097360584	0.02716033575309409	0.0358946922414064	0.01918597786799797
0.01824118388818941	0.018346233403847764	0.019866894818115592	0.025228931126595813	0.03105828676670185
0.013074862545894104	-0.009735120756668374	0.03336424988697933	0.0024451038713245695	0.004854666112017577
0.020796699050607576	0.03594470050576657	0.030696976642443106	0.020529053966835388	0.03219518164760423
0.03504289486508082	0.004890856308949012	0.0031645669241691424	0.02342144479140114	0.0298479424443445
0.001139134409053071	0.008183906681145459	-0.004428641409069404	0.01965737203751529	0.026465725522074386
0.014447931549662417	0.04396910726909384	0.013579227078653083	-0.004996147753611745	-0.011584436002725889
0.026179880722573996	0.018317808756214575	-0.0004950052456839009	0.015161224129879337	-0.0024837929730736467
0.0004118753160893751	-0.011698407150432716	0.025621520693856616	0.015559290743587105	-0.013005177527796393
-0.025313261238531597	0.016732470618797186	0.00499644030387702	0.013827980071846876	0.018951011844191932
0.023871373298894324	0.0184810547248735	-0.004315715055158776	-0.011072596799690632	0.007193189279821142
0.0031578904312461794	0.018687981874092936	0.03228764690540578	0.01739818931615059	-0.01878528333899095
0.01793324960191966	0.02128751235056485	0.007264858837819244	-0.00012157712543748797	0.008991531781471307
-0.06300514255606113	-0.03640524060516714	0.06281439035805719	0.026833431416764555	-0.0022120155514903624
0.055509974741267516	0.03659110732160123	0.010395749878826036	0.038773449565036755	-0.00925385858963853
-0.0123439200066691	0.008232688590389985	-0.010221521715256122	0.013341798802684525	0.003273319268685083
-0.010718562115127964	0.05004456991404953	0.018344959906975142	-0.030950715571071735	0.011229696795437998
0.00965861808135405	-0.004709188673014959	0.025057167504379023	-0.007161055229210953	0.0056467184455331314
-0.014930072270483083	-0.04424510103253908	0.005165600936788783	0.003416801502333554	0.007438041637232834
0.03978966605151136	0.037249591080440146	0.03571957828541854	0.03311448241786765	-0.015985765427343458
0.03612254318550924	0.013557504865952863	-0.005287486791202764	0.020720927355175785	-0.023055564440265252
0.028160085877508047	-0.010274470958985166	-0.017169263301499316	-0.0009834019702889708	0.04037519366071745
0.01567384430992731	0.002167352614093274	0.027768574379529287	0.011648210905789932	-0.011099422342436473
-0.0011304990179985966	0.01650524945205999	0.02087421608474819	0.034970092024828196	0.047829902243270904
0.020239089309370465	0.013152967199028821	0.02703993213883137	0.00744227552603776	0.03513266042330574
0.016793274836664072	0.03638805880755393	0.028627318180929298	-0.02636721536507935	0.021739051862629345
0.009777072054696802	0.019818410309079017	0.033186859887856954	0.0074982321750889725	0.04629064995343852
-0.030366348073914428	0.03804527123064343	-0.002168158255198515	0.0275805098172168	0.04791122015221267
0.01684055785738594	-0.001407857511795829	0.04020679986432629	-0.04987391208460215	0.06835616786289468
0.018245881986664554	-0.006654752182353534	0.019926137290598472	-0.0009061235384065103	0.001313140994817389
0.0242294140324968	0.0020689433643979035	0.05444930450929026	0.013001939832515928	0.007578624912387824
0.004201782440713152	-0.0024089025392210126	-0.029518773723614264	0.04604367050297405	-0.007249662950814726
0.019394898218630156	0.020286423799076914	0.005697906515505951	0.014801910059953537	0.027792124448866324
-0.020465992648484373	0.03161149904019608	-0.010101495441349712	-0.005522031462071214	0.002722412514165728
-0.03627089632986209	0.0049568645529224405	-0.020684472702604977	0.03039633473044353	0.042372052319137245
0.020159521997281476	0.004388781517720507	0.029550509166972588	0.005331427812946333	-0.012819435565466145
-0.00040266692340461523	0.018229059522098558	0.04749991531141652	0.0708131058544955	0.016068591168122478
0.05221663429926896	0.004570708678474462	-0.0030844227116518714	0.022560063533327686	-0.021579470329510103
0.021742055852799334	0.010636659447082603	0.011656313014111696	0.026271374480707026	0.022506789754232818
-0.0033152951155553246	0.05220041956960963	0.02513512669920133	0.04220331054531356	-0.006594883091161923
0.0034466647944241527	-0.019173630266570187	0.025218206389332885	0.011529630292436359	0.037797260376247394
0.03191569470591208	-0.02298385483140152	0.022226039644882106	0.046280801885545016	-0.021804925911422333
-0.01989550891919291	0.024240586315610366	0.0529030763377405	0.0484127453782587	0.030954081526984943
0.003713939285113606	-0.01767857740324581	0.04976785999431111	0.013590043753599582	0.010208061436995092
0.05620014815449244	0.038118334679643366	0.03637507005000399	0.02537836166329468	0.04969688936944472
0.03748154012776506	0.0030213135564936206	0.05749938713574695	0.025590559308639	-0.004617372506386021
0.05245300307371346	0.04932935927818884	0.03226232307990877	0.004280362718704768	-0.003704627753886112
-0.049664597500312734	0.012268186377018327	-0.03782798694405355	0.007124797179347517	-0.010252662488497516
0.005139376897776858	0.03385684263760647	0.027235241104810577	-0.0023626031337802902	0.041496889205394835
0.013961269701030897	-0.04502288438851127	0.01519571769621088	0.002559711689760869	0.028451340442783263
0.009918772238295667	-0.010557258973464446	0.02615880137129099	0.0023681922152695347	0.04522741460801324
0.007944309430313098	0.03262575724540137	0.01620675984659413	-0.015229808560101143	-0.01981135466224461
0.02728850364103471	0.031771245144455826	0.003303814563622356	0.04125316421109297	0.005975163193316229
0.01821126533341623	-0.0038344460557897106	0.011219151140625496	0.02833541165085807	0.014060342075231942
-0.013759696655435985	-0.006594756551877929	0.004141789095382159	0.012626558347387866	-0.019050096417683265
0.05439334061429335	0.014893978113213182	0.01140323897306041	0.01349081727821547	0.016931564286511307
0.0475103112851021	0.01635433447242634	0.02384545672908199	0.050738890068972795	0.03393781332670244
0.033830184444746565	0.007686672461576542	0.02473745855946808	0.02038854695268194	0.01287668984935953
0.022344626837671494	0.027243102277589352	0.020078956848896164	0.016396258309675168	0.028294758802729927
0.03357422565337951	-0.014273692130343199	0.03141719549263101	0.007232281558595311	-0.009245882008294381
0.019372232858972285	-0.0029574026997602355	-0.04303364976541519	0.007636772737967638	-0.010046919495499391
-0.020440335174755207	0.0038939144937870235	-0.012522947864551763	0.010172929568291024	-0.0004318466456679987
-0.007264709082480223	-0.011635142109480471	0.011284465639758849	0.0391386681600283	0.02248124183131818
0.022217819196720664	0.019707921712470933	0.009060167700283797	0.013109243654731656	0.022641428740954844
0.05514753203762571	-0.02902626567021683	-0.021091124590645945	0.07740983987245206	0.011468124475790892
0.02027454562015149	-0.010734429864723257	0.03357694397333533	0.006860118656427161	0.03700190588475993
0.019186567147826534	0.016096803020822878	0.009209137250709426	-0.014308723365960686	-0.03287184710238253
0.013452293611547893	0.005976766844607262	-0.004408359341237286	-0.03041849921150193	0.005127648271481408
0.03146084126123983	0.016367124728487975	-0.0009311983352707567	-0.011446961812498916	-0.007499699931238709
0.02239924351394939	-0.018876503854203933	0.04785330297474748	0.022778482348885014	0.010409117908059318
0.018706449185725206	-0.014517771352303512	-0.002048336065001018	0.014891477515137365	-0.002557105218140492
0.01992896457618492	-0.0031505586705014637	0.02478917499813299	0.05173542960803377	-0.01633537531570889
0.05236917189593506	0.003996589056119477	0.01823238585559872	-0.02407601390969423	0.04781146495473791
0.0005319971279459552	0.03057519130811958	0.05202193865866765	0.039369859900696164	0.016454335438035452
0.016188228737606492	0.0015111387833988688	-0.01684755026552449	0.00336728390391824	0.02471028177608639
0.0010841584650924043	0.02949752454030452	0.03342565601870753	0.05672273523376538	0.03536064526412803
0.018679672791332237	0.0023440264666002497	0.034662002784180974	-0.01691700686334239	-0.017022290662732358
0.04321672814740122	0.007421059403457017	-0.018200697664530228	0.052129859789306676	0.02829215011544338
0.028405784588452353	0.010530971385321357	0.013146713143129044	0.0013340672868111215	0.009991557704244479
0.012400382478002113	-0.003275560496774887	-0.0019637491969987323	0.02369235509743415	0.013067340580569792
0.0397783693349502	-0.017314882654315404	0.0351087608635235	0.003998416674886609	-0.03797998484833955
0.023574650556494964	-0.014406160467133063	-0.04156088303326959	0.010266320487865636	0.0012060501842558397
-0.0012985434007854449	0.011322913318423604	0.04048517510259482	0.018247269444603732	0.009400360180469422
0.003370789929720454	0.0065439640576452	0.02411670864232971	-0.023122538528745934	0.06321231698646326
0.027422057340561863	-0.029844580596859564	0.04664790016512389	-0.01761960898136078	-0.00945393611877069
0.020781175610239944	0.03571189782008247	0.038097300254042385	0.023878257798630648	-0.0038143366683499004
-0.024779960088491468	0.003470917765067784	0.012178625541650851	-0.008430093986207029	0.03746002422926063
-0.035805829944969045	0.01576590389786852	0.016377203542435475	-0.039796800195594714	0.037398114588325114
0.033548489949564365	0.016023077397153463	0.005388040060034485	0.07322664908767892	0.021214121862501597
-0.009976482822874925	0.022402934363317518	-0.0025123230726687837	-0.02592289948575574	-0.01764176732921486
0.0573692837877317	0.020232078684491322	-0.007930400752044849	0.02552008799153125	-0.04194968390906928
0.023518543585540473	-0.00983889287847919	-0.004434756889888834	0.01665758530570153	-0.0163185701202031
0.022420192197312238	0.048750489522115234	0.0003781906231846402	0.003454633904777178	0.010116258018905063
-0.018744715507944848	-0.023180897862928092	0.009447689413781945	-0.022303393429128997	-0.008468767857667918
0.011550895511425758	0.050327516067929665	-0.029447425995122962	-0.015352308021648116	0.033853695484895495
0.034734276817836196	0.016625822965016083	0.0228945090054309	0.04467545599261188	-0.020538250043208823
-0.034440211519022844	-0.04556246598352638	0.008540422734890158	-0.001116901294441459	0.0051979460754097125
0.030253349440367762	0.02376447052125627	2.2084454457416483e-05	0.025612553527773647	0.02534046241600347
0.028402768575348847	-0.0001096184045754939	0.009185971531345233	0.01298639956857213	0.042584951870400525
0.017347608747036346	0.01130359384029109	0.029521729072841264	-0.028687520836098608	0.030283411136262595
-0.001572887949979538	0.010010043129155462	0.005244813409426216	0.052304902418998614	0.0557851660555162
0.0037935177883714373	0.02098111105858732	0.0021587446709992746	-0.00019683065443241565	-0.015097039934206613
0.012611538583463835	-0.0010768484132943103	0.0327694601636299	0.040320929364610056	0.04346933870923871
-0.012426341165427117	0.03440130738902321	0.0231271727840862	0.005639848789672035	0.032567472570435796
0.004289168397223721	-0.0013032194083060049	0.008895199684093623	-0.014460790732145876	0.014983413057775178
0.023613145203110746	0.030292766218628368	-0.00988218109015794	0.015798598751307187	-0.018737607943224346
-0.03114128625672866	0.013863635616675668	0.020128578644423276	-0.013836004332624604	-0.020794224232454854
0.013996432157573114	0.033670654612163044	0.02552499206501877	0.0029250553634355353	-0.01893013614672813
-0.01938088217816928	0.020979314865603633	0.015505545126290765	0.006000800491175043	0.027823640434720343
0.02499380580680059	0.04301192972564013	0.027671213377433945	0.02089636645380078	-0.001022832685106516
-0.01936721505964629	-0.01712598698395037	-0.012761085417576944	0.0010984980863410002	-0.004496592481710995
-0.01931386850686676	-0.025400632658203026	-0.018745055167964653	0.0306307423434671	0.029388911023574056
-0.015087792856723601	0.014343980559172109	0.010490109160784298	-0.0037730424430916097	-0.03915397658689066
0.024442921465005322	-0.023266331733326522	0.01606806526993711	0.0026281181547747057	0.019901339058916785
-0.0040195072056879695	0.0170300022378086	-0.011468597970896117	0.009058569709997744	0.06660476120257908
0.01765998791657244	-0.0182129362915793	0.0353514145986798	0.009473206120944995	0.029186822050899053
0.01283383181987484	-0.025490015525769783	0.0018134876577468348	0.012536010228353038	0.001007771800374705
0.0070235682010810815	0.014341293785456581	-0.015298831732729758	0.01542882015275991	-0.02532869423871035
0.004378813722351478	0.014156028976906909	0.021516247727989848	-0.04866371625426504	0.004984033567499776
-0.01385597104618915	-0.004777120447815711	0.004645696952643888	-0.008643237441334686	0.029914719876608792
0.010043741304410039	-0.0228402685177474	0.03350171424763285	0.04649020890396023	0.025885333418316246
0.028411738446354667	-0.041260591684539334	0.0005439401282748575	-0.0026602112712172934	0.032854943204775375
0.013939449200841754	0.0100798353408389	0.011195287602764926	-0.005110743522270965	-0.013450893041353797
0.00945120146630205	0.01989997369013648	0.013836347097327728	-0.002051126831184188	0.0021065978283370686
0.05546511285376797	-0.010605437038349062	0.042840090067840446	0.010487407871374716	0.00854501474362566
0.014774147388092813	-0.012036890361810434	0.024319931853431617	0.0004618251223674711	-0.02379202664894968
0.05799073509603209	0.022319687921274693	-0.008309532099011674	-0.009111539045924879	-0.030440811201273125
0.015131235853246987	0.04424004329853258	0.0395573638353085	0.005159701616121524	0.025645919232031276
-0.005468136388356392	0.026989865492174678	0.049409986379471096	0.018098451281830578	0.03329939293666287
-0.015391601595489397	-0.013726188266272962	0.013261896291462386	0.007343830756977198	0.00895341065259021
0.0016614974258327816	0.015426327159130775	0.02231275250780911	0.004443439641746103	-0.0038071568150730914
5.449509355404461e-06	0.0011807281810154785	0.010459932832421463	-0.05094456927762399	0.03889928202071559
0.03401422995420208	0.011672462122457207	0.016771455275064982	0.010528419606301662	-0.02854112494169407
0.02947253071208479	0.00672907770557437	0.014184471055950222	0.00677921510811448	0.0677920134253514
0.005395426039320006	0.028759865984892465	0.012271910348982815	0.00048621122820555044	0.026210735438704544
-0.03644701668215912	-0.0038827683397170912	-0.020141571383550185	0.010952493398394311	-0.01519929971320438
-0.008868823384545683	-0.017470115071231068	0.008552050175605692	0.036794165855652504	0.04128759328860739
0.009810310581740716	-0.01663067798664794	0.020157391307776686	-0.01656382181437624	0.018563068795532364
0.014258769902572127	0.0008511314838174455	0.012241636959833536	0.012918139228877478	0.04289298379645824
-0.013895183371812385	0.03631364249736357	-0.025560742181987787	0.0002793473689609565	-0.009609490185452178
0.0243435784276027	0.022512870964145927	0.03538951788611061	-0.010861036979381145	0.02401662720607066
-0.03196747585519339	0.025067562947393235	0.001522105476822867	-0.011011467597278068	0.021787981356261248
-0.005060370041439584	-0.01825853971787889	-0.002298275797620656	0.008331399691153648	6.106257138213146e-05
-0.03440770070998253	-0.0007490754413770557	0.02985042858154737	0.05784052921850052	-0.00010290381310006785
-0.013528632878579328	0.014873314458704299	0.02316805677822758	0.024253682808507548	0.02242509948690551
0.015312889279000453	0.0006644431489535333	0.05226733107235357	0.02269182270791729	-0.006825156581602259
-0.003851901857077313	-0.009769818607638203	0.01415808733143447	-0.003887835393506076	0.031231450655094306
0.031362593748700776	-0.051248360884403356	0.001136520088037496	0.01463817860446872	0.015160871386629651
-0.04061951908243924	0.016126776479776433	0.025335705403452438	-0.00820156647236594	0.026530390702666055
0.017388939259771103	0.011632671529324137	0.00642067398000421	-0.004093012624922467	0.0008845211856887071
0.03954831218909835	-0.025303724121192025	0.013762925728698321	0.03867501884704326	0.008059908546016433
-0.0299534751081269	0.008610428859909397	-0.04394090958198735	0.02239722161877874	0.0068392066759860575
-0.0005270962649257553	-0.01289209612048059	0.020193433237626755	-0.012580684334959836	0.02903886935969587
0.027813755658396028	0.008856408153941852	0.015552317893262092	-0.0203844384151631	-0.029319634828421655
0.019054530711241843	0.04193271626684708	0.012156615742770896	-0.001425791174906956	0.02511452876156284
0.0004818823151640766	-0.01671391929920639	0.020566347150148687	0.0057429661764030505	-0.006709191000583831
-0.005287070906725316	0.01634887909002554	0.027094739764690595	0.021029433611986916	0.09771048024326585
0.006787128565100381	0.020657858485408038	0.00326834928785885	0.050469075648564565	-0.0137578247614742
0.022904058364648625	-0.012405563295934334	0.0025734574607626185	0.015298321329326018	0.005053224144750491
0.008064420486985186	0.0138600380572948	0.00012070571188992942	0.06046833597618488	0.052887000856048874
0.017470579734863823	-0.011525216531550633	-0.01813325588497472	0.029592629698147944	-0.020978448695246517
0.02589269390860914	-0.0018853627658993264	-0.012546988086934706	0.03608518037761743	0.00217239586216127
0.0045882910629729155	0.019382588454381514	0.023311794713004402	0.000443499421712284	-0.023697986090520175
-0.024762734266048247	-0.041613215016681984	-0.005267530194770786	0.026049158709647885	0.01822118519097922
0.035034010897046504	-0.027597665389668884	-0.013561966240990424	0.023552059556313634	-0.01326698818026756
0.0040384482018906865	0.015637858631937288	-0.035787564652833934	0.003984517048773707	0.029809231885241746
-0.012499997758158117	-0.027488856005020868	0.0195772704814031	0.024453416123746262	0.006856094497397512
-0.012067634835214218	0.03681475687671352	0.014741841590909235	0.032712630625329905	-0.016824102460980095
0.014332111103326297	0.005822328694281962	-0.00981137938575752	0.022432552540588	0.01746466808014443
0.02167404703961913	-0.012811010647668847	0.04443322599301587	-0.022000168387549195	0.046270924600489496
0.0011204196292325854	0.04415434019661022	-0.010090944730520857	0.015793198954872897	0.022860270929834055
0.018632371252294565	0.0011228283494519173	-0.0016007715196002092	-0.016115592624916936	-0.011897543496006366
0.02151942287567272	-0.020983082053240905	0.04168953570145789	0.03280571536676032	0.011345417405565626
-0.023720148866540593	0.01142089624647974	-0.005337073768251805	-0.03578228593770409	-0.011837523669694545
0.032084125057779946	0.014075056397104144	0.03811082399274343	0.0475825391758455	-0.0019218746067394732
0.02620139585653921	0.02710765307550829	-0.007727088321658454	-0.02074814635136847	0.033584795014307785
0.0026536107283498273	0.020646263053568606	0.032007231690925064	-0.007074392441244352	0.001201643553583571
0.04064083908568848	-0.0027371810349398618	0.010799234298638322	0.0035721992722193155	-0.025050326568773876
0.029526229360674647	0.03675897188828479	0.022536282406653098	0.028916901672074505	-0.03281172096470878
-0.019508858821462527	0.012516428021809165	0.008342857245683555	0.027512361400891118	-0.006677220755466443
0.0010918370809509144	0.018096281117465633	0.020595209265745935	0.011119548407862638	0.011168927842306418
-0.05859157864236697	-0.009856815572722626	0.011501491697857831	0.0045756098702206816	0.03215877845393728
-0.0003550657669906983	0.014641002437006286	0.03961391105853945	-0.0019164913149471276	-0.00998288149189654
-0.0029542112978416177	-0.010099864758665074	0.013809720320436116	-0.01814551228373775	-0.02809772184897559
-0.010160657691344067	0.04823070814213687	-0.004090419665703095	0.0451967005379085	0.022346737425679553
0.02334377359463438	-0.013858031477302938	-0.016244822490144622	0.009991447184246093	-0.0208166629763795
0.0050964495706474645	0.04048927617633095	0.027988691496465778	0.022188568524155797	0.014693424038020717
0.04547081579078609	0.0013245816298769666	-0.002588659794648219	-0.0007905907756972077	-0.01006525528076879
0.015145441536799014	-0.05559199187424745	0.01597419873694194	0.006808223787460255	0.04374966163990179
-0.01200018854479779	0.008165701123869445	0.050171000597922885	0.02852035725877033	0.008017605988666188
0.04229461679877847	0.03452614382311795	-0.017609427445237608	-0.05446487236587749	0.02303744884930292
0.01501505277179396	-0.003728879033248091	0.040985999754673146	0.009774676390130643	-0.010035116405328927
-0.011941751299224874	0.04240712154843328	-0.016127657834365376	-0.014529026511499914	0.02998806142399968
0.003715119719255669	0.02404197165653192	-0.005920856438887465	-0.026026774808320524	0.005717706210818125
-0.0009298680772176506	0.026189816314025213	-0.008614468458590131	-0.016082888519495717	-0.002407728392562988
-0.001261185096974802	0.010923199597083556	-0.02935193358426755	0.035876798931117185	-0.009619928161933654
-0.012280447830484806	0.003456820361998632	0.03690564967013977	-0.0184244773570124	-0.030597127911630717
0.037584921412513975	0.023955329077016436	0.02610549349516367	0.02840732221431303	0.037001951359076364
0.010097813780127333	0.019172291568708914	0.005575260486637485	-0.024117623781858014	-0.013009303152081018
0.0059624338972904525	0.011534558808742114	0.005037187213327542	0.032590053126706174	0.005111547748302024
0.01504133382563321	0.0013848991716299544	0.031443602079613636	0.008133256490170434	-0.01392018856322385
0.018421967445530606	0.035852107628009874	0.013815401123409107	-0.015078649173931924	-0.021001203617228646
-0.016386975409956584	0.009300933498904533	-0.002858471247432085	-0.003631150703499248	-0.013063961497520265
-0.012417910521131332	0.003994846406631013	0.02497730686987014	-0.0027413589710247196	0.010032316532884031
0.012222819892871595	-0.008750363785357384	0.000720820211409135	0.0338984899644204	0.019065537694306346
0.03010844407768407	-0.006051628558948466	0.012722432892772905	0.0178361257131115	-0.016649172399495198
0.04097811679538022	-0.009701709788969911	0.0060948144673216055	0.014842539999157772	0.01526587563025972
0.025970538506606564	0.02796389091174944	0.045658958376224336	0.0059459025370176815	0.03837382300072613
0.008697431271819038	0.002491373923900933	0.009250399122608654	0.038326701645584264	-0.04891144920270719
0.02265670743649101	0.013050104114659369	-0.0002144078407199249	0.0207842541071084	0.0067079338797813755
0.007094029278520044	-0.00783783886046708	-0.007432200914621165	0.02887219520859861	0.01634060360559241
-0.012877821208862928	0.0050678948067687	0.011653496793859684	0.0007208087311736412	0.00036216955179028997
0.003639974346293908	0.0007665770669842275	-0.011733675839047289	0.0371404626232068	0.04360380835909544
0.0327689028474394	-0.0063623629178780365	-0.00033098320435174296	-0.0073237371666552906	-0.003486875173197403
0.03736907027593103	0.026416138641421255	0.007618918561600921	-0.002429530054320733	0.0031105421598013813
-0.005653070201990107	-0.01776707526974408	-0.004139780047439448	-0.0032721173062498056	-0.007929081106457547
0.00919536629817373	-0.007818307262550464	-0.004930886335742346	0.023003045974142863	0.007496389075493467
-0.01601599982405052	0.004837046915779556	0.010331979254562978	-0.004555764512434597	0.013669150560776664
0.03567398693580074	0.014204253624802859	-0.02359604372671041	-0.028752555771449112	0.01091630881310488
0.014553672176086122	0.0438971356912211	-0.00828318545726615	0.01018441561595512	-0.016591880237053592
0.03506598593852636	0.029601734244370806	0.05698099868443755	0.027951693826812195	-0.007974058037376202
-0.022265363124010548	0.019362247246269983	-0.00887203080125081	0.005110245907881502	0.03762749636537807
0.0262268362555167	0.0021416140863338784	-0.02309559135123625	0.031573526593183826	0.011593502954606255
0.013695174514916555	-0.007672194637286289	-0.006153610224071566	0.0009968026358503912	0.015325952915364642
0.013731825459233063	0.005797406893059938	-0.016436483332661435	-0.0011330885702091932	-0.030486098167155223
0.013928528848577513	0.015147286164341965	0.01323422306671284	-0.004466905349570547	0.009724412106789121
0.04926663549903386	0.0002894791411883462	0.01093529937923341	0.005360665246877968	-0.02934009997193416
0.018084420117317965	-0.0061760356819543505	1.664612955385586e-05	0.04019287350577021	-0.02244331484126865
-0.022247812183722383	0.02897735863480973	0.029196775271986188	-0.011503568819690784	0.02155819181873623
0.0022819085684256573	0.0018153936747347266	0.03432239578925626	0.015633547231455318	-0.01730828396425437
0.0447990588797976	-0.0010817370180301262	0.013329328278525432	0.01821237981111712	-0.0106896075201966
0.019339519375864422	-0.018452333881691367	-0.010168735912302426	0.042775028210428834	0.009165956954704374
0.04539113232043584	0.006899874713906949	-0.021352158853834	0.020238087780101947	0.018531987170974817
-0.017178684826073317	0.0025238484349250113	0.03424989917154503	-0.007524361735377227	0.043987502266253344
-0.008384024914852373	0.04269706310999391	-0.011426955664333655	-0.021744186423155277	0.04074252637029597
0.004606679113482229	0.04289131190584861	0.016538284770847303	-0.04052155393833621	0.007177953767075368
0.025774085559043813	0.023313939376018812	-0.02317656901165902	-0.013597421011336774	0.01628154382064353
-0.03513874435361627	0.00674491174647014	-0.006062688655158714	0.006656919154705476	0.0021015589703676308
-0.0021009016330648415	0.041676980574096856	0.018361784854850197	-0.0036214697428122475	0.015323141627732923
-0.029698914216806774	0.028928644445977796	-0.047594174475904576	-0.005241974646714375	-0.0383250887944677
0.02977427242401804	0.035679695638576106	0.023367198086901714	0.00042820745718608316	-0.014514648760489596
-0.005292034712044704	-0.006621225557651663	0.031765060190192075	0.00455904191350347	0.013739201766271986
0.010483507478936747	0.010500658298030445	0.006381672955956111	-0.006979456690510531	0.00999013789285494
-0.013452480690332697	0.039362329400530915	-0.02070099161749383	-0.002123899833350363	-0.022736976167078697
0.015661300304240452	-0.008508782337272952	-0.002181207140720125	0.012760101345757165	-0.030018459406085413
0.026320245577266865	0.013037557323252291	-0.00400099338443744	0.023323333541060375	-0.027273454158025293
-0.014792369159157801	0.01648780326092788	0.03506071846159247	-0.022172277281971332	0.03293729622624549
0.00935120398223269	0.0016382495245595345	-0.017393039132098	0.016352461778339003	0.025280620051180095
0.05040981448822553	0.016345521928765035	0.012749846229410326	0.000529719376385161	0.00287863902349864
-0.0028637597010297815	0.04138446361642015	0.02333360898119383	0.026934585711593875	-0.011167451030403447
0.0023726541908917296	0.06090029388298629	-0.011808660687743763	-0.0019783749607719036	-0.003686640687768348
-0.026523312129649326	0.01743697198967526	-0.01725142833835713	-0.01136750106388503	0.03922023393315972
-0.01882905385478867	-0.01644769617612783	-0.0009370152950991667	-0.02917742312996436	-0.027165618717094168
-0.0117813552356712	0.01519431242660467	0.018683967895995288	0.00014444974986276699	0.009717826698907235
0.014671116059492896	-0.0149572000845844	0.041371747659956035	-0.01809115107237163	0.009726034910995277
-0.011556105032528841	0.012207427941724781	-0.04027996356267471	-0.008427045128795175	0.050417422573871176
-0.013201779828691768	0.035941441659476527	-0.013400952639986221	-0.011305220171836942	0.02641956146662878
-0.05076134910089844	0.007725726333206638	0.0008850110236002202	-0.006411975291124467	-0.0002346330277385655
-0.0016830692428745726	-0.04036233458880398	-0.029699933550757306	-0.016910145811081516	-0.024298159404714033
-0.012175131890434869	-0.002949718004883823	-0.01000624450776988	-0.01799311251863939	-0.0006093340301864033
0.02066105452508969	-0.008420231888888043	0.04653250006258561	0.018428552814721118	-0.022014375570161886
0.012113885416701865	-0.031547444978539195	0.030187621373335298	-0.01642305927000347	-0.020274417801816897
-0.005913096433093108	-0.003881024119948758	0.04364691028931002	0.0007342389146900792	0.013463797989914289
0.013632056681519148	-0.004956866020456781	-0.014945586456538928	0.012173108200022917	-0.009691161409936823
0.022475606195644364	0.017562827311829118	0.00353252498205769	0.03589458119745735	0.017820814597465165
-0.019195493530411688	0.01720515727374607	0.005285756663025863	-0.03162444414496707	0.03243397480161174
-0.0021080680228332104	0.014916552797064428	-0.019967652025002985	0.0020834844282706603	-0.011349096824615434
0.02832083923062133	-0.018543516133215344	0.022563228887311434	0.02059434108733042	-0.023086795088490413
-0.029129760967029694	0.011861659426979716	-0.014558301077457531	-0.005398667045996125	-0.012551822612259182
0.007042563343248381	0.018054564773424514	0.008962837999239127	0.001693556838633651	-0.0037867556601308954
0.034850636710403976	-0.03221194809307805	-0.011079709083929403	0.029010042721828812	0.007839380377507015
0.012877764707117738	-0.01652306494058083	0.04626761030015599	0.008426503881537052	-0.010982620746572202
0.01841741724909723	0.018010737098054046	-0.02594040043329445	0.049157927805240934	0.02018354481573185
0.016099596658493483	0.045621672649625376	0.009447203616809369	-0.005774356510553757	0.006070585094426291
0.039293174641936476	-0.013907071434551358	-0.0015902949987648355	0.013646447090454669	-0.031020254039737648
0.040645460120653745	-0.00808478351157359	0.0066451891536886045	0.034958336866097624	0.008766945746466083
0.022818564327986148	0.03436946995564794	-0.001725842752046551	-0.005886063285076461	-0.02342450953888453
0.0030804429614271255	0.013476576115429267	0.015766134212048734	0.03163416576699301	-0.05581808927697898
-0.013267744715297241	-0.002383532940500295	0.02068370965583021	0.010219298246221625	0.003965646961733709
-0.005175644560135834	-0.02087511016699199	0.008339370956041328	-0.0022351218080849927	0.0022786918337463916
0.02046513639190077	0.00565576072460406	0.013901994250172165	0.001964358335065317	-1.676081833312294e-05
-0.029565552457232885	-0.029338642087979185	0.0360157068758738	0.015025005373227665	-0.003205901883649399
0.007094624713427715	0.012024192557275392	-0.020273798976536264	0.047286349788453745	0.04653413170008586
-0.011284942082901268	-0.023356880072231346	-0.001707822618551104	-0.024101165080268827	-0.0022229385944956288
0.0021766768942178263	0.02219062331613867	0.0008824558734367837	-0.02068586256449101	0.02312992620163825
-0.020187850257978847	-0.023212085184753463	0.01915581710509845	-0.007465622619157831	-0.010015053498469142
-0.03711648006069596	0.011137505101083547	0.04731131597146701	0.005232166785662799	0.023179880551141598
0.044189635486766424	0.02717695923372212	0.01461809150531838	-0.001448232267671697	0.0013652853443594896
0.02380326103129352	0.0049447700706620945	0.017846507618373038	0.01647131501029976	-0.01060923011580986
0.004772933632025966	-0.003500496041292222	0.03509192577044347	0.023845687376070596	-0.0015767884237592252
-0.006290194274378296	-0.024453622866321207	-0.0031658965922405635	0.05616162118939035	-0.04004639063347049
0.002712334768658673	-0.013852887926899309	-0.00018282696794561242	0.01959320342464855	0.0006385742961305526
0.01743631492876343	0.009623790886665508	0.019773490304473278	0.008191311938924603	-0.03213051459020756
-0.011608423788332607	-0.006657595900289635	0.01839183115352755	-0.024641714997397125	-0.01414748240055587
0.010051472917960472	0.01639422396676224	0.02673948418251847	-0.014848368802841762	-0.013931008001213229
0.009280509104809074	-0.0032534189203051182	-0.01904529555139066	0.015228151430770134	-0.0008418225247292105
0.010387341530077844	0.0023121687072303375	-0.010996382951457	0.024492770236992225	0.002679132682807142
-0.017774183894666336	0.021095822317880066	0.015066906479689078	0.026215279855730415	0.0024878639983900597
0.01884648884666721	0.012723950373871144	0.004073433118851786	0.01807943007727853	0.011418434133330747
-0.011327936139851287	-0.013925110713597158	-0.026016587901672557	-0.0103136615728966	-0.007946813179590648
0.020412571352700352	0.026417729038699295	-0.017629998521177224	0.00574726857455407	-0.05932426808384788
0.01742580691250719	0.03617230682395406	-0.005984021805416564	0.0071898971211131445	0.05572176014169072
0.022852119654897047	-0.017996045140719435	-0.002120701331266437	-0.022627848688247305	0.008901141996602361
-0.007505183858612729	-0.014004747568733104	-0.007885949362481605	-0.017459130956184923	-0.020771486908970467
0.04036384875281259	0.02428758570636761	-0.008736172070688514	-0.005581922280588138	0.04886286150487551
-0.01879883315416886	-0.007094826376747226	0.017933891390696323	0.04158244393149835	0.025407530052016444
0.01552195356399745	0.012819275776477646	0.010965647397350538	-0.016730852603583656	0.008373277761021656
0.019257854824033645	-0.002042699570298087	0.008957284675942385	0.021670859176319234	0.007354809758364632
-0.014414734130344298	0.00625121783160741	0.018035021497692164	0.015101159943284662	0.02191242380419718
-0.01154668213199666	-0.01269244418873996	0.014167607947504728	-0.030973033752746997	0.0404388216208611
-0.011360379701314219	0.033128825777675036	0.0061230610083980435	0.030188848031669116	0.042076663037423676
0.044994728960339334	0.012116409695197488	0.010396571146201147	-0.016010739863229182	-0.0035061596938341256
0.07166194170098308	0.017969415987778813	-0.0032930270199704706	-0.010012683501645796	-0.024068762895041333
0.0009420318682906593	-0.006370424906428178	0.019956521761836637	0.047988253584667094	-0.018661458331092794
0.02195129621444746	0.014881584694999471	0.031860404283647475	-0.00868452761420669	0.013572749746927378
0.012465183812102758	0.03781330008434307	0.0067933249600565125	0.017955224730398567	-0.018022884435084596
-0.0010574767336362922	-0.041536292811077624	-0.005983783815367186	0.02134157681337058	-0.006244195139067796
0.008749796591689956	0.01882284085703216	-0.02148305110039122	0.022828965345592776	0.013192787835663498
-0.024573499808877824	0.013622102167264368	0.02081038016206615	-0.022391428890254507	0.014540527703119716
0.05023227285887958	0.041288484059522006	0.04024131537749748	0.01393022097888048	-0.015855170204393306
-0.008425179186565036	-0.05435908875896182	-0.007343544268632354	0.01828592176909923	-0.0066054465523593085
-0.03290632421238019	-0.03833934908059108	0.007837015266947439	0.0020127417472985028	0.015376701520617417
-0.036219399296576	-0.0042848708923387295	0.03475096072927243	-0.014084768051912475	0.018873959060671658
0.038643571785875665	0.03348260919132173	-0.007331884532991239	0.018885371102739835	-0.0018600056446357767
0.0011361768683939033	-0.03437690498578662	0.001669144771995465	0.03669930430547263	0.02029229888037493
0.001365718947035354	0.031655882303969735	0.034320717067747766	-0.008246380221548163	0.02551217414128159
0.02944137772999087	-0.008427344292763261	0.020389790790302224	0.003962306697776752	0.03406840559354981
-0.010199771041948334	0.012606213742785895	-0.020236240236684997	-0.007743694738606904	-0.008532922141789724
0.03327558540844704	0.04061645518335312	0.013199728094848926	-0.011170040741494545	-0.00042362356552387744
-0.03744923775252045	0.0020778021513641696	0.013672627679077124	0.0007387563972916804	-0.02462922202429125
0.0059851785101007055	0.015010385099931026	-0.0009305710408578213	-0.005501270816963722	0.03096883763771426
0.02539037042741483	0.03611341135128775	-0.03015608744127815	0.018323594955536933	-0.009783607734987545
0.010888439596175636	-0.010210485600427636	0.022859519082217193	0.02082056802775069	-0.05461889161052693
0.031462174868329106	-0.0287365512338624	0.03200814081476373	0.025398978764552375	0.016776480872715122
-0.013219988394669827	-0.00497149659463506	-0.024419632084624023	0.0005575074819396711	0.03976635520667299
0.03862344085846672	0.03394035427985527	0.0018422226695603361	0.01224480817940449	0.00993949228045587
-0.020463611130619758	0.010642824615648281	-0.007932045638651956	-0.0030443412186465426	0.02807004656733251
-0.017886852054008674	-0.028837043078715725	-0.008319359239437506	-0.0014858939194995755	0.004266827101631074
-0.039703968014406454	0.015144680849568652	0.01949421301630535	0.0257114982060861	-0.0019496088320281896
0.008206868301139616	-0.0003216848526863584	0.01087712445356982	0.020866335985852094	0.016972939590906184
0.0389174835494634	-0.0024969066113002046	-0.0004495474641450745	-0.017937552534324556	0.018575923498821617
-0.019042404981641572	-0.012955061930003649	-0.00041492256609362496	-0.0018152291819331992	-0.028067328815497374
0.0023027739628519095	-0.010245641760665603	0.014488071860027391	0.005259526652283553	0.03351247260994996
0.0026108604659139294	0.02336417190972383	0.00728584253089286	0.017426288516944315	0.02240965057972428
-0.0060492572845600445	0.03261974266439771	-0.011281877459857433	-0.017035322108072442	0.0008263754106178842
-0.005671552812608586	-0.010189143135113198	0.014407446541550665	0.031170722299239485	-0.01267789632570266
0.026071678794353164	0.00014932409529956115	0.04648093639968173	0.009345371971816306	-0.011769397990690537
0.021611374137846095	0.006506047169844528	-0.0012072823799062146	0.006388567197074133	0.013053191873272706
-0.027622354448325594	0.00844864173798547	0.006583267751074056	-0.00988126640622744	0.025300258773140634
-0.018070939876646694	0.029470295265241343	0.009097129455451068	-0.02649749646153822	0.014269415386038004
-0.017557868326782473	0.046132953015348435	0.017767592882082312	-0.005881415972443404	0.017305585256930774
-0.003749948800708208	0.009720890883977516	0.007860087048042324	0.019965806780395796	0.024226377459118736
-0.02135907369672841	0.01971271492345489	0.03322353481705404	0.04594458679247991	-0.0039818047028140294
-0.01679597723799377	0.04342790312741825	-0.0016935117832714546	0.023843178199894205	0.03350941736416145
0.002910137491403634	0.0036852277712276366	-0.007895924871783859	0.01779967300727184	0.011334609320436312
0.01609873952191419	0.035848593958347726	-0.03177155726891549	0.0015570098114932518	-0.01861217631404302
-0.015257444397530316	-0.03768397810878945	-0.06334468719945013	0.0012615924062957867	0.008853195831183
0.026356626378219908	0.014948299143739891	0.02773009361032278	-0.02129224072981868	0.028889777202478484
-0.015030637695366595	0.012468077402522947	-0.02005058248955147	0.011373434220342867	0.011960408305629631
0.047283412501848227	0.023540538044997533	-0.04188997760224036	0.029496136092246907	-0.025120163595179455
0.003815836497120439	0.030227478659274127	-0.009009323558770203	0.00036591211385661546	-0.027274690380776113
-0.028788916029484416	-0.0035290833273089843	0.030229442463287064	0.02363376619551204	0.003333156639490356
0.006180779823954894	-0.022634848348233157	-0.002644182012763674	-0.0008261500124880448	-0.017975402608312763
0.015551986244408927	-0.010346064945379853	0.026954064226516066	-0.00010992880574711011	-0.006998414031466721
0.017585621233902813	0.026275620946931796	-0.022617799080429327	-0.026255566303212987	0.036665921922339875
0.009918382476425937	0.04132883156473359	-0.017468560647446698	-0.0093089641850339	-0.005555004681183284
-0.004888232204619392	-0.0343972117275205	-0.014676804726940454	-0.0023611990929968615	0.04689281006270034
0.014680107526297604	-0.0005663033239456973	0.031864531909843063	0.007885289100160333	-0.009109868514209883
0.022798138068795198	0.024269346432364027	-0.010130611728220685	-0.006165464688234045	0.011248904906480854
0.017889206744442415	-0.01275885029469888	0.003771326303969482	-0.0013185416798844355	0.01121205197325269
0.00032597632653642936	0.0060430554693542745	0.016263924077919684	-0.011796232609445411	0.03505955099091901
-0.007145143034996126	-0.0037614292616527725	-0.014529572344032233	0.024655563227823384	-0.007537634448024288
0.0027966339237091003	0.0011658530676284305	0.034032663422189774	0.040350409288940195	0.016067639810463497
-0.017949854479216813	0.01437053103181046	0.012696316605836682	-0.019479006404198182	-0.06473479761522227
0.0030930910757083294	0.021981047832094345	-0.009423333122369135	0.03334733128896659	0.016556586625632714
0.015037831892985808	-0.029322461571464915	0.02716889692173365	0.04982315904219658	0.008272702461835656
0.0201206883834905	0.027198928879672304	-0.029219344526653174	0.0021840194758793105	-0.015722796007766868
0.004365883329192726	-0.0006451419074133603	-0.01599100207421716	0.02882009989066682	-0.019724250554281626
0.01545482614874381	0.018364297503347646	0.00707888933374691	-0.03065961406115928	0.0007794794886108315
-0.017070410710584776	-0.007411018307866493	0.04989430285328617	-0.04848913794873162	0.002781071502659627
-0.018894080145609112	0.01654122224585618	-0.03157323781027068	-0.005451582612871724	-0.030528062950408278
-0.0097718176018676	0.030733719458660953	0.0001637282740715798	-0.016088766138455182	-0.015029270338658918
-0.01172370917142365	0.02316291997568463	0.012869799402488212	0.03750005375039839	0.028491185743070267
0.0101477921108115	-0.017754502822165008	-0.0073009244683424675	0.014181974163824256	-0.011259720366237621
0.022130633334933276	0.023476260363656874	0.0074959591934673445	0.0323308321988825	0.00039279570072102204
-0.02309434998852651	-0.013682280790923956	0.018216677308448292	-0.02408940364552401	0.016385581014989083
-0.008046753222067752	0.03675717051093335	0.02216847508212401	0.004216316242987162	-0.026512959951116518
-0.003568732452381978	0.0021197569327029916	0.03158763261441464	0.023238214608384107	-0.015565684894608058
-0.006175955894769611	-0.024497153690148973	-0.025911626115860908	0.005197569244217546	-0.010207782315762658
0.04009148689872202	0.02244068586300704	-0.00280779318330252	0.03164597866840723	-0.022481624971561566
-0.03463805320360205	-0.00928735466355157	-0.0100598010039505	-0.01747814336920845	-0.006545253253008856
-0.006243896527021954	-0.017880439441654454	-0.008151332463481457	0.009009096914258559	0.006085653002520513
0.02421013753617066	0.04319139072654047	0.0003425746331813745	0.010238117980758087	-0.034710247868429855
0.03722084143029532	-0.008476765497682115	0.026187765335240226	-0.011151193808735712	0.006888361554931145
0.01134099854199555	0.018598155126901692	0.010444047959816481	0.012650338299641503	-0.015674881407452865
0.03254145079521656	-0.02046859531299526	-0.0017857618764252634	-0.0406763643573748	-0.005633203118347588
0.002993231788447309	0.0054800951283562795	-0.017175333826589596	0.010783519629053315	-0.002132995663961446
0.02130663423609095	-0.006958731181460816	0.0072033881414928815	-0.03164626366804653	0.03107837295203083
0.005715776916337314	0.021549906280788678	0.03587519855855312	-0.01103232511065123	-0.008883523793225686
9.972440225398732e-05	-0.02890895805668911	0.004629467337222277	0.052457977749078594	-0.0062983108211689285
0.03835963268128914	-0.018391663870545576	0.007788526413775179	0.014651377568932658	0.00014001043253886528
0.021742068170248957	0.0284758408544576	0.006317911024408562	0.019724865634236165	0.015579173888469359
0.004571143697264293	-0.014520245728700101	0.00904494931194635	-0.01520837309121295	-0.06584588802942407
0.015246117354712548	-0.014670842632676949	0.002838499162204598	-0.017368621566745523	0.03689422840456801
0.023584122017259082	0.002634472612906313	-0.0015430941500761425	-0.027352834004478258	-0.000267966832063685
-0.00015379606528382467	0.01882863813563434	0.012507912276240634	0.0035169911438757877	0.007956625758365157
0.009815712735371395	-0.011054481462058197	0.01275339637818456	0.00578511864873356	0.02707770533037966
0.022734796856069654	-0.013075602176518916	0.023828135229325975	0.01579842283860371	-0.017828523642188843
0.022888128008365597	-0.0007622612185521731	0.0016293744631250533	0.03086980449758961	0.018141010894309806
-0.0036166988754625018	0.005117428020299319	-0.017892069402344616	-0.012065481788979189	0.051227745331994604
0.014210209537108654	-0.03216063257857781	-0.04061469345182665	0.009621130088204598	-0.014242220097556374
0.000958095170514245	0.02114318564765186	-0.013653181601141953	0.03851904488805353	-0.010597985500076634
-0.03248934242609328	-0.014049642002969567	0.009309324772386286	0.02502838386288408	0.01633825447711653
-0.03121306364555219	-0.009838606477569418	-0.011722596539354601	0.008262303097776365	0.014894006652480711
-0.016764202090440872	-0.01129068983122905	0.011018413424268242	0.027285299055334476	-0.010003622986439555
0.025853457803733108	-0.010758153815342324	0.006356614174885267	-0.011629119500529184	0.03273299415718406
0.033420106958535666	0.009526173774661199	-0.00790277162730671	0.014420232062014194	-0.013453401918150146
-0.01534983525984732	-0.007325434641714924	0.005937248099691038	0.04060724640972662	0.02223773369397744
-0.0022195466765261604	-0.007702947189294021	0.03253276485981034	-0.0025253419284627064	-0.00997805765266072
-0.022934139897981504	0.012595905801521111	0.006658993860975919	-0.03928577296596265	0.00042866180959915366
-0.029214703690711576	-0.01582057654170636	-0.022911402314109826	0.009091444363325329	0.0024873015666010663
0.0031229331529490263	0.012507111758530653	0.02775521413832016	-0.03855569459479251	0.015288806764729275
0.04422896739486829	0.019348752910167424	-0.008379943614963187	0.003239718904461947	0.007866909268218494
0.018925956530872215	0.014988660543345158	0.005260938142791737	-0.02303186384418101	0.03694008178982034
0.014249583355785722	0.011432210362373534	0.001295382835617906	0.0029893989443085323	0.006759839000138024
0.007934379444459485	0.011377854169250731	-0.010519552152613583	-0.023400779531347397	-0.00843934893583974
-0.002885562899632769	0.03190218010849477	0.0059058959919011085	-0.009061397106106903	-0.006341221500757946
0.04955619095735298