UV/VIS SPECTRUM FOR UNLOGGED COMPOUND
INITIAL_VALUE = 350 (nm)
FINAL_VALUE = 800 (nm)
INCREMENT = 0.1 (nm)
0.0314988611962656	0.08028687374618912	0.026559351076231322	0.047025242888864234	0.0705669407779457
0.059566364048702955	0.049712531141821226	0.04737708814519849	0.06002715778305541	0.031290785407143334
0.05695195382787237	0.03820586333299292	0.05923692810688536	0.09224427505037637	0.00703789534781602
0.07256244601052664	0.01708694672679288	0.059242400384633326	0.048430798315479195	0.07260825573679383
0.05017798254893321	0.04707866630581917	0.032308448418476646	0.01799696948712605	0.05506576978047313
0.030362770580760107	0.08105711379008457	0.02975524493687199	0.06980430415034596	0.0518484778832195
0.04902808783225188	0.024447412788742445	0.061479873116012794	0.04902731653782885	0.04220966330317189
0.08955461543725182	0.0516440201301894	-0.0006132887255353835	0.06778637799242285	0.026308857464999252
0.04014718618499542	0.030012863386942035	0.029158268045873317	0.08061119892627544	0.054695191842638685
0.03104570207267769	0.05444882430001112	0.03752354714442865	0.013193718018810745	0.024088317634040398
0.038372864612350704	0.02406550199733768	0.044312977093888255	0.10151401377948914	0.005529573491479764
0.05870632005517489	0.021762869021210093	0.07437277470986567	0.03602086850815188	0.04725108668457972
0.03177077745041925	0.027605897482048548	0.027161118109693152	0.047316760557322785	0.03294981475663379
0.003033263010615919	0.04828646364057894	0.06834298971314973	0.031811944260108305	0.02024076043285787
0.012197513688296968	0.04377554714710961	0.044039135235452984	0.030769390608959182	0.06568887422873354
0.06161171816641782	0.0598823304280184	0.09079360297502176	0.04974372480490037	0.029047593149128227
0.07368308552853294	0.0031983721598923334	0.05788120337932709	0.023353901917408014	0.05842102069683718
0.04796166622567374	0.04183090071424765	0.059609670873352505	0.022353576703080243	0.034216561602779666
0.049973042634025154	0.03908584185954511	0.07208809752965382	0.0509079314687752	0.03877733255229776
0.07111843721850433	0.019360859625227426	0.044297440859167085	0.02937852415173214	0.06394555877573614
0.020299581836597858	0.04288904926443876	0.026269159971128872	0.03635679978645559	0.004130819187919162
0.0354660663715122	0.06314739699238958	0.06294994982068136	0.009430900725252706	-0.006687949716477105
0.03355816543993953	0.05355738066270637	0.032383071696635374	0.03146166071970126	0.019369845972008262
0.022093769935777777	0.0420027690086386	0.018720083185668174	0.0657339972104124	0.053416278259423584
0.02993735022535364	0.012425029685383913	0.05470849959521728	0.0679923591548553	0.06366093497375103
-0.00769504077388819	0.03682033903725658	-0.005268844141506586	0.02681324813730799	0.04315029877878831
0.04694347318398592	0.051845207852491984	0.02328491619908668	0.04335904830282142	0.04193563469966628
0.010618078620775476	0.03828274569372953	0.006541070848644734	0.024909989230594766	0.05094769093204222
0.03925193907293631	0.016362901170016993	0.0022909537027452553	0.04741012673730324	0.03856509474748251
0.05025819377574437	0.020194138341667667	0.029208854911851895	0.006895720215230791	0.04247580339878273
0.06123951621510434	0.04787637016768446	0.07339401454168183	0.0291996687888917	0.05325827479039263
0.036502496319703	0.055863264886515614	0.01651154527067902	0.0018882255064526553	0.06475394452895923
-0.0032575307544527223	0.04697945043307609	0.08557607184353397	0.05205664797306683	0.03687632178899149
0.032288999569661796	0.029267018736516492	0.00828198978443646	0.06870996640881255	-0.032701053368210484
0.03605960729302371	0.05474317956720871	0.05025327459274066	0.052409634012103405	0.004891005547633563
0.028198952262542612	0.07125041051833143	0.03813250228922378	0.03426284923884782	0.06724330240812061
0.02370427947452	-0.009124317661451442	0.04541067219340695	0.09075163277794722	0.0591190951550907
0.0502561953203949	0.00911139032076511	0.041089574077100954	0.01535401583508205	0.04397481304534949
0.06324286792755542	0.09135227131996111	0.07086145467592571	0.023680489307909725	0.0586242624903238
0.04907587126279626	0.01826348864434393	0.05283144578054432	0.03335879555768052	0.057770120767091336
0.05367060609122248	0.04209706677504955	0.04481903432874299	0.03721374298851533	0.06849710879888604
0.02184992951465106	0.02637116602620119	0.058298117876268936	0.024707100635434784	0.034678348326119345
0.04892664174077289	0.05254100559032889	-0.008105710865662166	0.034860144549859126	0.04313397197134931
0.05337602064065696	-0.0036282394316132834	0.008650306875116198	0.07048040300452538	0.022089912776988907
0.017495508116886955	0.03768626056828263	0.045037310464539224	0.006003263200660226	0.05437221928326757
0.07647367505093	0.033271568038270465	0.010020364104030077	0.057263583944105086	0.048557663006576476
0.0414443604638736	0.029015613674520616	0.06458543826586034	0.02027231480238977	0.06973957265079443
0.07446921336221593	0.031097261373864333	0.0662652552157986	0.005094911823759361	0.02836282307901202
0.02146681064186899	0.05438277584794209	0.036376009545329935	0.03979850199157206	0.007360197574865482
0.027899470670531567	0.048141122703001096	0.05826788724382656	0.0545432067996686	0.06131173832373115
0.06300759986342597	0.06597996484501689	0.0416071411497319	0.03964375472223186	0.018440928660977553
0.027049243608482067	0.05535108944040516	0.05113052482725218	0.03469522719974569	0.060747671915425294
0.02187341263319855	0.07889151511733827	0.07121806976831431	0.06257040632174513	0.0805595646629145
0.05033283026697169	0.08519063346665355	0.06438796648002504	0.01077878011337008	0.06872395977361603
0.08845763874241401	0.035759905738307535	0.0020876961708307957	0.02677505492658741	0.034486392085466784
0.017182544562488113	0.055431207155750874	0.08028195322373206	0.06924854024257648	0.019184307220502385
0.05836121042726334	0.02501920507775941	0.021915542427855934	0.033304590805628476	0.0067873378202904745
0.006889249494513829	0.021128799393677955	-0.007955530772953027	0.06062997099973655	0.007638864405694596
0.021572871008378507	0.042006793327651476	0.07203440388657688	0.023325639184554624	0.07145558196562171
0.06610410811309808	0.07376222917061953	0.0451049576707243	0.052379148807095106	0.04849485301569827
0.06341695968607004	0.026546517695289217	0.03237873958600525	0.050091074844031865	0.04971890986292969
0.021708678912490988	0.04361410223015081	0.0394472806527536	0.02260358842474334	0.03385782821629456
0.02903206683357933	0.015693710592147598	0.07820090359081128	0.05638568354081474	0.04333303213761193
0.05812609466151213	0.04173255076605868	0.03173949940353878	0.03939506109247161	0.05546355538455085
0.005946013781055297	0.018107542826918756	0.0455267705955145	0.03895611980489868	0.05020490094749141
0.05490725941574602	0.03760999622133427	0.051218783945886553	0.04166851342712849	0.036093476018279176
-0.00028327726551396256	0.04512387930267195	0.026581246937351418	0.0197986088227212	0.03689035207481123
0.007662622291495212	0.02671286519727315	0.01619662472464451	-0.0010475155857159425	0.04905970959773082
0.05497564587757789	0.025493917309088284	0.06325831000444257	0.02815239674829125	0.0383660679959621
0.044751240590703574	0.051935652160567274	0.06830309223761488	0.06461708290590747	0.06055483612710257
0.06428449373893222	0.06460473346158557	0.014482952874139983	0.032991052849346746	0.06461798805719826
0.052990850354493794	0.022570209611812265	0.040519017620209284	0.04284447828253885	0.0795342060189265
0.027778203459891418	0.02522150450935978	0.04559845229304396	0.06348420988388999	0.03267613119519641
0.04081414942443925	0.0664220281156423	0.042297835707459555	0.047703971370998764	0.028480255621182095
0.008462983353488348	0.056852168849423096	0.009614508596501217	0.050965893561876384	0.0344821788790198
0.0743090640519149	0.07261183744811486	0.03415167476981012	0.027946188142567597	0.04412805672134392
0.060568487199967845	0.06865322478391202	0.02067831588328553	0.008833671945223233	0.024409926000772107
0.049919101664606204	0.018211203312969347	0.050541466342621154	0.024705983971600266	0.058389634614466904
0.0725018695660453	0.05849669036417161	0.049109398307746244	0.061021394415720555	0.04882936427652101
0.054185910246583494	0.03249789102686945	0.0432183522226914	0.07223584226039981	0.06594634930226889
0.055967806577158996	0.048394726983666314	0.06653568836158899	0.03888011373302919	0.05029454298154616
0.06709412605774065	0.04417524248215067	0.057727282807602205	0.06578191725485968	0.023916086747734287
0.1038442123733725	0.09747968756555409	0.05781037824265901	0.05613190106700385	0.027367881746411946
0.08410160286695487	0.03292487730472188	0.03398100539613312	0.047832202391657766	0.05336374993359051
0.051428198184584294	0.07103546949342458	0.06878427600990257	0.027603642680984326	0.0809047082655638
0.03324434156823734	0.03647281975865482	0.060976081194836856	0.057392777890244835	0.04093880046438494
0.07511108859658007	0.07886707562035707	0.02760180901111351	0.04783971076459155	0.07876452542419622
0.07384842556112745	0.08996277583571236	0.03086030055873503	0.04826987735487759	0.06074069064598904
0.06341377909338936	0.045451304606430036	0.06790050579337589	0.061161158574869354	0.09503284204878786
0.05698371689038066	0.057172708099557004	0.05670564488983025	0.013612316466070768	0.03373758391345203
0.07261397595338016	0.02344676005985417	0.014071773367038529	0.03054323854859625	0.02914741053078208
0.05175869787846949	0.05800079036705525	0.06197423659959979	0.09320646729671965	0.05661330416364716
0.04263118051105423	0.08085802890461516	0.04431787300913996	0.06820032930360242	0.04220301842558708
0.07586627314702035	0.04868960662191554	0.020916345753804442	0.03513457284734097	0.024469913001067024
0.04643252550834864	0.07000796868090425	0.07654656876803911	0.08149062507783518	0.026570254335026876
0.07236024798602196	0.11059512595812779	0.055435717179832304	0.06694259538545926	0.08123704370816509
0.057636059537426516	0.030791668084816207	0.04648477331481112	0.0930890635739542	0.07190932163267573
0.07356163005620182	0.03822178998292985	0.05487223916874946	0.08706613023489876	0.09335321819411498
0.04935498214868294	0.06574118379026901	0.11822473771596183	0.08290076614478718	0.041096613179560676
0.08983117656642424	0.05478118166079238	0.06453885579684199	0.08725998330084887	0.04896270588684578
0.07117733708647879	0.08321511779748114	0.10064842080617782	0.11272091996682239	0.0769983940774438
0.0450236949244411	0.11243266175222458	0.03323194341956496	0.04046628149932264	0.05389424173010361
0.060866653611100226	0.05431899623331432	0.045172633536220724	0.05475720083155098	0.06952705798935763
0.05685589790834994	0.06650301109609791	0.05104343188093185	0.057415515041665886	0.04277754437761482
0.07744033600203074	0.08428558027810683	0.04191456062824935	0.03609738237849812	0.06817440167947189
0.08550191198876536	0.08329920724036949	0.05095449069757859	0.039404570971677905	0.04996803934605664
0.09402370785433693	-0.0037168028168672973	0.03018703366800624	0.04156682775248683	0.08692703724531162
0.081392805759531	0.04540520277928669	0.12065864026007352	0.03991216534601605	0.09628279346694037
0.07526074891143895	0.10385947300401725	0.08288711084371643	0.06926544185574741	0.05236599099634915
0.05863842522763847	0.07188304271202979	0.09392487854176668	0.04077799819340369	0.06842030388350817
0.10428740169089258	0.09265596091590333	0.07432857018329324	0.03488170411507128	0.08859479718726943
0.05514555781428119	0.06604262518680774	0.09493396423688633	0.05869737857320935	0.046340995278437595
0.13695082405322026	0.05386736958735938	0.04840130613655219	0.07274443620949564	0.07697477817186686
0.06262895483538004	0.06889027908820304	0.04870662756164901	0.11451514226472709	0.0677268865292861
0.09257538134819483	0.059700169031114636	0.08320172826412241	0.044397914874507616	0.08400892824589994
0.04650191405210627	0.08542916264755585	0.12956128070987943	0.07890609710871903	0.04109869842248485
0.07362738433587697	0.04669275902321265	0.0774460110193207	0.08455299280209899	0.07263428770917915
0.07823137902898014	0.05747409229439599	0.06239633356333126	0.08018449622760816	0.07728224971741626
0.06209506711757464	0.027644058607311405	0.09129955152535699	0.11473184393160274	0.04877714223091035
0.0647038982595223	0.09836165479913533	0.08003221236609562	0.08665291980394967	0.07048575777760893
0.09536183710168081	0.048384194024645576	0.06265438024002047	0.09567625928679703	0.08668533085416787
0.0772000520479907	0.07160261450983296	0.09273125654973423	0.06700954631506043	0.08237050631170617
0.08184396684765413	0.06400623758544842	0.06160954078340777	0.07440435888557137	0.09546405199533611
0.08711918308875416	0.06576347389851639	0.07810124666475153	0.12173637733232424	0.04217067043574189
0.11245784695850031	0.06674207421511526	0.09145358275829574	0.09909550248635146	0.10010867754814926
0.1368830514318485	0.10308385574108835	0.06119623879486187	0.06705822225106002	0.11728755176718655
0.08331237790106266	0.11630643221274628	0.049276468142890426	0.0720119844391785	0.06973748125488251
0.07657949084049316	0.1017127882216661	0.10239973468602478	0.11180597117866263	0.045642453666638716
0.1307421033440426	0.060797710646060515	0.11116952403353125	0.10028733687045796	0.08711684550826945
0.10955120023214271	0.09141101426325347	0.10111997663264503	0.13060579616887855	0.07697025239154737
0.08032240261937502	0.08504515805727615	0.12143995934548377	0.142866172559851	0.09740308476037651
0.13359248505896598	0.11967571412517115	0.10592438513421848	0.10765281845597872	0.054260207268137316
0.06485904250523332	0.10860660831559561	0.06832489217544754	0.08028667052011017	0.08414555275435044
0.07660062929740291	0.11006511770345871	0.11003560452448953	0.08465543684551921	0.1370625004226398
0.08656818855002334	0.1440128040244673	0.11063484170057429	0.0886947264759229	0.10328174477892177
0.11940826561989602	0.08140883183804976	0.09718459992296696	0.09271602473343718	0.102982268823101
0.12398664457769887	0.08406345726672965	0.11253234662673643	0.1551376476447855	0.0993427998173511
0.10873980896359194	0.10500081160712164	0.12666384840408854	0.10382228957717658	0.11974734328412746
0.06825869536699428	0.10960945076415939	0.0854176413948219	0.11008716935797609	0.0954875102344749
0.11333360099500811	0.1444502102107043	0.12470159103597799	0.1233125387500219	0.06881729750693436
0.09885668515787416	0.11099345580278694	0.11595223356034051	0.16133380445532935	0.09235639854585807
0.104978566964033	0.11679473970258665	0.08294494855357111	0.11352991497876216	0.12127644807573888
0.061192645992344065	0.10647274829196086	0.10972889389721723	0.07988187815113816	0.09419189676344432
0.1277354820330303	0.10853052867231637	0.10452587412064726	0.1340049163489502	0.13198055532458847
0.10287287956650493	0.08661683984711217	0.11404335008349778	0.09505412111688612	0.14239148880369418
0.10063398774778766	0.13835254252737023	0.12269723427440048	0.13047435520782458	0.1472187059207423
0.08480719064002624	0.10032870500082619	0.09308474298971937	0.09963547320261233	0.13404426263203234
0.1039450629099442	0.12413176891828796	0.08716157097289966	0.14080779078699884	0.1240872627102675
0.14167006740120727	0.12204756615132271	0.16194063592221286	0.14751170968245572	0.12853556414655076
0.1407114778772624	0.12082061690772805	0.12547702877309394	0.15091336428235208	0.08566872850940568
0.1378299591794197	0.1512335796740099	0.11931920671024523	0.14803540502741896	0.14664323128184562
0.1167724478488519	0.15136289261633984	0.1593667562833585	0.13760560650428802	0.12870820647955653
0.15612130279136338	0.11986897984244795	0.10648095022202146	0.13681625944341327	0.12070436761802113
0.18513098010590373	0.12392643030690359	0.15278090944012215	0.18357925590988167	0.1551083192738472
0.14103423866141102	0.13920409809356912	0.106171527224975	0.12286316754081121	0.15311272945469487
0.1204815139766292	0.1580626506608105	0.06940419630070524	0.16731215332681484	0.14979482678499978
0.10967066008567043	0.13665137001092154	0.1577839907653208	0.1703726066283407	0.16065276309602738
0.1847821538175745	0.16776775962535037	0.18238126778686264	0.1430911990027238	0.17285214295008092
0.150316147713608	0.13462436080325096	0.14657241118676798	0.1617649213244511	0.1392323611801982
0.12860313906289353	0.16593413824808564	0.17352173538284102	0.17764342170973188	0.139856898204315
0.17966739737251552	0.17322257477592679	0.16596492556708536	0.15032656790086985	0.15781152992162384
0.19449913726743953	0.12906237839578888	0.15807171152287755	0.11507967827348532	0.1709986060578335
0.18897493197967793	0.13972230001762476	0.17372137868385762	0.1678236343086309	0.19046067951784912
0.15185891530171947	0.16005014255696132	0.1812841921808463	0.16183085467434594	0.13132215139700854
0.18494677013452274	0.17324443995801425	0.22210504784665258	0.14193738343294704	0.18803278966911752
0.1884750526331039	0.190078628110046	0.19670309475157027	0.1440132888667736	0.15864257164210413
0.18704681104028653	0.15322736205726234	0.16874197882833453	0.18606461526101836	0.21529796910014573
0.179232000856248	0.2289202797034994	0.20736647067493685	0.15137423869938038	0.18458043736356844
0.20560485169941922	0.15731968904709936	0.1671708494811444	0.1707203621235649	0.2192659049273664
0.17066273127916798	0.19502349633037439	0.18209574426330746	0.1891799765871759	0.15029431695299142
0.20842856945703495	0.1707206044816902	0.21312825329327909	0.1634563881408431	0.18577069735763632
0.1926462773182929	0.24080879979003258	0.18250073190266417	0.174559426639055	0.23638176052010537
0.21486411132191804	0.22238525727860087	0.22005015833909294	0.21522245656021424	0.20237423424190012
0.21565649187276342	0.21345578591280157	0.23472920718784127	0.23230748444936591	0.21369728799066803
0.2117179624193251	0.20419762210238482	0.20309147391609353	0.1820514743879953	0.2439312355534914
0.2175448453078031	0.25677441995458017	0.21991059801234075	0.2069259054025409	0.2554904469750654
0.2309562425863857	0.2401683591881786	0.24820233397033653	0.2421108210973813	0.2725676388833771
0.23799109892629572	0.24020754114862783	0.24679798730231842	0.23442693787160887	0.23485102104944144
0.2261893817582042	0.20422857108007453	0.25010717321435705	0.23630043563734193	0.2694131335912598
0.25476446631374483	0.22951639725418974	0.22983202202586947	0.24362354862225813	0.25327176992331135
0.24817856693935747	0.2384362701998819	0.22518046453506135	0.23162143212060335	0.28553233504405684
0.2429319871579172	0.2450512311210605	0.2915353258429996	0.23715939419393262	0.24658496804082167
0.28890464647009767	0.26021909817505184	0.24888132811025054	0.2688113115074819	0.32416062132681456
0.2665524435061358	0.25473236662301385	0.2427440532561494	0.29851614296936785	0.28354700057256177
0.287235887724088	0.26258278809024627	0.27551426126341294	0.319933172122003	0.351054219900222
0.3067270785670279	0.27851188364102814	0.2985700780504925	0.26943467480711814	0.3572788325852043
0.3206343139332518	0.30907005303058993	0.29607480898334576	0.30543851003446276	0.3397401131071051
0.32794313550642135	0.3532468648861503	0.3497476625525876	0.3052699240859048	0.3145250178191088
0.35440138609267824	0.31874363254304616	0.33487829575957045	0.30194924322592465	0.3309569112362384
0.36786522948319195	0.34594881464049815	0.3444097140456744	0.3599181349249451	0.3462997647525085
0.3642098558769514	0.3614929562472186	0.3349377935771335	0.3641765493031509	0.3143931630402124
0.3571591979257468	0.3533701068556968	0.34560576045439473	0.36775721691044083	0.34614651262855506
0.32447842873131716	0.4018246219326899	0.35618393113098434	0.34776752808425143	0.36900533096524873
0.3717116813857672	0.40288360330155204	0.36529888704076247	0.3937485912168965	0.37376871698377995
0.3990496832496179	0.37530834202900576	0.4164499978432143	0.402956931484395	0.39017446958954627
0.40614745478209896	0.3885126569278375	0.4140848966666681	0.44023764903287405	0.39997325145299617
0.43712400922359185	0.43706379943944057	0.40890647695448007	0.4269910881300379	0.4166024273400723
0.4324350405164636	0.4214401977893797	0.4508943134118874	0.4525472805884746	0.46531207848091427
0.46164807829195464	0.5035639508684405	0.45224716006824645	0.4330334290962836	0.39227627841981666
0.510037468030943	0.47278136931611686	0.42648971861464713	0.4929767388506755	0.45680866777926293
0.4780394497404233	0.5138827060849573	0.5045226739373407	0.47629477837695444	0.5034179772544574
0.4789913547710326	0.5252730986411006	0.4792297605083283	0.49141446322342125	0.5380562734976915
0.5496796048838859	0.49189021292205887	0.5169138034940352	0.5120102529146215	0.5013227848960863
0.5028947888688395	0.5393982765867635	0.5708069131696203	0.5205990029620542	0.558135991361041
0.5547998894150866	0.5591897136296635	0.5722418266183777	0.5893908585262262	0.5739487829941792
0.535641595730745	0.6040298732110494	0.6313819878246213	0.5543036617116719	0.5857547830530274
0.6069474375356204	0.610086686884407	0.6360053407526794	0.668502643871746	0.6315096858912064
0.618811587169005	0.6143699233477922	0.5943020251170882	0.6610301810565704	0.6580621803820484
0.6817278452359191	0.6643280700658796	0.6578309517919481	0.6810430812203164	0.667812876408853
0.7104984400567855	0.6714477169465205	0.6681647677764916	0.6884323264568366	0.7191426836397421
0.7884067728103317	0.730639906749602	0.674703929696048	0.6785201938617704	0.7166649124944314
0.7361150106033515	0.7399851902653991	0.7886884237157629	0.7543926425066948	0.7881159738532312
0.7453215908013895	0.7982662764040956	0.8227567676968762	0.8165998898157824	0.8063343494835739
0.7980375607748573	0.8644239216840433	0.8472563506064171	0.8213145397618961	0.8889097203011481
0.8466314053679981	0.8494792718644513	0.8880923438583332	0.8866769378513558	0.9116199883056124
0.9285548341669867	0.8941235870124421	0.9159291805923889	0.9769715240270518	0.9362259788485424
0.9110575243887012	0.9959733487235821	0.979872001178683	0.9523763818125985	1.013266449839252
0.9990551595641555	1.0267938574320454	1.0169731864253446	1.0438575034969455	1.0488582187159878
1.0535808237017836	1.056888926565926	1.0673648394685802	1.0719092082106065	1.1069350905426563
1.1254201412541913	1.0958078997905893	1.1409322358267924	1.1392586028054377	1.1704987580362147
1.163261777308456	1.2048333504309388	1.179918715342592	1.2280421988955033	1.2209775390654358
1.2051862315331892	1.2394917736470799	1.2712581077733498	1.3060167336164068	1.2892279641221018
1.3100881752429807	1.3269399211099828	1.3221704538138566	1.3297728157005893	1.3732839808088109
1.409303619576136	1.400656187465063	1.3886745788168267	1.4031688885271263	1.4760560121504274
1.4551614997334827	1.5004306187424947	1.474848559386062	1.5054513714550568	1.5219635370709643
1.5583476726519314	1.6056758703353147	1.5743604424811557	1.582866959762034	1.6075761035735143
1.6386896273561993	1.6465558102139084	1.690800426210848	1.7176632682323025	1.7219683020727958
1.7810208605261877	1.7802220372103335	1.7808984952326963	1.8349168801329383	1.8270520558335932
1.8251760679157865	1.901284635492179	1.8649552539434537	1.9263911065904538	1.9438699556845163
1.9811610356308131	1.9912604746713125	2.073868858044409	2.0501760390154162	2.0575084118775653
2.064145711553971	2.074233647650341	2.1645501597668133	2.1793758434208486	2.2184369332682055
2.275077807089286	2.298212620370176	2.324085586896798	2.3342201726965754	2.3372790349728634
2.3779138964477085	2.455168510631911	2.4042419948839746	2.5175591002757822	2.5032006854208686
2.5589624352565314	2.6073231478306114	2.621722213010406	2.6729128739794152	2.6775617041227635
2.777535048246266	2.770669460303147	2.807625285016018	2.824278184517482	2.835394091292778
2.9071596962817274	2.9316498561074567	2.9984615954478824	2.9860069678786094	3.0651623683728175
3.0895605099347083	3.1423696988328316	3.155662552855643	3.232962401401047	3.2622117880491968
3.3079923574522363	3.3812558922662146	3.3690672444779644	3.42665191878204	3.493326953501575
3.5444498484732865	3.586326123640835	3.621176784101091	3.6632324218201417	3.692592840085695
3.7655982489287814	3.7882127940447505	3.8306250066895102	3.852791202881914	3.925833258607572
3.982338499111161	3.9963133322398385	4.043044513710971	4.122543923666123	4.184680997758781
4.212069679722552	4.279965788088609	4.292161343216337	4.3543790084065055	4.373635300007486
4.454219729110792	4.460613493479487	4.524905768414979	4.5792618088628165	4.590297138532375
4.626580011993261	4.648863856156845	4.752123242337618	4.772274830455736	4.817390156686022
4.845337049802548	4.889328867544343	4.94257705016178	4.964611516883173	5.0246202007437955
5.0165067512745365	5.063217878646082	5.0919619675175705	5.12108476352797	5.132416438284256
5.169664644916267	5.204507971450982	5.2295046530607365	5.238713781312992	5.244081229556352
5.321176338932504	5.3205531780637365	5.356085703027989	5.35794592220472	5.34169728272117
5.378365506295305	5.403283754903544	5.430159482419823	5.404048419193578	5.43357444540039
5.3985580085062965	5.430753937149384	5.425133123083987	5.4682714593938755	5.429610844990903
5.408381823178332	5.391371993752481	5.382314840969676	5.38191293273395	5.373413650448798
5.389885881489846	5.343689864071459	5.350705917821326	5.303275114363593	5.242596069399747
5.256236186276557	5.215197796066992	5.247413955719731	5.196353763531288	5.1343074454544535
5.120567425384159	5.105383635129961	5.042905598487772	4.991688006031472	5.017818300517365
4.9591092415992835	4.926711529933421	4.86067765069434	4.862370252720977	4.785370319542035
4.7729182972620565	4.705494433134057	4.683781612014864	4.666712643141817	4.571410411284685
4.583011045162309	4.4623216558668215	4.436563952037334	4.4116564586998255	4.368136173154387
4.334083705498833	4.27739769788358	4.221246667568197	4.20879669677962	4.114002249479063
4.112987015135581	4.0761870534904014	3.947734152580812	3.9936682060691333	3.9581967109364036
3.8947343390771487	3.8044968845402147	3.74333548712149	3.7699454235549616	3.681596025282539
3.649318163461152	3.6272014145953952	3.586794337978004	3.5278837520772304	3.496824693542805
3.3978211985670317	3.3963851826422515	3.3646449012941986	3.2967201154312686	3.2251754068435097
3.2378659698502577	3.215404447274533	3.1262781207929145	3.093070017092201	3.0207753814954565
3.0096764784357597	2.9677021140063697	2.9183801305817143	2.897469407343344	2.8561932324277395
2.8430770998346073	2.7906162839747704	2.7515139245255718	2.685491719164028	2.697093015303867
2.6293135922665947	2.6172222412465103	2.5870324919429377	2.534232045420803	2.474751980202913
2.4620492982245685	2.4166066518349107	2.408187575980922	2.3876907416999615	2.356175179724341
2.3401613451390713	2.304151900723587	2.2343629750887013	2.2518762290865264	2.226983617487619
2.178587775709385	2.144602337237715	2.1412766218474264	2.1062551220627124	2.0972598617513607
2.022743322223663	2.0388069952124797	2.0040020820510893	1.971609231365357	1.9664476076442035
1.9034413895824698	1.9140904262836202	1.8426817838823324	1.8345213364797321	1.8359616693908363
1.8013366495549574	1.7655892725544302	1.7550793581800492	1.7317212661275339	1.6869225546131785
1.6977116916619617	1.6684805817263113	1.650085812394025	1.6279014011581818	1.630964512239396
1.6199231521802602	1.5389308562648452	1.5427701166818935	1.5937597675171256	1.5420898904586273
1.5185929715574664	1.4551238524869083	1.4695651599810604	1.4432919589996	1.4780850436811943
1.395818217637797	1.3814963712785762	1.3677062862285847	1.3889704587832814	1.361786001705364
1.3273122863229223	1.3315537180326804	1.296907664854987	1.331352798734469	1.270663762349443
1.231375556557431	1.2767356724013164	1.2409754225553893	1.2340692856137767	1.2158474378700237
1.217435552863311	1.1693732719444856	1.2009643769193457	1.158403736491813	1.1458563293993655
1.134480071838929	1.1660936126021044	1.0954512926881128	1.1212813033173243	1.1266915544430882
1.0589901833521083	1.079328003297761	1.0757510274985043	1.0324815081656096	1.0737764330196162
1.027458595467424	1.001277787152824	1.0638650734882455	0.9677999243629369	0.9801482636872684
0.9608366920104726	0.9860948104096438	0.9647399818257263	0.966682196737473	0.941928608526564
0.9084227190463601	0.9594733809612969	0.9214140427289109	0.9084673529940895	0.9044400767562693
0.8654983782530371	0.8867142368797958	0.8482740518215711	0.8600032567498699	0.8451385282096856
0.8531211325831997	0.8316678943191261	0.8438736968002299	0.8576503212922745	0.795339728131667
0.8126943512598549	0.827998558716444	0.7499306879862027	0.7577415350155919	0.7613704389085086
0.7858157241761492	0.741153613233871	0.7747676322246975	0.7690533869018216	0.715749338391377
0.747076100426302	0.7317918932840498	0.720901059860186	0.7058488506721998	0.7406537642808365
0.6756073961587072	0.7005076545270631	0.6892922703738691	0.722638986573483	0.6691476504975409
0.6830752277507195	0.6721516474142031	0.6954571072110898	0.6441806748596589	0.6538010882755078
0.6610095738550206	0.6722061905243452	0.659626620914837	0.6516276794979076	0.6154627611959872
0.5947799952534755	0.6270862439334731	0.5974343133495652	0.6241555290038159	0.6341554544332979
0.6410360316904804	0.5872796129340494	0.5881559815788863	0.5714598661418744	0.6002825248115037
0.6120030277942012	0.5504487424832013	0.5754314794272273	0.5447930574765049	0.5018767569210292
0.5550433035657611	0.5312009644315472	0.5686804391067946	0.5587679665332781	0.5431918967063054
0.5493919499479307	0.533233545770601	0.4719594842633948	0.5213710681240408	0.49869409435802753
0.504009795042912	0.5233721476996509	0.5449032201663456	0.5213870249287207	0.5119929314249452
0.4486463799757272	0.466491816241712	0.5070661794059049	0.48946619338561476	0.5017106166534179
0.4809292055794271	0.5188001145105463	0.44623732352239986	0.4228234167010302	0.44136903667769584
0.4905007674827697	0.46201326723347363	0.44203654765246037	0.427840319023771	0.46316940528185246
0.4685799128639388	0.4471018382367699	0.43767879523455466	0.43851615910853176	0.4099426194284486
0.4351171896024704	0.42947970378903794	0.423590552546004	0.4339200741278232	0.41823895277090223
0.40291600670500877	0.4385975427275725	0.40810523021318135	0.43597330187758215	0.37609165622984525
0.4418548957987758	0.3797756849118979	0.3662537870242861	0.3691182064213901	0.40209584558206224
0.37864863965624634	0.36105687979492673	0.37352350756889513	0.36764521407576745	0.38572575135172626
0.3774248303121394	0.3465747430216693	0.3737052892693056	0.37321040392985827	0.380730418594829
0.34750796987387833	0.4058450773169681	0.38437073052879445	0.359367515007783	0.34835743000630914
0.34036908090648615	0.35005292962373874	0.3452920752519604	0.369143143274463	0.3523476606015015
0.3477453491901753	0.37678114771164894	0.3364032752388953	0.39115422526864935	0.35894642176147273
0.34320715446517247	0.3213277428341037	0.3454266960178545	0.32929456963842163	0.3350084444972099
0.32806784159946	0.29023706508151	0.2943767712889427	0.312393522540654	0.2861649981866788
0.3303851628420154	0.3312530753253615	0.3059976036465614	0.3008650383059685	0.292531623919108
0.3046198281429988	0.25369208391117665	0.2717312601221635	0.28610702526441106	0.32753029490313545
0.2829420037892356	0.28326165722631963	0.3053479614775544	0.29980706852047506	0.2923038471270963
0.2757656285230404	0.27341328903615186	0.2881669292097117	0.3097069192329585	0.28292649000795234
0.26336709479805887	0.26884100101851044	0.2795300856799039	0.27183267228379465	0.2588972846766938
0.2692586436476162	0.2517763409121283	0.2486214868080384	0.23705184297462903	0.2734448561165397
0.23771904695985407	0.240276582786132	0.2241564296702765	0.25767808962248007	0.2469717812595369
0.26414489670275354	0.2744681789748512	0.23583242207186894	0.21848431932548748	0.28672474682018617
0.20743245494011786	0.2527033744447978	0.24711555898382562	0.24209202537820404	0.21162236362882303
0.23258098646884812	0.25213405607447437	0.20694996065811783	0.2270629084874574	0.226056027427617
0.2277975124029245	0.24699174469422172	0.21261164846611216	0.24735839846994304	0.2110262268892116
0.22333343006563328	0.21626275271260204	0.20791158792743475	0.24565798224067703	0.181703075751928
0.21244545058500894	0.24652851027713168	0.20052607193271793	0.20710469687012276	0.24388413865169134
0.21385868875571945	0.22994705221340295	0.2282886553756761	0.19019697713514516	0.2001341643215872
0.192024025048571	0.19402844961937557	0.18753764431845454	0.20607364873720144	0.20946750611593196
0.2092380889422046	0.18844795553379978	0.21192325701958822	0.19463009165671757	0.194152226276786
0.20521508029490926	0.19561209312848227	0.19340115308126793	0.1892634228079673	0.1727495453915217
0.19539121286486344	0.18065684864384857	0.15029812797836525	0.20164447015134526	0.17921555709305212
0.15802551407544158	0.17471455808189545	0.1814133615494601	0.17939833594956772	0.15909416282477373
0.17352826444875782	0.22691632183834454	0.19556448262932752	0.2024846770078749	0.19792738791922823
0.18358183016767776	0.1616730871063979	0.19181497208708762	0.1869182125699379	0.18216283335841676
0.18237413119257945	0.20769197716858542	0.1756910440105122	0.1700100257571195	0.208774688540231
0.1605096991042699	0.17484539272518448	0.12969544416791165	0.16394288639051083	0.16487596674461324
0.20562786955824242	0.17413182717027825	0.17503465143100697	0.2142041528911416	0.1769855172013987
0.15193506168780083	0.17072628104117632	0.18239592634988305	0.1599487229669931	0.18328961562234417
0.14589287305741955	0.16401565164957024	0.16702155884292805	0.14452311020188416	0.1532748553105239
0.1779653307403874	0.15643826806289918	0.12565274891430983	0.17537392034244148	0.2196783716263797
0.15690968832211347	0.14842751447638272	0.14587257956743407	0.19977879673304838	0.1453690209621358
0.1355935718420434	0.1856604014324451	0.1867922224092319	0.13184754610998442	0.1234890704964949
0.13472534279463155	0.15043741376323175	0.16547490696149678	0.11481770226999465	0.17335012452145315
0.1424511840489124	0.1367188813841026	0.13082548288179	0.15115822325779524	0.15664529677415068
0.15693664551664296	0.1618322260132754	0.15751812956759298	0.1587886107575346	0.2012784301214413
0.10481585297578914	0.1575937285601482	0.12285095920355968	0.10155099379675075	0.14919533678157562
0.14829923613503518	0.11366458718399731	0.13631093558219384	0.10524750585622114	0.1578142549985933
0.14213441307630337	0.09498934998749463	0.10599182210954099	0.14437365117397838	0.13491753999468353
0.14288687879734244	0.15605786058210463	0.1614606366705825	0.1322886904582556	0.1541460301601716
0.12461511947726857	0.18102007849080864	0.1177029012017848	0.1205597363474743	0.14811633886253975
0.09470068255778574	0.10363610216399921	0.10070539545865033	0.07652992840167891	0.14308057980690803
0.10973306779523072	0.11925931236072176	0.12333460376546057	0.08251038429675685	0.10025922142307539
0.15770592380890072	0.10508285431825862	0.15126880893354888	0.12116636593214777	0.1498679987028045
0.1310577630405908	0.14232111741645087	0.1279368529235282	0.10128423397777386	0.13592158104050378
0.12141945938118978	0.09231184664229937	0.11569312609235105	0.12846639947755065	0.10306578724232993
0.12751475424932054	0.11324764892557358	0.10360383485714207	0.13419000004857806	0.11017860181603464
0.10056136668305375	0.1132984459620284	0.11234768054542892	0.09247410530656107	0.13582805758127187
0.11546203693499832	0.09550329292553184	0.14028688114056376	0.11563818712413274	0.13903378281896372
0.07729738036052881	0.11062598906731591	0.12393245970524565	0.09988071408033697	0.05956510097594501
0.11716968498478594	0.08483013705921237	0.10090494740142898	0.11775577891996879	0.1096451941645188
0.10700395556791696	0.08503918606402691	0.13735971498243507	0.09482785280418163	0.1596410451660343
0.07594839422846211	0.10791107472830422	0.14072724565151631	0.11305965469610757	0.13617710271803699
0.10811981334658975	0.10854654920468391	0.11508507479789498	0.13214136956600192	0.12266953308833788
0.10434668382750559	0.08354667911221975	0.08555847203924591	0.08038751802705564	0.11634662503480189
0.11679237161157265	0.11121797468426473	0.09334916479534074	0.07080158756548585	0.08652297848787718
0.06535063060178209	0.10817726500331608	0.08923491736236541	0.093848728203544	0.10564493825503901
0.13470383565880792	0.04660279606321357	0.1278857097143369	0.08671643229094897	0.10306689099948499
0.09329899290354796	0.08426619298221684	0.1184849283583854	0.12442195213117323	0.10751791953929632
0.06604324710418735	0.09370460505029643	0.06838793044084136	0.08170727337802738	0.07247066615777206
0.11451897688518889	0.09642608913665376	0.10214176695045984	0.09338495819433926	0.09669233929644497
0.13454187474091994	0.08196805074814191	0.11892413020020741	0.11954815673370152	0.04881810080603788
0.04531166150921945	0.11923024506054049	0.11480002203695641	0.08973766160302105	0.04861773134332814
0.08505368760630129	0.06976640122602526	0.08699574036992135	0.08186721180335405	0.05530974095812805
0.12660729973259383	0.105009412060353	0.08246487277421466	0.031978775508995125	0.0825378841548574
0.10689291992182733	0.0673612179030349	0.08845223533492702	0.05820182823614998	0.10955743303371657
0.05715423646229421	0.09142375381418259	0.04495823742153052	0.041539742961566435	0.07831184849164968
0.08953002172200245	0.08787082023101954	0.08359821858627596	0.07948638488683162	0.05109030435059152
0.08032256393629086	0.07030658703552625	0.06037495322940766	0.07837689749807057	0.08376696799527314
0.07599342076677489	0.11161255886507027	0.0908968004240176	0.08645942507099319	0.06265423135942122
0.0868685035306622	0.08574699755488326	0.042523830686732975	0.08718353315322251	0.10438946920608726
0.05166057826399083	0.07466666278686118	0.07741965970397036	0.0698923237887985	0.08579763198934702
0.05031026045812168	0.10705833360522682	0.09146514594898314	0.07035506332401309	0.06033623946782613
0.06293861508216483	0.02232880028390495	0.07013024482513819	0.05316889161367635	0.0980510388938055
0.09050425583356714	0.06729413523889932	0.046349332410107545	0.015740120699843693	0.08868889196599197
0.08477533687252344	0.10198595158900264	0.09099852321466402	0.07271534963862493	0.10706612487410351
0.08720258807108035	0.07857955364371187	0.07074464075128106	0.07228273739793191	0.08008831711019812
0.04101053769755063	0.07827773514080906	0.09744753871675593	0.08688667989467747	0.08601261829665137
0.05803637350673497	0.04338048977414307	0.05178112451765658	0.0684373549078032	0.10402306875510262
0.08838531969501136	0.03299141379860361	0.01116940505566837	0.09139481009536683	0.08004214744237637
0.08922432785257046	0.07610343703795558	0.05031502404283511	0.09056078421479934	0.07634991082956825
0.08158185187806362	0.0456379689321041	0.08876615799619032	0.09839869221859426	0.0911358631337538
0.05890675457237521	0.09220090184188295	0.06659661787075014	0.04494748326612936	0.02997285799049375
0.0716131719329312	0.09745007787397117	0.07655594386720249	0.060504509276133614	0.07385408718619031
0.05538204033597406	0.07768538784154205	0.07085898891450945	0.07452429024406984	0.08502499948557023
0.04541136162272461	0.0397766925437965	0.07531645764927371	0.09411299140674395	0.04793799969860625
0.08161683309779465	0.04486155779082433	0.059907735155877766	0.10615485416477934	0.037904211714226095
0.06381385906032393	0.04555920872324157	0.04323506825034341	0.060580578653808406	0.042262480149322414
0.05023097937680123	0.042589618384147016	0.0481915904428192	0.014291397975300942	0.07744721053951693
0.06882249954411493	0.06967757732427425	0.04740750124395862	0.03298591008568926	0.09249385562157846
0.05360397301787244	0.036589165483237186	0.07368262401394145	0.04870805363800951	0.01374192093519596
0.05761708380311204	0.07622843904343249	0.024918535970283352	0.08262084705956439	0.06705957717395418
0.05562284641067457	0.06999110873443155	0.07684467313873247	0.039342272341758085	0.08152919072126961
0.0834417243682037	0.06154003348105219	0.09741834090022916	0.021096199434704848	0.04632767753613586
0.09383768899336219	0.05872386399713027	0.022557224499564224	0.063950376573096	0.04408656481194228
0.05802737871472885	0.06154695808526756	0.03821520490039265	0.062348718886577954	0.0681216106824337
0.015702026447295354	0.04755879426690005	0.04521376934080581	0.09086059388249641	0.05099139084850809
0.021127152419997002	0.05504875814888607	0.04489558078732373	0.06546064421496922	0.04750884303280826
0.041203932817342186	0.049895631514995736	0.057103187242034	0.04141983987484581	0.09867349502557983
0.037091516487213726	0.03934380459456313	0.06031035994251255	0.043712073706618164	0.03427255049479683
0.052802106413221056	0.06887190769164592	0.04903710356182165	0.050422544732458	0.0648216946184041
0.03981426807357571	0.04937254323307664	0.07993392883745593	0.03609296995378858	0.07354461527694497
0.038980753163213956	0.05806476105882164	0.06757933174973879	0.044589004026603304	0.0697103602232586
0.04948667079064303	0.04469485850429083	0.03978784269731297	0.04275484482035938	0.039485558000149044
0.02910596800957279	0.04397106228892146	0.020513712483920674	0.0644012266365798	0.02556723515277863
0.06632316458670812	0.011353472072179524	0.029796524202941974	0.0060719269614798906	0.012671585900761218
0.03335448976172195	0.03554707545591376	0.07868797132941059	0.07506132620322542	0.03812720088847577
0.05730140456511444	0.0053026498843082946	0.027303593385980478	0.07570779900605193	0.07310123414800575
0.04801941663002356	0.0829517162169359	0.04314463695473711	0.014077341590269559	0.03437233281075065
0.10811952690174287	0.03807676815329919	0.061265420914644556	0.03990669479637326	0.019170342349145837
0.09085033331150569	0.0667866646807211	0.030887841935581414	0.04203478579324617	0.03139331300963691
0.04445712886161657	0.04065074209913565	0.03633517027711996	0.06693088289694572	0.04234936218054776
0.041844423338792625	0.014866023787639092	0.01739625738429327	0.05552006120427824	0.05557105949744347
0.05501718596458659	-0.008022491262145128	0.051172847303491496	0.03706612993814191	0.05369962789291663
0.020493649441794326	0.046560772316218024	0.02710319332464161	0.043848065775962	0.043854934184148514
0.011550960811187012	0.022998611587488317	0.060543614417843346	0.06217216361442267	0.052988522664466284
0.050778654080161766	0.028200062833987908	0.058069329552853675	0.04371437041101288	0.02426633210511741
0.03417513354242442	0.06132806414085881	0.03308938769087609	0.0703096112188179	0.05152558901784561
0.03374118618372114	0.08967661720970214	0.06598644254174693	0.014904954899036777	0.061861443140838496
0.06413835534792676	0.047169527768615556	0.059004067399156285	0.031854821989362785	0.025031023069214803
0.06877803430435445	0.05736323913712831	0.050299518873380314	0.07078529021173688	0.06072860567862164
0.039452564309025294	0.07986257828517392	0.046575657135523946	0.01113763821527785	0.06895259917101652
0.07572649674623247	0.0647831192575406	0.014998747003409078	0.022595798840362672	0.05174410736821491
0.049391431662859135	0.04670489273056377	0.05770374499028157	0.0244244468388253	0.055387687664206785
0.05221282973235171	0.058181562493288826	0.05086208771735766	0.038261020949634475	0.039921391965884206
0.054252065500499894	0.04966998887851872	0.08262829083365798	0.046803857157509204	0.01269168355922757
0.078683349708176	0.029435706905545343	0.05266271917204078	0.05265634274302189	0.04096360085593066
0.0393014969635594	0.01923904264231984	0.012999050777326054	0.021373243579736523	0.007063360154952335
0.04215789626376327	0.044991476510910004	0.05830991026433083	0.06969626488876826	0.014640763209079814
0.01869008093933602	0.05743624745415343	0.028097819865840465	0.010309553446454999	0.032171827161156304
-0.001912841209898184	0.023559071893517487	-0.0041051094292957925	0.06830146087288605	0.05876839605440011
0.021356512997720623	0.03420721699831559	-0.010276736226038322	0.0556106497995394	0.04523692753311225
0.012145317896295992	0.01913594347939829	0.023077775160618784	0.016014322976429067	0.029031918439706855
-0.004380449525114757	0.04404730842695262	0.0352776260152608	0.009712776149050004	0.034970468387941885
0.03664559632483855	0.003066357075583847	0.03037157717982752	0.08098946062151328	0.029252326229406555
0.03998602061895658	0.021270478853268784	0.032512422223666695	0.0742756339058489	0.04356732760222144
0.04730903410731187	0.02952850646537481	0.0390054408556281	0.01187004013776511	0.012162192362423614
0.029212781568014566	0.0319598622961085	0.03524035980103361	0.02109573168157812	0.001315624600002844
0.005646533599143824	0.021798902092731096	0.018208182748068655	0.047574461513171594	0.06591105720520025
0.04239332163559316	0.0313883107584232	0.019486822271314846	0.02477416328190741	0.0434091304764771
0.038359658877738956	0.004967695350506514	0.047966968031913006	-0.03141029358285524	0.02246973569704709
0.04945490734102043	0.03818249001755821	0.010346355467382221	0.030089894935443562	0.03629908902174575
0.004626661256835067	0.03336474284607626	0.023097923068683586	0.016500813167079863	0.05580010536570805
0.007206470793642831	0.04893410625476277	0.03879174676317995	0.03715917581410439	-0.023853380833945878
0.03171480529881358	-0.0027683054691115486	0.026420041432120192	0.004948434319486994	0.029527742656051223
0.01920590141958978	-0.015078762919489338	0.022213081837612	0.03881678044036276	0.03899219012226521
0.03301263894807672	0.035541157309368944	0.04519275126108108	0.043404526229753215	0.008455619243528322
0.009776493379982286	0.0059858387639064245	0.06369274309843038	0.005997429461769801	0.045750061916832015
0.025449961987787893	0.053014492226885986	0.011361213684712754	0.03944498853470033	0.02623771811111419
0.05135982592026425	0.023581216325595202	0.049224194244197966	0.04325877258685955	0.00547376631551714
0.011538828412942494	0.035268074800354786	0.006210743434845551	0.02255430325169721	0.0518928133197423
0.028559099135818052	0.02685814061988223	0.041963179620316524	0.01687071356251366	0.052351244857780664
0.02023724876873458	0.06624659438367515	-0.016944842539770775	0.034932711365492086	0.026688879397561014
0.00973598552572792	-0.008430597439818563	0.05144503992449255	0.02156218866338695	0.022729835330435405
0.0637094199601019	0.004191023251694491	-0.001879218380134431	0.01129673956693626	0.04964988751378083
0.004176054777274786	0.011524113446668262	0.04334206288057635	0.04106737938857161	0.042259199117571845
0.026469315110388966	-0.010491545134530862	0.025867847656112594	0.05679362026711667	0.015141894335838017
0.010449285700319838	-0.009922851506217757	0.04000315342187226	-0.008013979031478737	0.018554252447159657
0.0626401651914567	0.007252584921668378	0.021864668135911005	0.006273623663049833	0.012256658302769318
0.039901518915647326	0.04520305349002388	0.022191672180290577	0.007986718236980942	0.01372885077922138
0.04268218296640552	0.009532697520846737	0.02594695445366639	-0.0034633724738548314	0.031561827148481575
0.054155119622522334	0.01601289895889399	0.0759410699472402	0.053846597330878605	0.04894065868041729
-0.03008103491894713	0.05365688049512332	0.008201601427996582	0.04534804430744739	0.03933097001475752
0.0278637867215422	0.05037617960610703	0.027225941890106242	0.042587971260924846	0.0183221282467686
0.018429828097393717	0.027783008311206225	0.01658911068581368	0.04501608409446811	0.034165506458130566
0.038547880010236055	0.0045825052544665	0.035974163733144195	0.04751320198320627	0.00789830745531991
0.006865548400578815	0.055368104192644645	0.0692783909480324	0.012891309585657812	0.0356144066219181
0.01711144740962542	0.048000545156910004	0.02482469134073669	-0.007360354110522891	-0.003039352558631272
0.06171142740828453	0.033758827862224484	0.036567492287766346	0.017219354176350385	0.029330157622972187
0.025117092991829577	0.02427637514378406	-0.0037149764595505548	0.031721993935612675	0.05159453693880876
0.01981297443379064	-0.0013662855950542306	0.02156142644327776	0.056666537184448466	0.03288562189159362
0.011080626603232767	0.05856820899724214	0.024582243907808873	0.01706945290545097	0.017814476856536123
0.0405724565032107	0.03906591124663831	-0.013802722924843993	0.03420216742758664	0.004876417985594089
0.0275229083332633	-0.010779468586729127	0.02901929813734496	0.05871772690906385	-0.006184135596687724
0.015080444012798663	0.010685421994096498	0.04834986205210711	0.010031873826432508	0.028461883554841784
0.013707674485277644	0.03141665761452359	0.01723123475043641	-0.0016247501845055605	0.026187704588476662
0.09055332594993404	0.04247643263332666	0.025525027474037933	0.04811600094566539	0.02870896493489071
0.039749256184965547	0.020085891883291327	0.04404144049790476	0.017261097665372233	0.012437700530039278
0.02395023227271485	-0.0031565792573126283	0.009804826028970239	0.0187042941728494	0.06538216951847468
0.005387611808222298	0.015802319595193147	0.0347231309771762	0.023199453655333154	0.03643192824671658
-0.010661025825666512	0.0018635481939531357	0.0546571635103628	0.004794267911347067	-0.022213638355944604
0.03823455858528879	-0.0195352135814205	0.02750737091114422	0.04536568254075147	0.05233153882089726
0.020901996292184276	0.0371013385993075	0.050384474199962746	0.04632088821717731	0.025136875215162457
0.0430202920444829	-0.0007739742407387937	0.003982019878716699	0.009583540321988555	0.04973406384646295
0.047699206552952386	-0.014831757542587505	0.016185894906830478	0.00576192827041597	0.011721675129185507
0.030214425798738433	0.038166208361606266	0.019567362199904265	0.005380907246713946	-0.02350855560918332
0.021264828550344957	-0.001995446832670924	0.01968006441493221	-0.01922498537485372	0.004923961794968261
0.029424957172859763	0.02473230078204512	0.014057740408861435	0.038893957780639477	0.0712475349032278
0.0269893084805072	0.021409344923212018	0.060375895147330945	0.01550248419075393	0.046685502165888654
0.02290043538928873	-0.01002429163136461	0.05382746348509929	0.04064319255052079	0.01860754853399785
0.02667496312847964	0.015664083478435377	0.021361020737239722	0.04602580905507354	0.018085041327671338
0.007492363713176042	0.010390266471360127	0.014272503513038345	0.03457146563792567	0.04385145936818904
0.07203810056733818	0.04496572798330335	0.005893538139950665	0.018164720163433193	0.011893422010807325
0.012213644697116475	0.04782046713011028	0.045396733612738445	0.024694862216867876	0.01804859432485644
-0.01154597299334415	0.04854290676808405	0.02364231620232357	0.022305295803582176	0.0034462245454314564
0.015172201079239524	0.015889053129790758	0.059939129024634046	0.016512465568941558	0.029482944180102146
-0.012231011137572549	-0.0055356606920243506	0.002683346640644806	0.01953213878116459	-3.416281385064217e-05
0.04078038787502418	0.028804591841653564	0.02997999428240317	-0.016698555230022793	0.03600210568580528
0.02965024472279095	-0.0334027142236059	-0.0034426448546886496	0.029303484493999235	0.05309823779288509
0.007214601016652425	0.024633150403078577	0.06096829912082422	0.026583998096237817	-0.02826671762394945
0.026142382500063926	0.004325264851074249	0.010912304965584627	0.0035081216248196824	0.010223791488796319
0.0015603175576638009	-0.016895332882088228	0.019286241446698008	0.06573834419116281	-0.004983273712914673
0.02357229506070524	0.019273035198640136	0.006079113181258642	0.03623516497007678	0.031209913734451145
0.017662984687758745	0.045903943159709505	0.014197745784529531	-0.0303858883235607	0.04110121999640637
0.0046964220424594826	0.04311587594275306	0.031923181596295216	-0.03566568410991702	0.009826435031259892
0.025725889354378372	0.027234165006291423	0.047535096062412435	0.027249276787839463	0.038426222847672054
0.03928026664683247	-0.008267032989755844	0.03575654579868514	-0.014387067547238617	0.017990519258972743
0.013966389769546617	0.05182002283793016	0.01781741224690145	0.024716358677970795	-0.0025778408907310858
0.015816284520518458	0.00657704791111286	0.04014518969353572	0.029421542988290292	0.006109056946776604
-0.03198920958233231	0.0021937984703955977	0.007347612223394454	-0.02146984822979524	0.01960650569612811
-0.017154603507014043	0.011338004377244781	0.0026057562168886636	0.01326620768176471	0.04226650793583031
0.006510224948035108	0.004585279531565295	-0.011607884896029978	0.04183517034307436	0.015006706933050095
0.016974202401391175	-0.0015670487268573934	0.02365018690163555	-0.0030918299020446555	-0.0019609434649053683
-0.030704214405670352	-0.014813139046847612	-0.003651115932674637	0.01156389359584333	0.0018432038595663472
0.0030455498165656994	0.018776652458553426	0.049026124581076906	0.04661443054932555	0.011457523835280321
0.0502714962078369	-0.014059196349351665	0.06123531269830602	0.02020522568617606	0.06054027084538913
-0.0060900767589039135	0.033453005998654264	0.0031757653487771527	0.01739786374463027	-0.01925942939744466
-0.0035855995583910874	0.020391683145050285	0.019639736790259828	-0.0008193552168728002	-0.023567174349214542
0.02604380716389782	0.004668552192033522	-0.003140273219405131	0.03551889204914242	0.03065130170456211
0.0012843560592537247	0.020466601156609292	0.03033212897390652	0.05222322960242688	-0.02173260066159023
0.054425337327494785	0.08467566164444075	0.022045683693286904	0.03391889442404559	0.019767135044546254
-0.00045495206014356526	0.009992132764207256	0.04030785433757901	0.06662069583377377	0.015474834611192395
0.023216865650138422	0.019211264219389984	-0.0016856138530861832	0.0035461316427724456	-0.014675887828349336
0.05563983097667589	0.023264825196419384	0.013308226651230399	0.006672273773654314	0.015778824505148344
0.025081725876078743	0.05807337322701886	0.012876344884796644	0.020080002787925495	-0.004074059808784135
0.03568327841186468	0.0013162793349796456	0.028562836327440288	0.0498902063092302	0.01762284452787153
0.04323274456989782	0.039855923907423235	0.03518097416752407	0.021835151401117185	0.021938465921999335
-0.03360503564864871	0.02252071682396607	0.020944436054376587	0.01707920308197758	0.032435915541067666
0.025794754083933592	0.03694433763804105	-0.015770695748775924	0.05056472451631216	0.007332382067151485
0.02474501288217626	-0.004746534458328975	0.024638696254985264	-0.003038343729549038	-0.04705243426366737
0.014150827997086408	0.032878957614509534	0.030790888419660496	0.026968887256648626	0.0027154297356401756
0.00980716500991027	-0.0011707852838013892	0.016517855193805803	0.028884934039380243	0.0216706015879922
-0.004447993552867218	0.004440059855850892	0.06855992352121362	-0.01035302692934676	-0.03954387033206374
0.03290487578679316	-0.006167909540447344	0.0035271630543788654	-0.006322546758327216	0.04003308327700916
0.03586540790610579	0.03590299657866754	0.007478164312867625	0.021914243710038698	0.013052051141481677
0.03247683419218349	-0.0024913503542982078	0.002424339606484602	0.0237899253840315	-0.026972968503340702
-0.021780100438352046	0.030040382258851223	0.013067992383593047	0.014794884231348041	-0.0001378537658623981
0.02643604399468595	0.03297471500430197	0.008910256947599187	0.02998806646856031	0.01246243233888352
0.03374723843405917	0.03534434981914612	0.019954201540056234	-0.010801933465052423	0.03254400138672292
0.050667492280820015	0.04795248518251494	0.037280062861760846	0.009070910409836493	0.019007275115472233
0.00918691946809236	0.006157512580109774	-0.002438747788009333	-0.01027869177113793	0.0407695429607587
0.049794919305591295	0.02401123054219257	0.06956232423592715	0.03820739794183728	0.021336083996910896
-0.010643917421949806	0.006161433219075887	0.05169603619022766	0.017361126058836756	-0.015122546651746626
0.02887172589038541	0.031187059131429058	0.013082886624524715	0.03067219812988886	-0.03237143645863042
0.021335891150971693	0.04432330866806364	0.028026565937832974	0.014697736234168958	0.013446724914352061
0.011000865389375215	0.021858523607252177	-0.017106143732405227	-0.01654144084236509	0.0077758768007330495
0.022777326757285995	0.01987552111047262	-0.013013822350477412	0.0422359015839969	0.029003479447093115
0.029141628742349775	0.014450211562802287	0.01980715740211985	-0.009443190002538272	0.006915720601207807
0.009356157295631056	0.038056405039083856	-0.011428907901498458	0.009835220215206983	0.036603634787989996
0.010301099294972235	-0.00027755239836445636	-0.01529121273665094	0.0031288576223517453	-0.005048509212381893
0.04178244223405676	0.007158353264672298	-0.01100683178419979	0.03336763341154906	-0.0027404495823779088
0.0344853912365667	0.011357706201796191	0.02272519618167941	0.029050460328307427	0.004789682778741826
-0.010241552224954535	0.04708907088923268	-0.012575489909418116	0.0328991253658756	0.03329014949604999
0.031009206072862675	0.044024850201257446	0.03960925678444829	0.035446820101553166	0.0034361060065344114
-0.018901171355751745	0.034702244650020656	0.03418929404736984	0.017504075759416954	-0.03980616047937605
0.031733058928172304	0.012520830861428743	0.002994534160163557	0.02752091074176137	-0.012850548633198062
0.047408181640243574	0.01939807356400628	-0.038535512797395456	0.008706336333976841	-0.008357129969655194
0.0035981452686758065	0.03073038279370638	-0.02399460059728238	-0.0021446736494268644	0.0027581662905288547
-0.003562534654184265	0.016847543236518485	-0.023015011378265636	-0.022599714297919064	0.014590544814964634
0.029449307323986103	0.019901186627470025	0.008855393694436449	0.01277207651189376	0.03775511141106534
0.021187792815129697	0.006446603358635851	0.046527651091307576	0.002821729153398027	0.04368820563837595
-0.03948412557326768	-0.029520149214206627	0.046168180293990904	0.03604791722567009	0.030015676747480555
0.01927528530308137	0.023019004657891355	0.03414076062045851	0.005398065274909273	0.03459771974807298
0.029774128713853567	0.012577841808168903	-0.02065824156355038	0.024030487449381802	-0.010747558984369547
-0.00390770318580859	0.04445143185751605	0.023733283171242608	0.003949469888987046	0.04630655758486686
0.01089399346110784	0.047318628573616545	0.0025774081101387495	0.02850453500337235	-0.020794698330981656
0.028148281631689965	-0.014595227980976247	0.0032273911783005883	0.012452635961935587	0.03100695371200179
-0.060596850909301656	-0.002913884263455284	0.011463367728854696	0.010821262845141304	0.04242669304795793
0.009155411998268472	0.035558950704290805	0.0007035404792811294	0.014244731258888293	0.013960855123088813
0.020678756799117806	-0.010699629791532996	4.384218305224664e-05	0.01043526870991145	0.020515700795476523
0.026369620850141683	0.04186410124505422	0.01749821065617255	0.04113188265161656	0.012414548950869256
0.03408964995182926	0.0009309216036892795	0.007565738754020124	0.019156706094729293	0.022672052561688204
-0.022235434629680827	0.017574801673159602	0.025093420252957174	0.04975014289460786	0.01929531208815393
0.013953165547523924	0.019100698620730425	0.022976110230678266	-0.00943806184294747	-0.0011780107628730173
0.03863462305781465	0.029199328587688318	0.019582003622795573	0.014057991161479644	0.06075226223152743
0.028837412747708898	0.025395216265046976	-0.05085531259382105	0.04374678905871688	0.0437094903150375
-0.018780719239275014	0.01012733040043212	-0.04679053292125162	0.05591101942341493	-0.005314778934157913
-0.012340399225308833	0.010714411231127735	0.014710943537112752	0.032186249260298457	0.002402706151709761
0.009703901262034138	-0.006441701669413888	0.02490899433129408	-0.03231651132229632	0.0068896447849877765
0.016573535072175207	0.0005154549663630605	0.028068306898362788	0.0537672998305824	0.027625798179042045
0.03867923134903756	-0.0006406031694346699	0.011616498594039765	0.030167822416168992	0.013750950275889108
-0.0051101217533159665	0.007961963219721214	0.03177047079000227	-0.013425609476228728	0.008697019025313512
0.027922627519632814	0.041595566380305114	0.032951576754803646	0.00745671719306869	0.051087799442007344
-0.008693935317956768	0.04109515712596618	0.017706160449565415	0.04533463133881449	0.013996104113515748
-0.0010030059116811407	0.041317938918305666	0.05714356293461464	0.024075059486507806	0.026399055270800827
-0.013080169302749488	-0.023989403124963934	0.026485818563135043	0.028210649189051976	0.03668011084935102
-0.012063751852765522	0.02824398432232162	-0.0020081053927052334	0.03131101813363807	-0.0038500425717117107
-0.006950873533701226	0.0031458026039348653	0.0015120288850088114	-0.0020788705275566555	0.04149389791147265
0.02047827620157727	0.006792332830490629	0.03785665802480259	0.004317020949247025	0.0229596326515306
-0.008552780517978148	0.01621239769093468	0.01570465026241074	-0.02161007164877995	-0.01763967002504766
-0.01181851106437351	0.008678392144055174	-0.008124934019188668	0.006822520839851857	-0.018832569015924443
-0.004989315815246921	-0.00589004937643152	0.012724964453143165	-0.01860225499973236	0.0198965042085177
0.015182492330580584	-0.0025118316248443294	-0.0069014270316026345	0.01924624364556843	0.016506063751984965
0.005365422806200447	0.015994920548243176	0.004697474643597209	-0.02563903705528688	0.0075117149149870645
0.010274016101885823	-0.004150697854737064	0.042144294955720106	0.03457558748741767	0.0342334760995804
0.0106707041832924	0.000403565517094597	-0.0015466139208266654	0.011983021667990305	0.027298267605490013
0.041719294231482414	-0.005677931193112648	0.01864212640711879	0.01051439679400923	-0.014868119876120859
0.033560403725561176	0.05182578361725737	-0.002194795664330788	0.046660309590427086	-0.010373539257901677
0.025000869838816553	0.026227761490657787	0.03318044081484867	0.006218528467749277	0.01858403657263969
0.05039671193732803	0.024600918537160787	0.0326494252044922	-0.005502602114741344	0.007544811409983842
0.01676331741538889	0.02636203895710203	0.028535376754487425	0.02420462787869903	-0.024544631411014914
0.009178261256290792	0.008469220387353947	-0.014985666090061153	-0.004511319994964063	0.003803207607176908
0.0030211807683858272	0.017090854500251274	-0.012610029472203204	0.011474629942394336	-0.0018897118233210941
0.0542249159510368	0.009121130270598445	-0.011310241984424202	0.026325928496075693	-0.03427908950853421
0.043035713516736906	0.02447051090717113	0.03929357346000923	-0.03418915395117447	0.016741717947012555
0.000949924524767545	0.005030557305731065	0.012898486682183179	0.005872315166591335	0.026955029749034864
0.0043323349557667645	-0.010028333956660697	0.015703550719970795	0.0003583936448854444	0.018854403537388154
0.015711723433277276	0.021122936726770864	-0.0056155268840675805	0.033544142216981654	0.0339807139696814
-0.01311841445860227	-0.012416395378940737	0.011746085826477331	0.009853508617614845	0.005514426065432421
0.028748436457219778	0.02713673135170816	-0.0028403719889659733	0.016382365713588802	0.005830965734743111
-0.021511798425240952	-0.007679975367444921	-0.010515594483554632	-0.012662117753869606	0.022481498215214536
0.006628195362570874	0.023716924360209876	0.013964993556432511	0.01882486792888273	-0.01447684978509707
-0.0038482396281867646	-0.005382364960564687	0.02452462173538285	0.005055140078208227	-0.01875442865043917
0.01006039270416981	0.026538302300789372	-0.03609180134880284	0.06407280517569242	0.02436763991514594
0.003231787265302938	0.04475566206696546	-0.005870586594140962	0.009263733304169807	-0.023838141072658334
0.005856624066321509	-0.002068034516732246	-0.012969022398978541	0.0035482876566684304	0.0017304477755544605
0.030790414525266707	-0.013134419173532079	0.009909578019410347	0.017322291700696033	0.07654014760771018
-0.011886188592629042	0.017323402500491643	0.012723394524748032	0.025290263689441685	0.0341612901462722
0.0001694031929616133	0.02134628167335896	0.02062673130710251	-0.026853906807809923	0.0016038981237685456
0.007022162453152849	0.02102512554459771	0.005731321930708611	0.03580137529947011	0.03755401971033344
-0.02208416980226877	-0.00643808310531375	0.015226540123583755	-0.03760192823917536	0.03784769711209464
-0.004161749627492267	0.0004629634297968208	-0.0030965874736259757	0.008268504550597452	0.019578640181653586
-0.013766949836548716	0.015231757945852204	-0.020278378069400783	0.0043096956315143336	-0.013432834794790818
-0.011888745311426543	0.028572232770343427	-0.014762297169530786	0.012888326343087486	-0.005423320098829027
0.013795831963808135	0.01615149517826175	0.012391428857299998	0.012095079217420979	0.005383945218271193
0.040482982702518655	0.01786401248183731	-0.010372202218343465	-0.020518606955868133	-0.0282028490151492
0.030296777861766426	0.041413358725731625	0.005351902338332039	-0.04262430162593241	0.020745561473019827
0.007170644163133717	0.056350969422200435	-0.011843950716053528	0.01567911984056527	-0.01130312701920602
0.007541239401097494	-0.017965902929179926	0.01456656959768046	-0.021361666262324698	0.022533582703543033
-0.0013656200104065694	-0.038625345940963146	0.006782164756570126	-0.0025189872156923514	0.011877074590454331
0.022418599030483044	-0.018853850764217677	0.03057667766626143	0.017547974229472203	0.013179346853371094
-0.01672348891425488	0.0037359889222772667	0.015873880840903996	0.02152871186062614	0.04150155085763351
0.002954346966830313	0.0037959931473644857	0.010958081588902447	0.030096846822991418	0.025333980657425585
0.03694279615372961	0.005739570738440994	-0.006180066229126518	0.009098187518393332	-0.009647919814454155
0.011671588860944108	-0.005568248970648818	0.005618714584019847	-0.016795748970456555	0.011377983805937974
-0.00416055970136909	-0.0049620307720890655	0.0157687894011364	0.022455195943549035	-0.004158715096378921
0.02069599106842171	0.02950290453763539	0.029704565976326563	-0.010262720602954745	0.029739498305650043
-0.025562457592097448	-0.003085747981197682	-0.004252455307684547	-0.03353525316894183	0.010750977042619793
0.012880990904003055	0.012033145063306947	-0.03168750932167588	0.062371875815483105	-0.00704935742217549
0.0047845718858530815	0.004591485784230365	-0.04408173666849622	0.02977830173656553	0.007968313458838047
-0.0031274697136373115	0.025895865099086857	0.04462337542909004	-0.014039630907321493	0.0027648431942833094
0.006036272086406476	0.009990572400706357	-0.017067448838083525	-0.005383847351436183	-0.0215201473563234
0.019910655535637874	-0.0039614303866321605	0.03883504444129168	-0.013174817602016185	-0.02588714807433673
0.002648833736306834	-0.012677686323459975	0.07029078566357869	0.018597550458661245	-0.0002962229016191323
0.012622930879856747	0.009313906610105265	-0.010095716709203933	0.006942893764170071	0.003480084414116521
0.0629264093185796	-0.047429677923431036	0.005249796841073632	0.017087503344787966	-0.014493781957947295
-0.007643253557111393	-0.00019516011328832295	-0.0036579827790924387	-0.007385305126594739	0.029718347310184457
0.005306117539430952	-0.03471140885285261	-0.03174244601304582	0.009263668545840383	0.016227111320276304
0.0008942072974254117	-0.006190461474323998	0.021344146439976404	-0.04341943737611429	-0.017280351368023805
0.021943541373757806	0.005655954560518846	-0.003979844447412798	0.04000117249937303	0.0320277639780434
-0.014064408994220824	-0.006538087064882133	0.025036812896978525	0.004568131026617399	-0.0030153819455103325
0.011422711824176294	-0.015136545478976431	0.01573117939573153	0.019520839606022144	0.022659389558374973
-0.023275019617260178	-0.018131669796146006	-0.00011786760916816623	0.01728440579230399	-0.0156880235113077
-0.012157087424467946	-0.006586480771482531	-0.024043455236917928	0.01789634281194537	0.001163899216419015
0.018371531991683513	-0.029830046581217462	-0.001499732899594387	-0.02763733012016932	0.04124644900868423
-0.04121023916700666	-0.029618591929939198	0.028229692631214373	0.015234168027773113	0.024522946270483306
0.010954397045956262	0.03176065412783591	0.012045501363069203	0.012968049614742167	0.03182905363896164
0.025919154547410735	0.0034127632326470952	0.013229943570317062	0.028084303832624672	0.030825948519946793
0.004109836259683003	0.0026871475694340632	0.03993344226660862	-0.01923735681889643	-0.010956111967260892
0.03306706902524386	0.0212608625220115	-0.03493444459748819	0.021954803156767587	-0.0014949848948349652
-0.04086056516653366	0.029568638412261684	0.008610348878072072	0.015059934968372197	0.0007476606657963996
0.02684939690973856	0.026745741538933637	-0.022927799032698013	-0.02762330881845045	-0.004564244765818854
0.02598391884908656	0.013040155600690653	0.01336870280281468	0.036303219050410646	0.06204040329947794
0.01980596648650057	0.01622224411081573	0.01127744737227692	-0.024515849589229775	-0.002272275783181589
0.02422179403733913	0.042945466630657674	0.011908333927638319	0.02670723928123232	0.03512047873071463
0.046794803417171904	0.01937743894615771	-0.0030545207579157196	-0.00971182981526007	-0.01660768910563054
0.019488412303617864	-0.003489133290690555	0.003961465887892565	0.00026012144396513146	0.005092385964251025
0.012679829125719503	-0.005093850767443734	-0.01071137332407184	0.023261846388932195	0.00154291749884225
-0.02112553502675296	0.06687201211713407	0.035264178725531226	0.034184819355679685	0.00644627811068085
0.014541671679213743	0.061169580077656716	0.015617390706151741	0.009288388975412398	0.04713034491918798
0.004856971365931792	-0.015133387441778745	0.007858891576564726	-0.006390668151241971	-0.0015014063284130618
0.023706369623176494	-0.0034028825057691166	-0.006840592700309999	-0.01985481143894726	0.02306050966331358
0.012876654009329407	0.004506818831904796	-0.002792899067628845	-0.008249483302679272	0.0026511160257216065
0.01769908890486806	-0.035309864761245424	0.001985758585212385	0.006803902043597374	0.018783200569505124
-0.00961477116645689	0.013758669863404729	-0.0092692032522116	-0.012648675709013301	0.026561064386314247
-0.01864537143883132	0.0007630739518848699	0.023813732405340966	-0.003555290897273007	0.018870485945842983
0.007202466486731047	-0.013594976799799	0.021168834153154143	0.024714043508840405	0.023561200583709377
0.014338662277685418	0.00744034256415982	0.007419799384914222	0.004717172938004938	0.00331368527816647
-0.008449918416863541	0.026927419745507622	0.020433769012795713	0.01534656698902798	-0.009266689242979305
0.0025321671551941137	0.024347636523401057	0.034005700485483875	0.002678850747100704	0.05037462221228245
-0.04061638161160534	-0.03660457037288392	-0.014921504476973475	0.03320052433336271	0.031421438736586135
0.01658370242590123	0.01876128417745888	0.031032057256168324	0.012799213538925654	-0.009266975100490625
-0.02096328590299293	-0.013098607241559503	0.0048914713785865385	0.036984277381748046	0.0020239895577267805
-0.000646496271806607	-0.01812073116650591	0.017138803196171483	0.00533006287675061	0.015937372815739537
0.02885050407543212	0.01301752294952796	0.018365619194722793	0.009392846765914092	-0.028299767988613812
0.01881653129451305	0.022968478609107383	-0.000866100292609041	-0.03677683793551715	0.01095803278882625
0.003702032163818358	0.014693907012914398	-0.026040168134682556	0.005533513289143631	-0.011915101488656488
0.001698706314057996	0.006413523699684063	-0.0037517378389205925	0.007395518607241949	-0.030973892338631858
-0.008571675230793685	-0.0008509497921641972	-0.0022459928173300192	-0.008720021132012182	0.03358691536065606
-0.01191577230797322	0.006459568838055294	0.010757854613116517	0.014544752609390511	-0.00725684063680475
0.021056739433512	0.03169492725330302	0.003335353600651119	0.02283139678311108	0.005099286982862992
-0.012104115514698463	0.028596058868732885	-0.0016107885039566908	0.014377518964373517	-0.008131648927513977
-0.021594997645184345	0.026489042429826935	0.012483228432659857	0.03339711850658534	0.024653973523467865
0.0064519161054156764	-0.013390588873792197	0.015865895271273123	0.02183138927622497	0.011659823705239245
-0.018164195504560512	0.015747856324430938	-0.007537002308198206	-0.013862455674562155	0.00668094307851985
0.020995622628342495	-0.011089731039002407	0.01035109329556068	0.006308959784484661	0.019098731951886917
0.026278049102999905	0.039234227139600925	0.009375394470788057	-0.006201206594559952	0.015877793097098417
-0.0066212554098011404	0.004693490831299229	-0.026562325799009794	-0.016402114013692282	-0.03170297024312806
-0.013181862490915689	-0.0030058329275365	-0.02134440733531972	0.016987272254228032	0.002058471049714354
0.014894887493731301	0.02804497126890004	-0.023745486619667577	-0.04434145437558573	0.004846482370756319
-0.002636945275804663	-0.003679202016281855	-0.020331543676960565	-0.02620021980291511	0.0003663152832974756
0.009631840532352005	-0.013598159690772845	0.00861490724975772	-0.003325988177205863	0.014482357003051671
0.019540240554344668	0.039981649585304584	-0.0022287672857498326	-0.01568208721209272	-0.012829486759612294
-0.008807014723303903	0.002012253364800131	0.016992659066311658	0.007774499853650919	-0.006412995200327844
4.838580725172615e-05	-0.02369646487545718	0.014152572383819992	0.02048719661982279	0.040211396068126584
-0.03039981475806969	0.029734687817218858	-0.004404647310168401	0.0006930855905088206	0.021501352984492156
-0.003576830748526885	0.00241198214113813	0.041497655540261844	-0.01735900003428096	-0.008793981818998656
-0.00890460439182492	0.021423908787076867	0.007198770707543061	0.0319220191401421	-0.03687875040713032
0.020860119940893675	-0.0024621651981781368	0.009597565203582317	0.045953439075928755	0.007170736490736004
-0.020301377313131613	0.022170525068497593	0.001816034623920641	0.010432244445520943	-0.019298357970463337
-0.00704313075585954	0.014124043429520984	-0.015875064908625856	-0.012308622798343256	-0.02190247849569904
-0.01871126020468942	0.0014986414575181846	0.035962251967919134	0.017576020666468406	0.01857511014784492
-0.023401508584531168	-0.018788261888171745	0.03158863178555271	0.00969675419391357	-0.0017659483972776707
0.006207886124540502	0.01652392378891852	0.025348532472669865	-0.035045564880097496	-0.017175756929696334
-0.006298928961978284	-0.0007942982022305463	0.03720108036754124	0.011298214239896614	-0.018414075670527635
0.03333079452390393	-0.033345536031945705	0.00400280415164867	-0.006872209267065825	0.011940477350640237
0.029969346248458872	-0.009065300814356619	-0.017561907318613665	0.005691502229174182	-0.027184270775635344
0.00823472177093365	0.0036225670785125334	0.00813131945226259	-0.00425888414822362	-0.0034411799397811573
-0.023661791481633793	-0.0031263506217126423	0.01585274202264531	0.007689170110963288	-0.01805536454175981
-0.03242837077757039	-0.014579092219842472	0.02318330758612567	-0.0070733891103772805	0.008390643397414799
0.010519650493402137	-0.003449085636494825	-0.013089512399965517	0.023574794975263984	-0.03609523888242732
0.03117735139725144	-0.009146917996913726	0.018774695534810704	-0.008831547664288853	-0.002877158263922405
0.005987016049815316	0.03806802691617959	-0.028095292634102736	-0.027995103974155913	0.03079958838873576
0.04413853971559529	-0.0065976575989505955	-0.04071347680517429	-0.0004675532532995557	-0.004415381209695847
0.0034866766297424025	0.0016588536917881932	0.009177236514464194	0.025855395652460176	-0.008115781141607825
-0.006137626312343632	0.042582703585630495	0.0015133475364891482	-0.012663652981605315	0.0011797900551283945
-0.0012103563409961355	0.03585390367088154	0.04001325046747574	-0.0027223370699315528	0.0032647177347893902
0.009004882788351603	-0.043575026782837485	0.007647849707107321	0.02352523717149564	0.021827847664200286
-0.025598819095270682	0.01049222742762582	0.024466701909800607	0.03405761485204631	-0.011061467360029009
0.019201961865979857	0.02488660803260704	-0.038445623579062796	-0.01353438416229705	0.03023581014212892
-0.016550603005702214	0.0018400486436615784	-0.004908008907573519	-0.02292859510524625	0.019228751499849036
-0.04824021091391008	0.011605112396238237	0.0023370423984653784	0.0424905664765299	-0.0046684552084557025
0.011996248059531207	-0.014000304101702984	0.0015799881198288665	0.001686129099617567	0.006309105570853683
-0.007315027764458615	0.029890796221657356	0.03465033115220731	-0.01629522169833529	0.013843341147155654
0.020595533961126945	-0.020537499487318405	-0.000777218319861472	-0.023886709624708048	-0.025294493975296966
0.03521055668688	0.0020261574567788003	-0.014583603451821664	0.004399096892406137	0.00610086639125919
-0.011956025258341805	0.02846321513718672	0.032777275322193246	0.0045826618310516876	0.03208421527870531
0.007116589070760377	0.0013534610879393232	-0.016168910298813233	0.01619985591238178	0.03234256734834803
0.005870463014847968	-0.004758594973226519	-0.009767145391255089	0.002197326487772173	0.010165130662826328
0.019085149035429485	0.015509348405872918	-0.0009925063137378204	-0.013294327668671172	0.029586594838487773
-0.00513665984655581	0.009949368476473968	-0.023042810441207442	0.019283457660641844	-0.023850248352111844
0.007730755099345784	0.021959001008089594	0.013185612018269073	0.0014489376297502623	-0.02426874612219446
0.009480376309735482	-0.010548218907512997	0.005526968747006144	0.04715543400074156	-0.007317127212019095
0.030538745896064364	0.026725081787853357	-0.0241250364993998	-0.02012908939233299	0.02053504098426806
-0.01668634543461779	-0.019487594223874413	0.008592028079043953	0.012325345921943637	0.01719612113695382
0.02914471950444068	0.049509855007323716	0.033820620394922715	0.007611064547591975	0.01513470738840272
-0.00915865762951301	0.006459375715126593	0.006847872644682966	0.020438535902158297	0.0015776557400414481
0.009451695843046816	0.030911756081951965	-0.01611136444580098	0.0036812531019780573	-0.025729661589509942
0.018987510376038404	-0.004645427583873814	0.002902103966772045	-0.00798151784917126	-0.020394567420712554
0.001882188620280206	0.01820667584377185	0.0443590008050443	-0.018948484626928774	-0.03583189491311618
0.020448147273198138	-0.04025413172868206	0.00215526928953983	0.03815821186604912	-0.00499934441557001
-0.022623804666324465	0.0015454230951277466	0.015436275481031221	0.013962833728432336	-0.026941313359939302
-0.000901564151106848	0.01630568004658301	0.029781781055410236	0.0038246597691887554	0.019182928253657066
-0.002468154615823174	-0.012699298149407208	0.02205975117697681	-0.010780466147065213	-0.0036991960250185763
0.017132863770190764	0.011282686545314499	0.027868401845440947	0.022524650532866192	0.010817283069498264
-0.01699110320337979	0.036702952590503116	0.01749202456812201	0.030300718762402954	-0.013420253439653251
0.007591192904492242	-0.0033568034906222045	0.03855801084185205	0.03775222381595975	0.004997553419443616
0.025232339079691753	-0.00889372403267728	-0.02560314650793607	0.016532150605986465	0.009583530996580956
-0.0073576032015053375	-0.03431791792279813	0.0026349901599080974	0.03068300247857708	0.012555757552112499
0.021395098783394788	0.004069150153756121	-0.009788739812246375	0.04954974950924516	0.011266226296024008
0.0414500848713793	-0.012984220230216073	0.02678248054525448	-0.004072692185666227	0.002488072213971849
0.00834174832790982	0.026884320934279483	0.04029501237548979	-0.013011532410709696	0.01812002927302954
0.0166162714988595	0.04367178343293644	0.01638645761231778	0.015020848574592	0.018744567911918954
0.011482469266759285	0.021919801681230193	0.0024892739891658154	0.0010530174832303354	0.023899279202340154
0.02347129012355254	0.027449962967714542	0.04082529484682872	0.026385638940539947	-0.002154495300387589
-0.005201631253153705	0.015960321387511234	0.03431229981112431	0.021689601794979793	-0.014792854164442223
-0.020160814807487472	0.00735499770328416	-0.0204926257760246	0.019948871859353387	-0.010858127256300755
0.040256286792694614	-0.0019660922352118786	-0.000188190107417786	0.004252519114381135	0.03473298760268983
0.011844310422926895	0.022553981867448884	0.00590953888270946	0.0011707049439094045	-0.0018258819442873954
0.003920266906467001	0.0422281228243737	0.010692027013821721	-0.0031583791836527686	-0.03671315969719015
0.015471879840875889	-0.015880778157567665	0.022316273928608667	-0.005197975997564273	0.024898557333765958
0.03636340699141958	0.017384508007887746	-0.020620815424229163	0.012962284444203614	-0.013587229768055206
-0.0446628347967063	-0.003202134192210111	-0.013098643372317035	0.01014948399490809	0.002168090861968116
-0.013552818656846388	0.05445408171581308	0.003444715055618699	0.0006439981240752317	-0.004910021716099791
0.042489115076079824	-0.016797158225415304	-0.04239314845411002	0.0055801540201455	0.009079344125930009
-0.047631247126258276	0.010428707006798217	0.027220775030556053	0.02038561500229249	-0.0021351871589116557
0.007372445519738838	0.010479436956607267	-0.005580834952333074	0.002274052422663969	6.0520947022295324e-05
0.0010447121960974626	-0.006349084105139832	0.026653186500722566	-0.029702759633574376	0.018651512851236382
0.02455666766925565	0.0003044849402881501	0.035198461897288646	0.026475589684788796	-0.005917976694802579
-0.011924005573852823	0.002644800019017438	0.011717605496998781	0.034836749240765116	-0.04492229013665435
-0.0036068424129784985	0.034460954557216025	0.02352493061736432	-0.004105554128015701	-0.026958901616527257
0.01827613335407423	0.028089083317620188	-0.04274365382654515	0.027791016042479563	0.033459936358594934
0.01016258817958392	-0.0015638726777171558	0.013643145415502898	-0.04870512318388954	0.031534371923632114
0.0034489299399582674	0.02844458386415153	-0.011380353322139861	-0.041240097185608754	0.004321848249201045
-0.019264452518503245	0.002252421948151062	0.021135919368136243	0.007813093038716551	0.02586896926765312
-0.028921463798960382	-0.0005733469736350109	-0.03410762569031108	0.036868378503520066	0.01018310503071274
0.02024594654977794	0.010586252146097659	0.01882027740377225	0.04863154231786554	0.02957792770657848
0.02141068866525288	0.002223906477789179	0.017323305405788792	-0.022223044653660547	0.019605929388995753
-0.007439813746202168	0.0599175135237829	0.0044660776012111	-0.013240234314705905	0.01771775913808737
0.0011019128815791856	0.008768893141052087	-0.008089729048864609	0.026448093291542688	0.004492365310932299
0.04520190807304255	-0.013531283271754319	-0.04456506387726574	-0.005505324827919062	0.028299231672275098
0.005956242183322736	-0.0025135679954878185	-0.0020798507250555905	0.002482127931856196	0.025928412427738926
0.0013563065268241458	0.013951998454189603	0.02782228754599011	-0.03829982277964253	-0.01291466211219423
0.030130367788425122	-0.0013062414873244842	0.0007684732278006512	0.025478612977325985	0.02621398351619365
-0.014222571157481103	-0.04667739609519084	0.0057418459198669836	0.010860662623456932	-0.03153510174938376
-0.003813638323465802	0.004122694200603751	0.039088430866200896	0.0027352330682644393	0.024500059062437376
0.023141091042169624	-0.02147418317265606	-0.005328193977697272	-0.0019700321206271194	-0.005723527253152511
0.003915462789236657	0.03053462541923707	0.003937242944707762	-0.03051547501445788	-0.0038220185420265182
0.013731175157026614	0.009016753339896343	0.0034582213805859382	0.010181164004760537	-0.00988660961324657
0.04870163390529146	-0.019033617693031732	0.017124384452977565	-0.012636575980610956	0.010156230249600755
0.022076298717603176	-0.02022975674414259	0.0059486847240695345	-0.01430731124154567	-0.010872288493126388
-0.02321995517703772	0.02802440624728449	0.03171663482035436	-0.0009172110212745349	-0.02310140198141384
-0.00945622132751201	-0.004649057131348658	0.05049984056298413	0.03506801471048678	0.008567454846130997
0.02383217264894856	-0.017969315825831778	0.018697384185213956	-0.007896446645027082	-0.0028128656659692558
-0.003250779303220909	-0.036814069558783205	0.0036959653979898276	0.004769428333683272	-0.006501810064143828
0.011079652205924547	0.0405493575183356	0.016530275946402894	0.045886862182480545	0.004944449603677574
0.014570231766873807	0.0407534364159293	0.012700047651833163	0.031063094339339237	-0.009313406359544538
0.02182493053555792	-0.005086535805409322	0.0001383898905165954	-0.03624152584163266	-0.023166427791674285
0.01345993460575837	-0.00021130886354965833	-0.034038160949223156	-0.009440454063775557	-0.015146307325740238
0.025905128505333806	-0.007329249192277548	0.01433717506391781	0.006231840010657309	-0.010745387146322284
0.005206488707146746	-0.01575221628057917	0.01020695168312263	-0.0029918850290918996	0.004123474524417787
-0.020031427388708146	0.029336079344236626	0.018914642972291618	0.019785578110875425	0.02853572150356774
-0.027261526512733756	-0.022315122203281836	-0.0033450694396002893	-0.03522631799700508	-0.022401370875371432
-0.02345525586447334	0.01489320248136848	-0.019315889627772607	0.01421876275760942	-0.05674898646005574
0.002551678722357855	-0.01981990509082604	-0.028013997591264626	-0.0046748045498427575	0.04081121931110426
-0.013999266938918273	0.03489304106598136	0.02336864979028217	-0.018492851713111075	-0.012844245353322669
0.0011737705770231066	0.007801901280181641	0.017490328453469678	0.04153201056855751	0.014492802933432301
-0.006793468026330355	-0.012069274293867277	0.029871826975874493	-0.03750888349933424	-0.006277627016954035
-0.0021713768153964093	0.03047546815199299	0.021160379661016346	0.014232132767183952	0.026488173005161802
-0.029676953334019995	8.530625866042321e-05	0.023995918227976528	-0.007544745940380626	0.03555622516248506
-0.015091114214623306	0.002633821103079535	-0.03333385868331937	0.047470244054905034	0.009063408486182447
-0.027189023238175257	0.0015582318355112858	-0.03196695463269559	-0.013948859252192209	0.024548294100120334
0.03596901334610581	0.0007976985788813371	0.006532038855313046	-0.02514858617723823	0.014706186087352125
-0.02500463857140577	-0.020110936361247205	0.021582790068014144	-0.041398678218450065	-0.002962441507817171
-0.025993961831135996	-0.006967771657941072	-0.029622797938046175	0.021589563190067013	0.008331133584890528
0.03333677980910073	0.038865071262690266	-0.002764479665972626	-0.04821546770238986	0.007019309474848532
-0.018109850494224845	0.01488237523862836	0.0008388116269892757	-0.029596965428132435	0.010345156181358117
0.043692571295369645	0.0022418442177193853	0.0298497931763781	0.04123480271525346	-0.005420157215334376
0.02183333241037392	0.003085971359956717	-0.02226752718499429	0.003462313729697168	-0.012685216918669761
0.009617911356564235	0.0015265632778279793	0.01196397735166203	-0.0010784135646848426	-0.011280418105005994
-0.008841268720518793	0.022593631575315864	0.01816680079726167	-0.012702151262358215	-0.004697195277666159
0.019376894024631646	-0.013409362996524642	0.022509675856721967	-0.018484549868889366	0.013694008813570913
0.004696921626367647	-0.01595469924983509	0.035471519658119496	0.009648972802812354	0.0023471037299635173
-0.0007983841443473957	-0.00556989130299239	-0.01275655483172415	0.013354152352364292	-0.01255755451339089
-0.0011967238433950164	-0.00732398299795744	-0.019045455394531483	-0.018432842198274395	-0.0018920026294702878
0.019810173858855428	0.0010006246126746388	0.031300385369033276	0.038412025070271985	0.0019708158626309197
-0.01729274393644529	-0.006246830544611697	0.029225324270833773	0.022089439013465134	-0.016248402335140202
-0.008935322950226606	0.016449309919462567	0.0014232500125049617	0.01870394688554778	0.03859607814047322
0.020476800611366745	-0.020063021220721976	0.016935002500951077	-0.037562329421992814	-0.01064339044799345
0.06447468721879138	0.023478715231682476	-0.012134481689870358	-0.00939149917409182	0.0021321703743693017
0.019692832988651862	-0.002789832180934867	-0.01142906690550604	-0.007470379362687284	0.01855543669096576
-0.025750756440585026	-0.015031329227958128	0.05324709825755511	0.057411307802654	0.025735078444440725
-0.008060064188663977	-0.019321746244868848	0.00720294083586254	-0.03158427809855724	-0.03807358355961092
-0.010917990983996463	0.015773845085720377	0.05751507553598071	-0.0029735082562183336	0.026367387366042237
-0.00822975987593607	0.0002808400038628372	0.051537785552350515	0.04457707610244867	0.009787773082718904
0.00624136420885643	-0.03364216013390563	-0.015344350419152532	-0.038129142050012416	0.009879095223913685
-0.009222794254460872	0.031227060666259198	0.016807978079375126	0.020945082298210578	-0.010802854061535116
0.0018019026202974766	0.00594915021251189	0.037407658723290084	-0.020514696141155295	-0.009248263012062621
0.003070454192062533	0.0021589470991656085	-0.013716492096438083	-0.02057201313580227	-0.00436464217461653
0.011405232682039412	0.016819506738256745	0.01819309951339864	-0.0006489084632727909	-0.00446567833326972
0.04770797211112606	0.03252406029982891	0.011951661047238752	0.012568659168726543	-0.007458908211662858
-0.03312139459030805	0.018990900783198126	0.03141551083894	-0.00623350618804911	-0.004592673835764309
-0.005884070033741844	0.001801713902700279	-6.75384477011958e-05	-0.01029657898659777	-0.00285595314383825
0.019873988853516846	-0.020321381199295236	-0.017543640170451538	0.0021396600298632796	-0.008803247578581721
0.0016824912559301299	0.0006209502660317326	-0.017952076575000808	-0.006824798245008123	0.0004029570996934408
-0.0009610321056340767	0.015132584186830764	-0.006264274283629607	0.034466939216105	-0.0075424088550471715
0.015505410081853035	0.0292681139284103	-0.017434391024637255	0.01705200886343393	-0.013193936729862646
0.031208449494938187	0.014449851056864915	0.015818222000262956	-0.046331407313402795	0.004851330563579151
0.006432494184990487	0.007582201528905444	0.02358667300262038	-0.016440436059943442	0.002807631243452586
-0.021599361110723834	0.003887822945695159	0.009388786044270889	-0.01880618358646313	0.017530526972124212
0.011891411524112359	-0.008152119290418362	-0.004467777132498535	-0.036954823239774504	-0.024136959242033722
0.009322868638261074	-0.014113618896290587	-0.03531290584893522	-0.023900680347661202	0.018088570068489587
-0.013209188610029888	0.05127456623805477	-0.05349053699057705	0.01123435862971309	-0.01237339188464108
0.06306905770205298	0.009891929078276039	0.015470053010004842	0.015856347477880277	0.013172060268424057
0.037034107174241784	-0.025551743294475897	-0.00924094190238271	0.02159595855817014	0.022395066623193093
-0.03247841994966113	-0.00460318120906235	-0.0014058311375858591	-0.02353859197830798	0.026019416856668344
-0.008923493500384025	-0.02892907589791875	-0.010576077677651511	0.009281387345423381	-0.01351481758687736
-0.0029754896504112513	0.008328571079370135	-0.005887009659099459	0.0037132998905860005	-0.014112830868920328
-0.00982817968283094	0.0016847011054549645	-0.0019135058385721514	0.031215444410428027	-0.011123843009260389
0.02094633366409843	0.009655042228601057	0.0068293394604798194	-0.02507518833651399	0.036181233694068386
0.02318816862130787	0.02541564846432594	0.013890266641284489	-0.007076652148040155	0.010914920166098449
0.01564326526336562	0.058213591453493904	0.05889671500900484	0.027328912286906343	0.032944409658193945
0.012150595975185627	-0.011293884828269648	0.025450063068187624	0.038017892485520566	0.03092363415652747
0.006676967157501096	0.010640000709753801	0.02043432801605486	-0.07027668542087996	-0.010443119731630292
0.021239127480396226	-0.018986538819624064	0.013249251898981925	-0.012421998182766715	-0.01608930847086724
0.013545747331671848	0.04905108135139996	-0.003451169939130634	0.005435687048633274	0.038159841817460724
-0.012379843603476996	-0.009208441148511631	-0.02122100396420012	0.0032883642566668495	0.003960734680494023
-0.022561058776968866	-0.0025513472059228385	0.013615545250241567	0.020538375576897167	0.018727030772197947
0.021304901182969346	-0.007944372467041917	0.003403795321842485	0.004909101074286926	-0.0004963780733969053
-0.0319124259121346	-0.038971733224404385	0.0008771727080121301	0.016253239333225016	-0.006542648641929959
0.008663007889997545	-0.003344890525555186	0.013394700513695939	-0.0009986857289223088	0.059898208377696494
0.002771191882168519	0.012571384849849354	0.020532368863078024	-0.007562926434971438	0.027777598050664813
-0.03868845871760136	-0.03308806958030435	-0.01606824192461575	0.0036628418451414646	-0.02056559358730802
-0.019668084711353208	0.015977222558598222	0.04882526469565628	-0.016647617234245873	-0.002689439478765694
0.003623299914597522	0.0197688368776373	-0.042102952763370026	-0.023776450234566454	-0.011048484110810938
0.020177032004780673	-0.012313561154096011	-0.025704179643090304	0.0022926060455086454	-0.005428980591150261
0.01893618580016772	-0.00272234060988992	-0.007160079736389512	0.022044791187228775	-0.0003651357164744058
-0.002690141393887361	-0.038559712420497015	0.02030119291287282	0.007579173705359208	0.013449610390059524
0.030906453033498975	0.0025509207435788542	0.029705625480759307	-0.013207673576235843	-0.013231779534644026
0.01632100377083966	0.01896074143799304	-0.01573180100831292	-0.03067546252527257	-0.02582784327391983
-0.0026407560727641755	-0.011076355248867452	-0.01683668436580336	-0.019842509437031548	0.001455042393263755
0.0022226833018524125	0.022281496764759955	-0.022712705635635377	0.004405025905765381	0.0015792695117356806
-0.013527234484654517