UV/VIS SPECTRUM FOR UNLOGGED COMPOUND
INITIAL_VALUE = 350 (nm)
FINAL_VALUE = 800 (nm)
INCREMENT = 0.1 (nm)
0.35965768553394706	0.368194625721546	0.3803165465203611	0.3618621449611993	0.40993300322822396
0.38704142749222753	0.3671207345537888	0.39374093757726303	0.42969789432627475	0.3688913938905187
0.41253277077420736	0.4177377550265536	0.4294719286863429	0.42086701424992845	0.43145078363149403
0.4035942657777321	0.4639214176189232	0.4795107626747292	0.45838548802200524	0.4654182011525676
0.4674724007934773	0.473007369824795	0.46723053823644783	0.5052448121969733	0.5119037204855853
0.45914240706629655	0.5174018343802927	0.5098175432992916	0.4970174734060912	0.48289868978185435
0.5307113618157842	0.5065608532521896	0.5485183329698357	0.5650676130026886	0.5192308569647868
0.5663281457240027	0.5352372958801128	0.5263501155251378	0.5814157351367496	0.5808784008484196
0.5847641372561124	0.5574753893213883	0.6262402659599307	0.6044357221356369	0.5766532096172955
0.598637283756011	0.638358678568165	0.6631666987777584	0.6217608112239534	0.6361193147251929
0.5843464522065065	0.6914014127701976	0.6619004926125363	0.6448406961539609	0.6767781582055022
0.7043796962334158	0.6820280517635656	0.6430851244775366	0.699631671068123	0.6581142538744471
0.670241160580857	0.6671032760440196	0.7265990311155227	0.716468124889337	0.6606128915176328
0.6811399065961476	0.6918285182110243	0.6941502635899222	0.6722860404885049	0.7290195639505208
0.7199119806379889	0.7178846362621683	0.6972463764327034	0.7276025619253488	0.7087954104043205
0.7287197924699139	0.7126318726033503	0.6993797848208707	0.7140654129715444	0.7395723620484652
0.7289957355358327	0.7131900362017999	0.7085710799392049	0.7241736956991128	0.7357218898537157
0.726732753786974	0.6777630434586313	0.7224650901528634	0.7082905472307951	0.6866862611262562
0.7288652025744269	0.741636856157097	0.7024275397991805	0.7262356867489851	0.6892142925297319
0.7137238212085109	0.7246548440554946	0.671853974844683	0.7003897204344671	0.6735201257152883
0.7224765555613489	0.7081391858920999	0.6829281361928865	0.7044705141698516	0.65367931386433
0.6951547620552992	0.6776612975966386	0.6224865945697505	0.6625449546669587	0.6717988379323473
0.6576787004575004	0.6318542307489262	0.6404732669269287	0.6162651201683067	0.646884612057524
0.6256645132421367	0.5938367425704911	0.6183570625781319	0.6351901664620513	0.5596440939875005
0.5938707705792899	0.5839568307445223	0.6107606416582664	0.6269531503268536	0.5957525170532418
0.5831632740284437	0.5993467189169603	0.518866601541511	0.576980538871869	0.5667962556706578
0.5527304476613972	0.5587426530305123	0.5481459176006127	0.5680356360385356	0.5184553929821258
0.5671980555110779	0.5199199716167888	0.5114856524335812	0.5022188556099928	0.5275145341638859
0.49056888588790637	0.4776631084212888	0.4944508440802017	0.49858505517767837	0.46752259507665295
0.48943192209102004	0.5213774555137547	0.48745564961794685	0.47407758910045655	0.45213528604866465
0.4684589133935061	0.46600507345715464	0.4212180011939838	0.45496302963232427	0.4365083847971373
0.44759243456686126	0.43177402235381995	0.43089375996530205	0.43721772223153565	0.4304964399635046
0.4028714727953497	0.4136936263681748	0.39483925706696343	0.42111890804894886	0.4365613957261573
0.401651240490104	0.3750964140681017	0.3960474700379415	0.3697404382774851	0.40486748917119786
0.3760263116890566	0.36846119615858414	0.3633845542590502	0.3342951768233127	0.3461810156183307
0.3650620300636732	0.33297698600030406	0.32949866100455444	0.3616097494506199	0.30838838603703067
0.33927788508926043	0.3415120692942246	0.3673976340055708	0.3258931395704113	0.34929265781035024
0.32517320594782767	0.3293150484671964	0.31240947782859896	0.3185018783113626	0.3277329203065916
0.3376997872321109	0.32443205868205277	0.3205802934318385	0.3205495748031148	0.28840155187729954
0.2927439729286553	0.28956026274283814	0.2585028864979331	0.29636904458568436	0.2685081805662844
0.3004461521341815	0.23837799830543369	0.27954807663293196	0.299688137041478	0.25653651430453517
0.30320858978289944	0.30072090983098043	0.27753699191453574	0.2748874951823314	0.2510829712385325
0.24746906120343917	0.23201482391794545	0.2625567824846069	0.26030527585937124	0.24695566729426263
0.23849230929981274	0.2741162265918238	0.2252906103612525	0.22974026829115368	0.190916290473511
0.20917527403328764	0.20986974274484432	0.2075235109314796	0.23567863928034918	0.2211676202414254
0.24378867111947608	0.2526058537251163	0.20477110468684637	0.2602358602411498	0.1856891295381357
0.21798171312028866	0.24076335878587796	0.23996086647540657	0.19849503428447665	0.199472317537356
0.1818878193069506	0.18848030455527	0.22173595969129767	0.21319046170084055	0.2295286983044189
0.18510561464563047	0.15940232905598178	0.22015867047077461	0.18626708336300943	0.2307294911193979
0.23902958806780494	0.2075325239996623	0.1816980232427857	0.19086045453141254	0.191863823292296
0.17811675707532995	0.19514685857362743	0.20604547001608045	0.2027268008068646	0.13552442946607327
0.18422043092962886	0.15144907194193577	0.15922317082703932	0.16840995332061773	0.14589244923010972
0.21959968222780143	0.15657541140552447	0.19463841947079305	0.20606245837509388	0.15306155993295315
0.1601172175277835	0.11780525604944435	0.16736945955365626	0.1632185315349517	0.19697153398042982
0.1625215627566385	0.18923677674489428	0.18391401024050705	0.1556525695203539	0.16772592775757797
0.16830347748477956	0.17105005933736733	0.17617034038156829	0.14315386948924383	0.1763555408480306
0.13486110598551349	0.1333112912184344	0.14589026194223487	0.1395444017584015	0.14358603498801242
0.157692959596438	0.16563314863426515	0.12180102996208583	0.1790854226638651	0.17566879700876253
0.12767907507387583	0.1576454451290151	0.09090053501888543	0.149735258305305	0.1205276418915111
0.15724278211431547	0.1625074523418473	0.15955377398314463	0.16366789173544413	0.14590557838841578
0.11928932030126033	0.1462655451156697	0.14293414973848464	0.1479345049379086	0.10616272647688023
0.12728017711248132	0.17447395144644212	0.1372983205629437	0.1490163113528272	0.12930642642465284
0.1564861647861388	0.13412811793750018	0.15913829684327468	0.13388912682685214	0.11481779283669184
0.12454535580869447	0.13106824849959847	0.0973993639873715	0.1388769388727576	0.11773422986581802
0.15467391557929686	0.12280342982906388	0.13825468525100085	0.11610451099266471	0.12895601927156977
0.10703411102415394	0.08109268167193542	0.10008048512355967	0.11225090050869461	0.10574064739167664
0.1440403114192012	0.09802376678988045	0.10367417525100163	0.12750493445449476	0.11870355019550924
0.12566026092179178	0.11914725327118413	0.14729883327833115	0.1347273304573247	0.1567305046951879
0.14777850902451953	0.12887762424488788	0.1530971035109039	0.12615749658202075	0.15803444213829587
0.15366860088817508	0.08547777368192296	0.06609651978723018	0.10612004403549742	0.08569484513770236
0.10771311113144758	0.1419097645709867	0.08005921551108858	0.1391488127592336	0.10711217331389003
0.09744010693305735	0.07679674217290701	0.09450268989453883	0.10048394463783683	0.12687829713182414
0.1265834532877194	0.10948930907924358	0.16123901418158934	0.1308265772474106	0.12736116696709085
0.1161404089598482	0.1175079468490772	0.10220659916064034	0.10163155170616135	0.12057675577490742
0.12718525483941182	0.10035457017692459	0.10333937191203293	0.11168894881070815	0.1437552562321759
0.12328249742824551	0.10822945519507338	0.10290380429030843	0.12077201076254682	0.15334403613123035
0.07815608879952217	0.10915519232100804	0.10164750972367563	0.09117536892748429	0.07712082470624974
0.13828442805780047	0.12169997692096014	0.09959927128115363	0.09574328775134397	0.1172686580596582
0.15566012516536512	0.09007416351933632	0.10208932308613365	0.11223761140361167	0.1318656382848177
0.054514611228505684	0.07509185193272357	0.1464016360169906	0.09307797798299458	0.09699720083649177
0.12258307087191395	0.10857420973628368	0.10311609604287363	0.0677085517585906	0.0988313335545521
0.1575688544347614	0.13387167733770444	0.093511812613149	0.1044722846307233	0.12498329763620077
0.11363424403821652	0.10794374503924331	0.08336661411484568	0.11372120945178335	0.1442096310085845
0.08316243974619178	0.07031095908296511	0.12835286608290103	0.12176911956526068	0.12322549861113274
0.10138708581137838	0.05848643533301786	0.10699047098096917	0.14476058969407551	0.13502570928318264
0.09739387759739755	0.08935157907125177	0.09921067848410633	0.13122519941188596	0.12266997486022711
0.09762601947902477	0.1210223977207088	0.07044474755123005	0.11105910411503872	0.13753200844900912
0.13152137910028436	0.14701858727724468	0.10002248310309074	0.09314158027785509	0.07182258641356047
0.11714159997586485	0.13147513298354074	0.09906716245140121	0.11249246693251566	0.10483344351076092
0.10503635026794851	0.11484603682391405	0.1035466093585547	0.1278212289499856	0.1665254910082488
0.10693338840433567	0.11953165337273185	0.062467466439504925	0.08216177730927221	0.11899395849445098
0.07703231838776924	0.11475861158485691	0.08756472292097091	0.12290223072206094	0.12008006413001733
0.15722133787508696	0.12457537529708405	0.12147483283276027	0.10562292808203579	0.052274055116798925
0.10921073949145273	0.13942656967584174	0.11639859815035274	0.11279820250569829	0.0842633937803136
0.09400251350126024	0.10405235893846565	0.11480767094911047	0.12655451347175828	0.12577267523025681
0.09254339330205556	0.14118113387570025	0.08943165034339835	0.14263016122964395	0.09044198707013316
0.11681283596758989	0.13303617912434487	0.11304289147105702	0.09495607947830759	0.10057687125240357
0.10311948357233006	0.13622836716056524	0.15646177218783558	0.10711097131202084	0.09957735455544282
0.09506815072558333	0.13094130819890887	0.11987304329512725	0.10454698148391754	0.14093762911499744
0.1404600398093061	0.11379821574404812	0.11565444876084222	0.09517587512592782	0.11673902513517019
0.09387288367398137	0.11438577690293426	0.11028977197817531	0.12004575713308613	0.15933599781156899
0.11224140988147427	0.12499671166640965	0.1120202548991755	0.11480289051223806	0.14508337175144906
0.06967013703867987	0.15901395676520885	0.12155345206201411	0.11761666912465325	0.127793626240782
0.075755266110096	0.10586776047878209	0.11741793402060359	0.13801999073416343	0.14085227704237469
0.11063125708523946	0.1462199223089701	0.0923447905604447	0.13626829748171068	0.09545558502550855
0.10044308540484533	0.12093973229541193	0.12027097544076712	0.12573930942073738	0.10734489390014194
0.11159643277613256	0.162250059858515	0.12673225699063573	0.12889829159697405	0.158925297922131
0.1291782686217245	0.10858074133594964	0.12203462410491425	0.12139761622426429	0.12856424327338384
0.12599198951592758	0.13214032744602186	0.1568460793429826	0.15179078449413028	0.09315618971056158
0.1352200623213145	0.1405716576858661	0.1396708368856006	0.15928031761569883	0.13439592186649282
0.15259083810812565	0.1370665040210321	0.10631367939839162	0.1323600365352467	0.09472320961162663
0.10975531556106005	0.14068125229923067	0.11042781836916767	0.10299675211486936	0.11474973904900852
0.08274333614132903	0.12710355438122958	0.10439905848342138	0.1426514930611692	0.11833278124575268
0.13695211885214809	0.1354366844949614	0.12802889573060283	0.13029902219798156	0.12031829997024368
0.12105441242451573	0.149681825905929	0.1443698430726099	0.137655909709332	0.1591445599671793
0.15525629766459076	0.17899171349657442	0.13280253438435388	0.16208228779212275	0.13400170886413282
0.13489611104575155	0.13126408662188824	0.1166339975769593	0.13148397518704572	0.1382177031324619
0.1302340055105921	0.11001903144101802	0.15016062167706629	0.16659095555000458	0.12975186824206703
0.1474141038121201	0.15958509090690562	0.18141941224459665	0.1291354083744392	0.13253791788243768
0.1346761027819712	0.17774351379843506	0.1105584240729732	0.13717813760944333	0.13212137012038688
0.15483330524438976	0.17797147913828798	0.12395988952985305	0.1798354183492355	0.14665902216233487
0.19172494915315205	0.14756023011517164	0.14880534280377694	0.15121138171575327	0.12399583282035671
0.13688622183000082	0.14449590896929734	0.17907291745424622	0.15963358830051755	0.1758803915197901
0.16201229190588518	0.1749998018610474	0.13958682760695387	0.16576822519364634	0.21098937057037428
0.1700799550340219	0.16849638160365793	0.14250359715649547	0.19397719124494833	0.1849443816856253
0.19618376638050733	0.1934167531964298	0.17422169593395165	0.17636399246246132	0.17650783387596983
0.16851003638074394	0.16817402112966173	0.151283747592127	0.21029633848021614	0.16235610809049136
0.18142593054762862	0.169211895964047	0.15025135699988765	0.19053208932241383	0.1769934093702658
0.18948911436237587	0.1751189322318717	0.18670265850212267	0.1788236833808312	0.14901302594132582
0.14297824114048166	0.1712918345391464	0.19096112093590895	0.1696029201027121	0.1939106549905479
0.1918976374546858	0.19360998230776355	0.19674251999321513	0.1926249352305013	0.1990277783398592
0.1752684691127297	0.18632086036246004	0.14341042292539957	0.21705385237791905	0.17589659099465998
0.19944338058911396	0.1673599068065954	0.20193446420510575	0.20953114790083494	0.21475956249404016
0.20686110072991903	0.19757965111774492	0.2033827595062932	0.19047512949103318	0.18625274769699623
0.16829618631659302	0.1885484530785001	0.2019417274041818	0.1964015086381723	0.1724810671244177
0.2543796155895748	0.1849578710565884	0.2228617361132278	0.21103184643395054	0.24345505030120276
0.19392042284189545	0.22940171911616342	0.20044633691542246	0.223075737258556	0.22114338634626
0.21947616409254891	0.22074980553632115	0.21412363746502092	0.2357061146906707	0.19959655391740716
0.20811446776239323	0.21911137942310582	0.2310592106468486	0.24638716239301783	0.2278431830230882
0.22009076761065768	0.2423969111839686	0.22620376288288457	0.21589809588041792	0.23445548454175866
0.20204894318380412	0.23926984606614626	0.25873970642212807	0.2481447636983225	0.2259796491348896
0.23595639894208406	0.23062814382274374	0.2477388145520001	0.2570159615542527	0.2254298653114958
0.26241202940599023	0.2807899963969113	0.26976452134630086	0.24545460418109438	0.20167513989952382
0.2724682012905507	0.22499514508749796	0.2374578012654836	0.27255566809479814	0.24254270895840022
0.2791587483551893	0.24963111678538916	0.2501196084369733	0.28784959609587507	0.30690213326770593
0.2678269031944925	0.2506417389570608	0.27002623544964777	0.2580735071975576	0.2749020934661538
0.29835545276893993	0.26767369985660855	0.25847315779574215	0.29427117014785853	0.251054531644689
0.2656915275214409	0.2438181572974813	0.2733813073927461	0.24850458289599722	0.2718519217409107
0.2906665742859931	0.29191737909676674	0.3013278932246082	0.3283107529751043	0.2704656237785173
0.2999749086211251	0.2921410846501593	0.28522845208731135	0.2637939113699253	0.29827674744335675
0.26426709970425794	0.3269395942311712	0.32455995516899117	0.28517904226080487	0.2754205787097599
0.3104504901328866	0.30347939024701387	0.286792011225261	0.31156591195561173	0.307927119921885
0.3208840991443323	0.3045690098425133	0.3438314208271189	0.32561692384126917	0.3573182285527009
0.3482869512677283	0.3341534642155035	0.3194325215347297	0.3381998464266617	0.36982588323289545
0.3330199278439551	0.326437441506976	0.34523963162248494	0.3921157314296626	0.3764276564777229
0.3776557156531083	0.33810053676298296	0.3084831419055408	0.38582578478464485	0.35495398448093096
0.3700724489860897	0.3461330557637146	0.36403631854214796	0.3526740015388003	0.367378900484959
0.402886971005431	0.3896698746398626	0.3711571334961966	0.4113679850756581	0.3972591829568466
0.4063212994021676	0.4206558919616506	0.3608547659989405	0.4313348028746302	0.3987599456576064
0.386723117574497	0.4090063909980796	0.4031651287287075	0.427899993936349	0.4509831490163308
0.41421522514182985	0.458296932904613	0.42579781890349716	0.4546229497170379	0.42025828880562316
0.4151806717456482	0.45190669416685886	0.44105644398204163	0.44267369533102274	0.47924830360986503
0.45351490151291457	0.4822043279582768	0.4423358405578893	0.4671629130115635	0.478407471794495
0.4864425631113316	0.4647034821416383	0.4819804382332432	0.4727611011906201	0.5059252015063277
0.5016865150752988	0.4765543286405488	0.49030351774948655	0.5030495244470645	0.5271011731865589
0.5119210732580943	0.5311116009402985	0.5268887682447295	0.525256610066811	0.5323218754674913
0.5447446941088948	0.5775394457041301	0.5731860141806682	0.5212041416286972	0.5448842596313404
0.6033660099678013	0.558077898368125	0.5904458875723407	0.5557768814736184	0.5882160551762118
0.5851484882327241	0.590393341477138	0.6179246019079176	0.6163182371130554	0.6356283709043729
0.6367799092667973	0.5839871043919043	0.6134504640224359	0.6082505778705702	0.6203472921891519
0.6435729641482534	0.6126319219228443	0.6617290260034652	0.647441312529792	0.6519392982269047
0.6426428920908571	0.6433886950102596	0.6808436297699532	0.694556999616749	0.6786501485569463
0.7278125809311589	0.6868813232206019	0.6920287850334015	0.6941332169245364	0.7221991571137909
0.7385635010978062	0.6946718506019215	0.7722733570540831	0.7462227517010058	0.7694791772590917
0.7665636309175183	0.7777337621455216	0.7564840315623259	0.761230730091924	0.7909232494763628
0.8017579544292083	0.794409824983173	0.7827318287218241	0.846305672521854	0.8474433789070621
0.8547578208228656	0.8666417364458113	0.8288505276965346	0.850605215105292	0.8978305283828909
0.903584383603545	0.8903552742277911	0.8938714226406234	0.9100067929239634	0.8921327092716684
0.9124390346513692	0.9174563977159358	0.9357910501912939	0.9451851985524826	0.9750745399345107
0.9235502529687033	0.9810194460663417	0.9571841629441407	0.9750299618414807	0.9772988775678022
1.0007150375243994	1.0389201322356996	1.0356767350813243	1.0688311156469419	1.0921801604160142
1.087345968623724	1.066363647742264	1.0803549202302356	1.0932544686869798	1.095826902047677
1.103471150546082	1.1426442617715256	1.138011188793822	1.1602989614171593	1.1821601092019378
1.2478229124566391	1.2076225224227057	1.2443805820015204	1.2270671759192309	1.2182869237522802
1.257035168729377	1.2540028664715612	1.2957838675410835	1.322137765624086	1.2940554706424914
1.3762057960873153	1.3495964119208692	1.36015468877992	1.4004796243519035	1.4071783680297791
1.419039344738615	1.3897581716786616	1.3664879659500202	1.4745713466434256	1.4687984208077924
1.499923965622928	1.4918395113632923	1.5043058865062238	1.5076668139461538	1.5589844765081595
1.5477353505228366	1.6126263866351054	1.5771282153681931	1.6022742688760465	1.5744708756714423
1.6666545903331962	1.638793931476324	1.6663604873033429	1.7150263101464125	1.7477322608764179
1.7288041126188936	1.7513321843852236	1.7393856870555717	1.7585681804952364	1.7934521860660644
1.8153581472729876	1.819158535335434	1.8701109885813252	1.8555344171894061	1.8698740998766796
1.9223890663808325	1.9012630043736123	1.9570425282344022	1.9375399081242854	1.975214339892956
1.977928301616249	2.0599596552190342	2.036741714188163	2.086680155415449	2.0578290661272156
2.113280593696083	2.1393465037332295	2.1314936742999686	2.187955311504397	2.2196208854454
2.204118659523055	2.2171578800567033	2.248138120186693	2.242291583325317	2.2633584968510108
2.2991422043321275	2.322565205379984	2.3131490675394843	2.3504483137611025	2.372817018895247
2.35047800441131	2.388176367012466	2.4560687018610055	2.3992823184805876	2.461100144328072
2.4870635193191517	2.5113120234473474	2.5173459769734463	2.49987422185894	2.5114410631111994
2.505222709533955	2.5561046439449764	2.559144461995736	2.5812791434243407	2.5954326435143824
2.6017261174602138	2.616642659970983	2.6501533291900907	2.670505758652137	2.6643644671680438
2.6421732774057767	2.6687380254991724	2.7046590323683524	2.7176512957263705	2.731321226406194
2.7066680477594094	2.680019843273802	2.7338713331106206	2.7597932968793244	2.7258570572757517
2.7399416819901963	2.727178705268692	2.767336967684505	2.753785566029086	2.7462086926974014
2.7784031070561044	2.7589439882986815	2.745250510755052	2.744456939255757	2.745629778218598
2.7571610234525843	2.775634685307511	2.7244107189945237	2.7771455872779884	2.7225240022324173
2.7116611765193794	2.760902236547825	2.705187349874599	2.6966052178963857	2.6826301835440054
2.7109125078699665	2.676227125440039	2.691378547146637	2.710027294831179	2.7099595925027327
2.65591910571215	2.5920919827686397	2.5747096501475024	2.6231785706664783	2.5853652661452706
2.6027327154818556	2.5908490680935357	2.5521884761076654	2.565364763290163	2.5426666262116466
2.5080429142865346	2.529482152888118	2.469472148501974	2.512527396381371	2.448623330529504
2.4872370465286	2.389650984793228	2.3881018714304565	2.3942531157882314	2.3805780279916933
2.3473096418654213	2.3212488082344422	2.3057967075318437	2.294800801250588	2.3305754869035895
2.268122109882972	2.2865533040551873	2.228805633572613	2.2389072418266776	2.1803365008108657
2.1785786843413617	2.1380219391139077	2.1631077285111258	2.105478595892226	2.0861693041885028
2.0811244804407236	2.041213457504997	2.025754735448728	2.0129756890888313	1.9896722640116298
1.9538808354043304	1.9615501118145011	1.9313471815448886	1.9061572083355036	1.9026912309037332
1.8771636861431409	1.8815016953379136	1.828083047759934	1.8570005493411446	1.7941877059178497
1.7852311324374814	1.7974860984096201	1.7450830802806199	1.761036358866248	1.728301112613451
1.707718330757544	1.696317432586303	1.6892093183582786	1.6548276858813018	1.6406241863433613
1.619036695013728	1.6449173620219324	1.5940936244905066	1.5746524358019072	1.5411567701084485
1.5294378117739817	1.509722081862129	1.481683885659472	1.4586022753695644	1.4675182617698639
1.4771167683139828	1.3736421513490098	1.4451059389934566	1.4154554981357272	1.4005355449656034
1.3653414531865948	1.3681681052484458	1.2941417350690594	1.3718291234496567	1.3264504808094375
1.3353447288542943	1.3008977697992763	1.265543571728998	1.2665078668406762	1.2480528939464473
1.2485251524616632	1.1926957703747223	1.1826119104633488	1.2019589356916198	1.1839869972927552
1.153589833579612	1.1770427245065924	1.1238146520566459	1.1394648434595789	1.0899634689031021
1.1031625339396172	1.1084969291543152	1.1039929330281526	1.061834732220999	1.0739277684576232
1.0630875380311877	1.0627494999516665	1.0247339353198817	1.0389253622192691	1.0319042454445646
1.0205850396765317	0.9940941823762315	0.9559787423521708	0.9624794814103906	0.9538624095763429
1.0216967159435886	0.9239050315033525	0.9213029706800083	0.9107169632805955	0.9075100555600313
0.894568517603232	0.8490352156340313	0.8548966300797508	0.8857693936550248	0.8800739338740812
0.8903963706232072	0.8459883708277078	0.8558435676582421	0.8531829072727486	0.8231336535757341
0.811038762804286	0.8262420842787351	0.8099784274189709	0.8051601464364898	0.8066252256030664
0.767026207693099	0.7936041975609809	0.7894743339512325	0.8016978064465844	0.7387011870282848
0.7211053978841458	0.758459456399287	0.6734683529869886	0.7235423145160069	0.7280613885956323
0.7142849248455273	0.7036372083941494	0.7199295278196398	0.7077669782350464	0.6800685781728913
0.6723808597630814	0.6928082294564617	0.6582053670587114	0.7017153307259295	0.6342571847527309
0.6663826517607991	0.5806302755609581	0.6477032640704106	0.6676290258429756	0.6449586218442092
0.5957887172484152	0.6369500359365046	0.5938872493056456	0.5911928459248642	0.5598921856336053
0.6146788901931634	0.5911771037798629	0.6213522721041856	0.5721336448762212	0.5894436157324618
0.5710218366749575	0.5951263451676838	0.5573928127522574	0.5657693977133178	0.5641464587053382
0.5629885705684664	0.5493925269166535	0.5385311862957398	0.5203345538318452	0.5435211240552659
0.5254376900442986	0.49387411120483193	0.501156757230846	0.5200881666262942	0.520952469692571
0.5276111882933865	0.45769343538914975	0.5022128432296878	0.4935544567860445	0.44452189759763394
0.4594871751809388	0.4701805770551476	0.4875964091736861	0.43551919471703887	0.4367481658282754
0.5179668583558289	0.48040832789756005	0.440936717401505	0.431520809004786	0.45925623269341787
0.43775426483849644	0.42403862004559517	0.44331924185188376	0.43698496421278166	0.44142020757267025
0.420401864157165	0.40560691437913743	0.4182224878080606	0.40767522567764103	0.41931604674037476
0.4149521534841946	0.39338974526668147	0.40948128682351576	0.4442563386250325	0.3486664868406784
0.3873768661014121	0.4039130902399273	0.3759841799073503	0.39594381253648414	0.39963708182492585
0.3762780848801025	0.38125566158337715	0.3892200148921891	0.3675102450140125	0.35284961138046916
0.3392971768883209	0.3827592105033706	0.3924316984658319	0.36195013718153624	0.34639670034114994
0.37222654356211865	0.35520709142307816	0.3603673960353578	0.35815831925775854	0.3121143391551951
0.3890563780216067	0.321522593765271	0.3183941345856956	0.3226680487739495	0.32390556156976125
0.3373279564507132	0.26842864100876257	0.3196769073421528	0.2966394782397909	0.286888219701396
0.29675384505181474	0.290244173260073	0.3165030092358551	0.3314082003467855	0.31977388132680623
0.2846408073606941	0.32402010407495535	0.3370435585592165	0.25962412020951514	0.30647800675340287
0.316010169898423	0.30662108663183113	0.35655079385204064	0.26636798888408136	0.2915893416409958
0.31077456748411686	0.3015452676452778	0.3021298664866202	0.2481322082750468	0.2952291594064085
0.2602426552329029	0.24469735815317958	0.2766580513653067	0.256955824230032	0.2926985316204295
0.251111555953578	0.27846973428870303	0.2626618830310441	0.2801931841329101	0.3112117798464127
0.2673089158397249	0.2408014239609157	0.2852150302047309	0.2609467087432048	0.2650187833052158
0.26428100462357296	0.2675494870647904	0.24165172572151541	0.27051759872804637	0.2851278343902943
0.23181339146830893	0.23978997538017463	0.2604456841554983	0.22563204544467694	0.20867007294201687
0.21469307797355644	0.2165879613299551	0.22078365371421502	0.22523086633104514	0.2542216692746174
0.25045235667102417	0.2443791438434268	0.2780067022699362	0.21103705746415818	0.19622040046868439
0.21329109527295315	0.2367015699491155	0.19185758975371164	0.22841010244808116	0.22225112032978434
0.1902487143634128	0.2414440453048067	0.21134439957974405	0.19510949784731235	0.2066052418216162
0.19178229288069737	0.23652263562688253	0.18950788575892252	0.20452584737679516	0.17525154141555907
0.18335133067673032	0.22398712750537333	0.23226434255696482	0.21964043273797296	0.2006873214315139
0.21892300226519804	0.20632952818366468	0.1965689542335318	0.15787718154135896	0.2152918168389266
0.20991593084883733	0.21124812066728996	0.19813675584268023	0.17001021353954907	0.17477029633008348
0.19319752059869472	0.20470619763576964	0.19200983879681727	0.21085369062618575	0.1625422746160993
0.20904384090693615	0.16389310737491058	0.19393231498577707	0.18103133607378227	0.2246169345763834
0.17823293482539312	0.18459305784081143	0.19945688907061648	0.1768517227913482	0.18552481881622032
0.19760349235045543	0.19781242991669767	0.18498707248038865	0.21325006655993972	0.20544680716722497
0.16252392672931087	0.18389817613621973	0.15467945064893696	0.16896869096313125	0.15763312111097175
0.16177684163284578	0.1795553793154583	0.17685557480655942	0.16717609758170984	0.19120380829139352
0.19571234778252508	0.1439459368639254	0.1540294322058388	0.17211250488183408	0.14802191956432556
0.1713568675094251	0.15687648456355013	0.16012940928550967	0.1533926774249143	0.18033235246363738
0.1520715915577625	0.21082423227391792	0.14060204497177042	0.16022683697396886	0.16130479008006562
0.15342655156166965	0.13911304493193682	0.17307089967908929	0.15727278821148788	0.13900324132125888
0.13024663961087296	0.14295481002433533	0.14656834285262296	0.15958430313731675	0.1289120044407667
0.12021550244285778	0.13576313261700004	0.11848142488946974	0.16134588360536828	0.12363549616747922
0.13326010852807124	0.12702474467027577	0.12709621586013303	0.16169589335520818	0.09330687458238736
0.15297005009469547	0.13747480099809448	0.1042842763389323	0.14925492581445818	0.10894851705071126
0.1666369893152632	0.14899938422153539	0.13803376795544386	0.13325101814279844	0.11905855139871788
0.14309874971064407	0.10184699751767667	0.11687832408229436	0.11783516739391353	0.15248037193345937
0.09909970298652826	0.1274742313559848	0.1663758463732558	0.13062342858245155	0.10544912134192451
0.121142225691698	0.132363017795591	0.12256543460264427	0.09229351402655321	0.14473891509990028
0.14178038280777855	0.0940124143711872	0.13247313921740483	0.12961442869771828	0.1416571658532979
0.1558816294365878	0.14235461156712798	0.09267106165844284	0.10269444367851065	0.1388580838199603
0.08290026801056993	0.14380342002871138	0.1674199874539864	0.10160258705247827	0.11030662452134117
0.0867384349192961	0.12506005390588312	0.14119462256218798	0.1196156022776972	0.13996949833768213
0.08194168063188853	0.09505528259552577	0.13376877321263128	0.1127364880278858	0.09602576885347555
0.10384366413821057	0.12325382847818536	0.058806140244447136	0.07975424057531359	0.10005282401810361
0.12540802636927165	0.10925392756085184	0.12270271552248309	0.11892048314899471	0.14278154696138873
0.14050149290287378	0.09627049623595017	0.12846769456808513	0.13032936248971555	0.09767080037287437
0.1292110381780447	0.12809622351122998	0.0976874122037777	0.1232569612207875	0.06196007348398765
0.1204867544943086	0.0691592102729131	0.14113162227225953	0.09787212143388982	0.11793027754333454
0.08656725636557183	0.1163208434719041	0.1316436971789427	0.06355143337409763	0.08715500826690371
0.10501823542775864	0.11515628501787536	0.10535451123843186	0.07785822059295455	0.08646525967697968
0.06773080813699445	0.1319990645483906	0.07456050581000541	0.13841342586235597	0.07479236990353089
0.09758961693488281	0.13403474068754104	0.10641534936760193	0.10153667302650918	0.10779154418528318
0.12728518658579874	0.11252147774784407	0.08323232607797382	0.10147228284153889	0.0774376214963575
0.10833300350523752	0.10673917973446771	0.058324841245697465	0.1179003446433404	0.1010672507202618
0.0798016622449211	0.10929739857523381	0.07497635746287508	0.10734435011572355	0.05418473862939248
0.12462345217867618	0.117881337066293	0.09274355625518427	0.09519939538143325	0.10973635934757643
0.10630606812228532	0.09587810409303604	0.053404241978097455	0.09577518744950465	0.08857686933785704
0.0747985248513245	0.06475698444946441	0.11120344032655334	0.09341062511273684	0.03679195390353913
0.08061382885380565	0.0893105177016571	0.10341110593883289	0.11627458710751364	0.07501570171557413
0.09885368280350958	0.0843441214466051	0.08971865944559486	0.12780138329048482	0.07609464171541286
0.09910968869308853	0.09330723187517928	0.05779637376445168	0.09185774054454636	0.10491479838568973
0.059978722298416755	0.07129947686419803	0.07858045210612791	0.06423689368044248	0.10236843650348504
0.08462525003804588	0.1038312595962456	0.05987697374241338	0.08221026321729871	0.030042564220775888
0.043380699539120486	0.08563754546613295	0.06692940447095472	0.06321419450378628	0.08369255644636761
0.07350462697890568	0.06465890046298638	0.06221941390691004	0.050095133880932	0.055756399528158876
0.06505353740635449	0.07451379712622885	0.10003977409014847	0.03331517830401679	0.09138423775527642
0.09176377411211874	0.0831678038162113	0.07793740876556424	0.06650399099062661	0.06237670459840623
0.07520018264921724	0.10457932202968614	0.03405737472320662	0.09386973388301263	0.04627600525073167
0.07783317283946851	0.09487071975550637	0.09042748825359231	0.08695775490249463	0.048671734185201786
0.07565883711576832	0.06889041786026769	0.07539673361747926	0.0771835378933676	0.03973302616591038
0.04831589531139635	0.06922447572291854	0.09574891846864968	0.05210760550361641	0.048839840109829544
0.05003449023393101	0.042044823913820924	0.05986969478366131	0.09298040286688015	0.033063656585089064
0.09192777584629876	0.03100187920431942	0.07305774411131785	0.07980199444362245	0.12305044687059866
0.029991311396043163	0.07405666486714847	0.06670138370622894	0.04487948016202219	0.04754819530596258
0.14425134724671115	0.07320552578453507	0.05545285014751771	0.07379069700035758	0.03246097949122738
0.08515262742408604	0.029654984928503065	0.049015123672842144	0.058532345677123385	0.038907288848417154
0.08264911199447168	0.05531510094281785	0.09301784134045284	0.03675536790264376	0.0765821533764949
0.04644567609794703	0.020250135670808356	0.07732596833062223	0.08682299189386383	0.043272704453715435
0.05383265821590085	0.02525565476882468	0.11842401168732757	0.03987571355759176	0.07881719622825702
0.05913971721204569	0.0793163467819713	0.015169807538134707	0.07855023908210522	0.07064613088172213
0.04803056487410434	0.04682190993719186	0.045530600205485446	0.07693418684555214	0.012313419955554863
0.09018018815178507	0.05560775340779352	0.05361618730220485	0.05134221399107295	0.06974060804463335
0.07682172871427953	0.04922093289440918	0.08801925719847942	0.045611579318660576	0.04632467449518354
0.04600505487937068	0.10026714061694462	0.0527380963207489	0.061682898287916274	0.064239028224917
0.05071811457224195	0.04643761195592104	0.041857230850035274	0.07035441982243854	0.05466750892565531
0.06278905232723575	0.0655238762240891	0.06869322849180853	0.03991349610074241	0.049483842103527326
0.062481458133223707	0.044094026800576724	0.0337123910448527	0.07203611926048022	0.08816381035077668
0.05350827104555034	0.03311332270618917	0.05723829528659176	0.0936069522437537	0.052412998631056404
0.04125303057712629	0.0502262413413187	0.06242370382920495	0.023765251337761313	0.07990536715422009
0.07835468710182816	0.08899556963701317	0.03964818670845463	0.04030507209952455	0.018882299434820317
0.031495564403395016	0.05383165281495629	0.03227291624941235	0.053154173603958424	0.009932278952520392
0.030639493737287183	0.05534215821003281	0.03969102408964999	0.06095468822278888	0.049344677964996676
0.07602056686940747	0.06527399748800858	0.06177954192557776	0.04075968916791787	0.03784181800490258
0.05569643053705383	0.05929751437208828	0.08200480178886754	0.019845567428884034	0.024374194020023936
0.03533179538390444	0.023237083413796798	0.028893227186408726	0.04121008998090155	0.07293540066211125
0.07881442170425666	0.049421854681454894	0.03477345118038849	0.096222593974609	0.07112704955242102
0.016789131601896677	0.04200430113342779	0.022806767923440746	0.06429143061907225	0.04789934864136274
0.06540936194240739	0.03723840747597655	0.05915615940836902	0.03697811045516587	0.07391061722284435
0.0058193209127129645	0.04284455383942268	0.04249461170540384	0.04976980639397605	0.08395206919901747
0.051975752371313334	0.07036931579306349	0.08160208484651521	0.07652424605054203	0.010081819232043925
0.05099002713931709	0.07958679819096706	0.06272230440489564	0.0357466776524634	0.08472569423126482
0.0529033245506729	0.011389453584763988	0.06671746891906888	0.07784315177769036	0.01427535395965616
0.021370164509100995	0.05194406447723253	0.03299888331179909	0.06261625849114733	0.11802338086626868
0.05326490711922291	0.08308226453336674	0.02024161113977526	0.03094195696354541	0.04508295614060816
0.046975703588498736	0.03732088220461791	0.038905013289979265	0.010333440646467146	0.04855779393395902
0.03658180101216357	0.050186660376843786	0.06674969473861002	0.027117045593708186	0.01909458662861624
0.03595398086138636	-0.01357512069751129	0.04955280006001643	0.04330080536774182	0.07176170424643201
0.04007240618519119	0.046296794786481424	0.034673950357107776	0.004072402892794655	0.013346069194152837
0.04367275446934691	0.060390997588715245	0.06023931997295409	0.03722233332381366	0.03359378631683105
0.03732006179733093	0.03873814277274125	0.04537437048840634	0.035081154668463975	0.039136712132646155
0.03324848982470505	0.06907346926269908	0.05351457246647259	0.05637912664164803	0.015321208878076979
0.014717824942922125	0.038264402913604785	0.036175160939521306	0.025455629928158537	0.0444682785599886
0.01722671744562908	0.04520052308408825	0.062297892999083934	0.07837778873342814	0.045577428545022836
0.07424522985296428	0.02661934957226874	0.002220848499225463	0.03590167874927837	0.01655446073864586
0.040549618193165334	0.02751496881534201	0.034313879521573054	0.04694510971742023	0.03953919208666329
0.047170076455594935	0.034824901021293146	0.018688885426053976	0.04459517210183123	0.03516827392271279
0.03296262646907635	0.017408431191626855	0.015096652021894794	0.05395616248688331	0.05504460527545987
0.031770833142915456	0.009579003083342488	0.022378476842173808	0.00939673281352004	0.05788349897787981
0.037361449628532904	0.01671251368771156	0.03763235906484912	0.03932769360289373	0.07266610206697854
0.0678965315698677	0.03695573190721858	0.013567636739832	0.03905248156889025	0.038650990239919095
0.01319355740938895	0.030303954752826705	0.038144812414413524	0.0073149805198293415	0.036232721914130066
0.0772922169812659	0.025889872721977812	0.04616753835147876	0.06427070151920344	0.035754424514134
-0.002441799198468082	0.050180830695144354	0.04147461243493826	0.042871755020478554	0.015385742536231022
0.04413298701818479	-0.037032178251532315	0.0034208223270238824	0.05136207160110488	0.004794866806775113
0.01574501998437602	0.05061863934198853	0.036901595939947275	0.02458913275293899	0.02926547775253828
0.025502546692899707	-0.006100928695845066	0.03447478812223447	0.03533629728786668	0.024467004443892163
0.06263741399360408	0.03560988920809395	0.013908272956767507	0.04778116739813355	0.03526608474764575
0.03556102323208535	0.050721453722333595	0.06364768369535082	0.004825095665545549	0.06248991810839885
0.03678939941730423	0.00400839439041217	0.025737552868575753	0.0618444477532013	0.001984064964533178
0.013424532182702778	0.029634331313075968	0.014991499402741854	0.015971243739583717	0.03738480993997838
0.037427387306101165	0.037557287704664405	0.04613138347191705	0.044247523303036	0.03645441103853351
0.03166846607074903	0.029191776095338944	0.005658358477480602	0.0268412784817285	0.03748330890506692
0.008576945920116565	0.044623563190029705	0.04670355836411789	0.03009635053685537	0.011348935968765354
0.07333550772921944	0.06176684786520588	0.018048292818047675	0.06709646012430424	0.027580125538608807
0.0361703289936163	0.01632887314943482	0.03330589948387384	0.02377298157051292	0.014070820898688689
0.035999619443518434	0.02908976760796904	0.05103481733803368	0.029220908880467116	0.05649346838132254
0.03796371271796414	0.04928904606352878	0.012167905417136065	0.014944064868397637	0.017076247638066654
0.005847160737251693	0.0508238030695353	0.028214852469726763	0.04551512862674859	0.013855906067841706
0.04847187446938089	0.03266070849055662	0.0327785736410927	0.02389841193832859	0.023525519224276068
0.004177593632078851	0.0518977418935155	0.022725459673452433	0.039667237206159105	0.0295095542544064
0.03831163704272007	0.015435485311629069	0.026944323944873685	0.04340640430533432	0.03234245341737775
0.057366916079015055	0.040745154347525306	0.03160673066781755	0.012989366039993578	0.011978522453821921
-0.009979729244550057	0.034343267527366786	0.04983183351822483	0.04435821214523019	0.007774848069110572
0.04821329679280133	-0.020396777075615664	0.0019509187534483981	0.029284488779704236	0.04257096990801747
0.05646135124644246	0.0021702702608594644	-0.01006687473248638	0.018200383911444396	0.008623159075076079
0.02545657944171978	0.019629078174406546	0.027849649797291924	0.015517209122782503	0.032732683422174946
0.0143792456514597	0.02872642965680836	0.03160967616286556	0.026794324247419544	0.04114378389866529
0.00858319270881529	0.01620573011756728	0.04678411072248477	0.009350836541838225	0.023181636382605522
0.02170375722548183	0.044479129216067004	0.034490421198596355	0.012778803196892223	0.025621396495719182
0.009231032174878338	-0.012004677262553089	0.00797888927689422	0.06712397731689779	0.017214091224940976
-0.019708847817995374	0.07413407271028583	0.0007744254361699166	0.004777887209248373	0.039442264867490036
0.03793266410014807	0.018166059368050706	0.040250221215033424	0.008380565656356842	0.009570487407120657
0.01630729482620003	0.03820545525767533	0.023247235221627787	0.018788492504831354	0.02220004781529825
0.05256958488637562	0.04684632543532065	-0.01701952473146037	0.05071504886585134	0.045578282018882095
0.028150677237808633	0.01683127025714235	0.030625021846711613	-0.007279960272794608	0.02118136706476536
0.024923513068350747	-0.012018764145512856	0.029162195920649735	0.04550861521299365	0.018366098395230995
0.020660078891702422	0.0040293958956945245	0.006233808166747208	-0.026572743832647856	0.0047133271688011655
0.028972107790718474	0.023987663899208207	0.010957122328930684	0.004024660667751647	-0.006634013510589068
0.010133887967670915	0.03371642573525369	0.04933419881103197	0.0018667689100495904	0.0050237607719488256
0.030826946269035645	0.036301849706464814	0.00045236547093270726	0.03994200015482652	0.03006746821449483
0.00037688705229874716	0.00629756649670473	0.023339528444387535	-0.01727097494805319	-0.001057597459784263
0.040386564245703714	0.028299757174432758	0.015594882568811459	0.047164389224474385	0.039486026672300396
0.04675579210224237	0.03229262680641247	0.05723986256430846	0.03264625566779981	0.02221941844098476
0.03006760181869418	0.017773757104056827	-0.00041276840343640027	0.05117358007773954	-0.002955292163043816
0.03465880251227708	0.00855722788937258	0.04714335558729418	0.02481356762461956	0.03633037841440308
0.033795014468622375	0.013908425465323844	0.05505844756737739	0.010402538267112914	-0.014147358482331987
0.026450692701387155	0.03747299222811226	0.03314117125997636	0.034115382685296125	-0.030828134325919077
0.04333689605458768	0.02758649516102028	0.025174954560842067	0.030103751842503572	0.003368099910104533
0.016345834850051852	-0.006137719701572265	0.07964753407514943	0.040196621722758216	0.013938317886947245
0.0010559031994675882	0.049928732266398095	0.04908015121479918	0.01601629404210288	0.011234891617891164
0.02564565390360241	0.0656987743525835	-0.0006308673339237595	0.01776552572574044	0.0077415323058896745
0.015612414068174475	0.016448482539460657	0.035608571815774946	0.054100538925455674	0.05182790661746899
-0.004983679536271163	0.06425409216619832	0.006610125370459447	0.04963999744685614	0.03928550984127001
0.019590359431052435	0.017487828607017288	0.013274080164168856	-0.0028128719342159665	0.0525594928795847
0.027487567744617306	0.026404614430396572	0.01923475573840053	0.013669611885449327	0.06429847564816828
0.04400004985305486	0.013564679642198573	-0.0008111364167287262	0.016501128389252735	0.01703646848471492
0.024830044658280506	0.024152771302620328	0.06843789562832957	0.009739843591108108	-0.004188760513347409
0.07384483845268906	0.01958608001826745	0.012313357929107238	0.04792252754339976	0.020034839112330224
0.023635476892112216	0.001442804829968029	0.024863424825323235	0.026234823663689694	0.03642701972856674
0.021948435269802176	0.054139378727667754	0.005345397052045694	-0.00015974508685113586	-0.01318791267213149
0.0680556843275931	-0.010925769515593476	0.014852517929580696	0.052446269063999865	-0.03935495902738878
0.001541955614882273	0.0007035987658730461	-0.004558254577320832	0.02274862654760583	0.024322023827335556
0.020005191462488893	0.021815902558306843	-0.023516854038731494	-0.012659644277601299	-0.014796029155806323
0.030843874669492066	0.009622132277768527	0.017883938810872656	0.014363641246036785	0.051505347780930764
-0.010057028880642298	0.020102003521772716	0.016717333982406705	0.037119533966395175	0.04421593028349024
0.07363524046617309	0.005899467471290174	-0.004868858706867809	0.02356595530340877	-0.006269727838390721
-0.010624565120713145	0.016801156302357206	0.028006593832962733	0.03397419591498118	0.043521781824416704
-0.002432368811990429	0.03824328408889669	0.03274663843754726	-0.011374812322207368	0.013753870450939804
0.022062835786793154	0.03072094824269998	0.046128357157560015	0.008326921740134562	0.041408481063350516
0.02287806881704746	0.016357252025736457	0.0237092717865656	-0.004240168060508561	-0.007001206281838077
0.056444086879435036	-0.0008690239157394747	0.02156564256523348	-0.02371232186525444	-0.007355534581031086
0.04388568268405614	0.02996594198770887	-0.02030294805557161	0.052852233007786215	-0.002317839310090825
0.03158660871723089	-0.027101167100693192	-0.027057269300629287	-0.016129463052996555	-0.00656561917710248
0.008430058042463759	0.009797609612942973	0.024303116701627457	0.0028515996478012864	-0.012697892306480734
0.03773137428916568	0.025912803085093358	0.018423411789141864	0.024232911119583617	0.003359104455401612
-0.008038560437210827	-0.02980182134542725	0.011417433320766298	0.06430873331659265	0.041121777859918815
0.00577479252770812	0.029956466121958847	0.021856702157089326	0.03837998240125028	0.025980953596558574
0.04079945258105849	0.04765333007720946	0.0180577406497786	0.026454887245307753	0.042058418478547785
0.01673714627496801	0.03558584243708875	0.025183190589385493	0.02796331504008153	0.04875748834759989
-0.007183607689714342	0.07733327722778575	0.00039498119277022077	-0.01379115336322674	0.023553841566005623
0.03021876323221187	0.01904855408638353	-0.004374205178610808	0.010301073830738375	0.01696270014964216
0.01771106006308751	0.02247321796065111	-0.011240611243985062	0.002614477091947517	0.042249810615458974
0.024852979854826044	0.02017696030527416	0.03017483555955798	-0.017008597975514222	0.024914353183504274
0.020665445829924082	0.03523709164472168	0.03671315579413909	0.01707645684727828	0.029559220748138913
0.05212517623797672	-0.008869533500658127	0.035766776991595944	0.008641082700106124	0.01806665553003206
0.024683412041493727	2.2204956092021153e-05	0.0018279636579124807	0.026717626233717463	0.02401720367654967
-0.01575768246949394	0.023650611749473076	0.020492655487785054	0.02551498058978329	0.023088381344920646
0.017337110301437197	0.01304620243791027	0.0070658772912026895	0.01719481244160557	0.018514738029026978
0.012344621467332615	-0.01790197620309471	0.0174964295647188	-0.02849578045155598	0.027493495160952338
0.023126270712593544	0.010410720614456685	0.03802972712404799	0.06773869992658063	0.040460243390966655
-0.01593900842261402	0.04406896062459189	0.021490519056811284	-0.032041022604754964	0.03557963320305429
0.009476270228291962	0.031421952172686576	-0.006825380849206383	0.021316136889461768	0.012948654882543514
0.005068009006912081	0.036301513967983444	0.016449055534620782	-0.0003883865229083248	0.02909060238085544
-0.018995068933167606	0.0005046139771148812	0.02084182694803194	-0.0020462094672306736	0.014304624180722213
0.04742455096220834	-0.011438406843347338	0.04530029684111672	0.01912746696327397	-0.00228827140521039
0.013656698869208653	0.00259113177627649	-0.027780519590946053	-0.00012358989307149941	0.019678458086793135
0.043506859037318726	0.009874285569072959	0.03551977524589694	0.022162365139368017	-0.018061073824078556
0.057932508887470306	0.040992666189821274	-0.004526655295601837	-0.0039227514187876	-0.019270447269540802
0.009925235650852307	-0.0057810930470849654	0.023914832246491616	0.0013047441910590558	0.015953888037082604
0.048029144102519336	0.003838060907271597	0.029365527006778396	0.04700801287411857	0.036321221397048464
0.002869298921438148	0.028648360432781354	0.028808802955931134	0.00015941127359152783	-0.02327326914675091
-0.02442705947451628	0.0024245860745115934	-0.012042208578624376	-0.01265940179010849	-0.003365803375472756
0.04724284583489525	0.034033543850161205	0.007607349503454196	0.0394421855782803	-0.00874959641996059
0.014537720869210414	0.014594732375617953	0.02849090965598318	0.04233504433197287	-0.010646498394137172
0.043050999963691015	0.03623871012705532	0.00838764388679739	0.03408635180392152	0.06202095183048924
-0.024618381038697883	0.025407839543217684	-0.022462489235203942	0.0009932097925381008	0.03638973400806224
0.02927750109975578	0.01760828017756015	0.04251283998896142	0.027584042690800344	0.00456316218799298
0.008339824693428727	-0.0021056031454834683	0.02394481386789064	0.018430610088832775	0.04030507963416999
0.01705152489359899	0.028489792621968282	0.02348235410018853	0.006449551082468894	-0.0025849625777625354
0.032732224506138455	-0.012665553516222307	0.009472657239019498	-0.010269578165728772	0.017166030258107826
0.030137484050001724	0.013371242735038542	0.07092892459755343	0.04179743309316532	0.038658557763209804
0.02789995021540608	0.0032928005432048945	0.016902026961883088	0.009837258183688892	0.043143879038418015
-0.019301857288328762	0.004123740336558683	-0.00016533955690912344	0.010409604494975213	-0.01804092935649539
0.031992082690435804	0.033053576250320196	0.015322189378992268	-0.00364682645385383	0.013348442733168743
-0.017641146565356442	0.008663734760591547	-0.00685903588827887	-0.037504377665171854	0.020499061154734675
0.019485067130663728	0.0166921174064891	0.013696931778303357	-0.0009171423856000963	0.04395598326580078
-0.026946005996071026	-0.004635118546386237	0.017806375982443525	0.03661418657075673	0.004863428118916999
0.0058009397078336924	0.011819978543288936	-0.016359900974198753	0.034068026554174353	0.005359888742914075
0.037015407611870256	0.015157976454968468	0.004345656466079725	0.03158955943623778	-0.0194609283542935
0.014758267653812942	-0.001334173757899973	0.05009418386216602	-0.031106539901072566	0.002919366606179254
0.0325827735770763	0.0025471822520642855	-0.006003530644762072	0.008461816812533735	0.05642061869877506
-0.028887814595111895	0.031553329732525795	-0.012986996917243764	-0.0349224016796696	0.03376617544529696
0.0175230700807026	0.03202945016277219	0.009648366454257226	0.024724793993974994	0.040257141529974456
0.024404003377920716	0.029744689772357228	0.025976862813049777	0.030539106300539413	0.016503709667413796
0.015080807174274926	0.015819079933693133	0.013005427404155626	0.01807184667010129	0.020666463468506112
0.013688306916286828	0.02657961056453116	-0.04810197193005784	0.016427200183544325	0.005578149972100494
-0.020443868808918342	-0.0011701716752396969	0.017204962286742467	-0.016532295827508148	0.025535060115
-0.012898641053283132	0.026461435789472784	0.028911135850319278	0.021081257630605654	-0.01677248377140294
0.028994764469229484	0.01046035680602955	0.0255842699506904	-0.0004089250378982185	0.02711991309841194
0.005960468448869974	0.026988423626895575	0.016165061091728994	-0.004834072632443929	0.06407049231736289
0.021108975011824745	0.027498317171546768	0.015099462094128276	-0.02384064956604884	0.024138971194119063
0.03548582196122017	0.05168354671358572	-0.010506672425528038	0.002970167753213254	0.02119546360683286
0.02415161656950473	0.00883308062915739	0.013527324394131594	0.02261126642001427	0.005032520000521619
0.018432406700829004	0.020324003277019463	0.022612053283539168	0.016291678469251662	0.03262886066258515
-0.015832432217584604	-0.0015862928268737383	0.03574442797575068	0.027893105673655834	0.007058812640723864
0.04398496997780342	-0.008581324256771446	0.061741252168501654	-0.0109897226597017	0.03714282286888984
0.020695723033185724	0.018997727819383855	-0.009030977167215067	0.022414657456320316	-0.007029331943866191
0.026141372105890997	0.019346239200450435	0.023893893871135476	-0.010888065090530164	0.010454713399380935
0.016146172344537555	0.01553678232825396	0.03397056335207446	0.013465759548825881	0.025385194315155974
0.024702909562114846	0.018026266745676353	-0.016498616941472012	-0.0004144705349560134	0.046156989037077815
-0.007712575345117996	0.026839358166190562	0.016949610562190364	0.013056444756780389	-0.006070853319370727
-0.013410521179325908	0.05067131282777354	0.028076769926458137	0.0332838960420178	-0.007946758626501477
-0.006001003792249136	-0.0016238688013074359	-0.006943177366868877	0.023421044342165236	-0.00174680134635613
0.04315705217067993	-0.020714373796407993	-0.030319699238408278	0.029634082835194385	-0.0044293494949191265
-0.010226922117049802	-0.02395288929958536	0.004719454392005625	0.011654392399746865	0.06804808368228395
-0.0017572352865458558	-0.01589943337297446	-0.020657504598487593	0.028869523805549	0.0700239177550992
0.011023636227626997	0.04152707480239502	0.048839716148284966	0.027903173983785952	0.06490010209568212
0.025632088733097132	0.010545219124870376	0.007032381697485183	0.01730565277816544	0.03192709440148394
0.02009316584919456	0.008933297157995675	0.010554113940956077	0.03643389339733555	0.027832641904522455
-0.016556904882675853	0.019058802949274076	-0.0010306772597936673	0.04517847955597373	0.014009304755624018
0.005420513209767643	-0.010668180978988664	0.019641739890769415	0.02046815395478791	0.005716967281236499
0.02029069917247837	0.052418048224911855	0.006995671786343168	0.004185301015563466	0.03564636203883683
-0.008968429783968545	-0.004484325245993055	0.020520944646107424	-0.017178032476794027	0.012636766969630201
0.029989490720133273	-0.009963031280004267	0.003750867961709728	0.01882741754128883	-0.03472847321065824
-0.004297784062517258	-0.0159921741962127	0.0022820068648121894	0.006105345132308529	-0.006424862245228303
0.025849591882295214	0.009107795877592272	0.009443868532712613	-0.0455394655885602	-0.005660101389193758
0.048595500894798395	0.023792067682432985	0.025299126989176152	0.010989272553795865	0.048282634731140965
0.0205370630156387	0.043690128861357765	0.022846165364943986	0.008413288389332826	0.019694294944856902
-0.01842594325775701	0.004757666960906747	0.015481161115537587	0.033472175665944424	0.023445013506439676
0.00336430653203703	-0.01572483271027429	0.001118553765784056	0.0057875441066126	0.017609488462191677
0.026056437284323598	0.026613276744606423	0.023291319852819008	0.07094464746287069	-0.0023279542668037697
0.019765590624895576	0.030106621847905402	0.03625567040250806	0.010556018616267695	-0.026684246157321047
-0.0067012925866648376	0.023585931127332385	0.033657405617432294	-0.014288763238309049	0.022616027111954616
0.019703833471373597	0.015629180695392663	0.00990338500451107	-0.026641231097270512	0.01765202345319556
-0.01752449559798978	0.0443680496398062	0.036595948073681384	0.034476464165496795	0.012251026372711395
0.011714584898871274	-0.0011515124500534948	-0.004997678726519714	0.012074694429196899	0.008509726864150337
0.009544653321885095	0.014993305662177655	-0.007590165755474488	0.014520056657070459	0.023085750215142135
0.026673017015777574	0.053691421390474454	-0.014148793802178438	-0.02317737134735381	0.013043504535938989
0.016062709377540677	-0.012886541919769061	0.037053361814571945	-0.028396343528394687	0.01650950793246435
0.023601946932341134	0.038184913069244784	0.004266534556916511	0.001905202873044693	0.025823692945613083
0.01479977215994537	0.00850582510452376	0.024331208607555433	0.00468492806600611	0.0073225397059602255
0.011711492331119846	0.012993234405080736	0.018752895860496856	0.01048972201550002	0.032460549112081336
-0.020254874383887365	0.011281345528359835	0.03722596478403056	-0.006970947693998216	-0.0062905433474675955
0.045849679538767785	0.014912969011348294	0.03441556227995117	0.026040001359215047	0.03170775094393936
-0.025720982841343262	0.04372756224469862	0.017075015630426352	0.003231582158090833	0.017008153355060705
0.05178309890254383	-0.03619676817445855	-0.0075596484859315844	0.0334224289701189	0.0010101592136025949
0.013424971989831537	-0.009717862251054869	-0.007495429329410605	-0.000519424422047602	-0.004671886727880294
0.012802719833137351	0.02839828601717559	-0.005170235643145898	-0.0055775055083020515	0.034412168401038716
-0.01503157136557757	0.004371164903359004	-0.00703265394479672	0.03447869631416066	0.013551240151140509
0.020640530974035846	-0.027494971591445656	-0.011711471318757685	0.030519055955221558	-0.008248809658261157
0.026328720394814355	0.029225021378127627	0.0318675056384364	0.04788185761892623	0.0400013008409979
0.01449327488687464	0.04501869423627491	0.03273776276062733	0.027791088846231174	0.00029613042247944414
0.010726209502654453	0.02151381676727715	0.004435385129209918	-0.011759618761112384	-0.014875298038725318
0.022427283295901372	-0.004298978649027672	-0.0069561917167818045	0.014873461828257904	-0.01886900659873442
0.00640461128888593	0.017376562697792967	0.037652948638035595	-0.0030702742648646662	0.03949942515998864
-0.005754157535650124	-0.006607236698943135	0.012673902178460532	0.013613280603393067	0.006818335882338841
0.004709471953799218	-0.003980530357177299	-0.02070574184025324	-0.008127263541884686	-0.004846630694203274
-0.036395703762028435	-0.002106527998129694	-0.008180186380826493	0.029825901145148055	-0.0042925454924662085
-0.009376480460677699	0.0026929895303140043	-0.007335584900212176	-0.012554704266756003	-0.004413051429338676
-0.0037465424921000468	0.0050846058475780415	0.013986697974213386	0.0065491666182011556	0.024937258943419863
-0.009919641620185686	0.0011479040558908396	0.026712050389703104	0.01895014101004159	-0.032560042420762506
0.027715138398116266	-0.0019183417955282705	0.0008417636515792642	0.02104664374769025	0.03142414409103244
0.020321107194482012	0.005571677152493736	0.011331737817233303	0.020963296264113987	0.04239994703801485
-0.002257648886214235	0.00947665262487825	-0.02406013256426226	0.005960019582019277	0.020839199632951888
-0.028162319668582188	0.025174870756112293	0.027226516523861738	-0.016896669832957838	0.00466792299515657
0.027075416908032796	-0.01196170571101765	-0.02298310305077661	0.032757428412499436	-0.00866091960692712
0.010950167432046331	0.045491801861383706	0.016565657445393834	0.010995964374966815	-0.008794756430111076
0.03179110674624677	-0.012402470877634303	0.011383417952419862	-0.009872018981813247	0.02974778561723509
-0.015436966827601092	0.012888305957343799	0.03901518930977151	-0.004091511184158781	0.009723420405463208
0.0026666076212067368	0.040764356591392645	0.03343044690883391	0.008277561217632746	0.015489996689490538
0.05064906446724291	0.0233565501578	-0.010026411640679585	0.006234437196294969	-0.003285182210611204
0.041938385875526354	0.015532419729346509	0.015111408447150605	0.026854249924058184	0.014408350219803178
0.014354576736246002	-0.03133562065944865	0.02206165904005287	0.009865276680039711	0.03730348978056196
0.02205696979533367	-0.03576149654294476	0.03390368573224195	-0.0014676166842954872	-0.0010345654804351755
-0.017466327912422926	0.02351612098894536	-0.02596176059202098	0.024363450012055407	-0.03984480479810089
-0.0413572064156641	-0.02050295345044933	-0.018126623184764934	0.02431371415116463	0.0034098904018357926
0.0019312491425737544	-0.013833379104971382	-0.01573079605916234	0.009470239846889182	0.044505089557846614
0.024908479912919133	0.013450349403197467	-0.008490033062567227	0.024054469734873643	-0.014749092402397135
-0.0006045458396209454	0.02406207297130463	-0.029496403401904365	-0.034605580820351645	0.015241910010458899
0.03405323168477778	0.027416383519856185	-0.027134414500521148	-0.007652458786283644	-0.026069137063407334
-0.0036267739008975794	0.03326001984503006	0.017102192750453764	0.030111939739018163	0.007191427825360256
-0.0014814547883449016	-0.0022187505424377894	0.0042543568570753195	0.006621762486256314	-0.03362634672179786
0.004179333120188648	0.02214124302301371	-0.004546312733620177	0.02119626082010914	-0.0026085935895113063
-0.0062476801613310685	0.013248705994700927	0.009967421726803734	0.0018902508740606437	0.009058457588571857
0.02603927055464058	0.04654437657118883	0.016546036318014146	0.0007161107972242192	0.022902838686342356
-0.03735338405407039	0.019378611697816805	0.026611106348829287	0.02941687548422621	0.00785882516522768
0.01041465532963487	0.02806507154426159	0.005637532551958007	-0.024052287170338058	0.04264201052182831
-0.0012251850185088474	-0.04052541964353066	-0.018323082792664834	0.030735363276026637	0.014415551499599655
-0.004050102711529993	-0.011281735168061552	-0.017594517182636098	0.05175375846141442	-0.0025530075158572566
-0.02966085331776143	-0.0049834566928295895	0.03679623998028101	0.011346093294705626	0.015951318783256657
-0.004499005854305335	-0.007512066726531786	0.018009841876632005	0.013512298870667381	0.037926019668601464
0.029644548119425004	0.0120300369257443	0.0012636704576741125	-0.008996243815091056	0.04747484556655325
-0.006572921862267732	-0.02044466715106131	0.02722308291985849	-0.004245696828786718	-0.029305314430034698
-0.0010307718883369277	0.023509686828831578	0.005156273720023465	-0.01815318885020975	0.020826370883543707
0.012984414608885638	-0.02692820313710585	-0.035033566080491005	0.013001850016494867	-0.0003168105628252593
-0.018758455571951757	0.0064826404837746415	0.006363518019217142	0.025731086089141552	0.030303728632471445
0.028057350319712418	-0.004164216318680211	0.023813105425744857	0.013782891704843422	-0.02769890550289782
0.023211048300251447	0.03627195425498297	-0.0017686480681595243	0.007517286781445139	-0.0185490038551915
0.009375648517952083	0.021789194009760253	0.017809352998199867	-0.00014871789695948632	0.013026184191517671
-0.008097492632111212	0.03531459724861597	0.0013891050531996702	0.0021335809165484347	-0.0205716836105925
0.003097166151725718	0.010137148312634141	0.024904043796683574	-0.020704374969766633	0.020316614800115977
0.025810972157787063	0.006505678062693198	0.039377540324762844	0.029497815454316675	-0.01458750521191493
0.02358936080636157	0.04922453812334314	0.011298333510811678	-0.009670857465117505	0.0004892598289840252
0.029353956439109895	0.009879041612034616	-0.025821429892220697	-0.013647584369791334	0.00953547680413749
0.018603679682669558	0.011188938295319537	0.03326583652288828	-0.014920518869380731	-0.012657551432839986
0.006830478674118507	0.008654796534989673	0.009364503217697433	0.030494859283133398	0.016431360694154594
0.04896162263251417	0.03029659698899973	-0.010181209064230673	0.03190015438877908	-0.01586889371743403
0.04229512562588457	0.0014577602408290804	0.005815184211463397	0.011540856108933985	-0.02120915125154044
0.006462256010875085	-0.022822256390998417	-0.0069461950312753925	0.011510734435970933	0.03887754081880165
0.04153606444566035	-0.05344732016041928	0.003573909552269777	-0.017456715620066836	0.009588532997052574
0.01644138860636389	-0.002391984904128678	0.005244937476170451	-0.016300830507564222	-0.01178494310873555
0.026082866108404677	-0.022122177615127324	-0.003969517729607094	0.007209906566498677	-0.018145276350964665
0.036552525506062736	0.0016296535714159857	-0.0254309798600078	0.023770962780178824	0.026189140540899707
0.020757648712004407	-0.00820895202293751	-0.005070468454461724	-0.01720078061546188	-0.005516726613735289
0.02025005613573002	0.008404848746628502	0.012927534953016982	0.01573634781297593	-0.015933638554456835
-0.008438718735135943	-0.029758910632397915	0.0443514322207471	0.013165435007289023	-0.01055740868042724
0.0393129957189712	0.01566660392414069	-0.014502305791604022	0.011425346118712253	0.0037197036181079064
0.020367800398354653	0.006186838477277126	0.020245418070457724	0.021561282823136525	0.0005106320388406707
0.02399124432630974	-0.026438748195942656	0.014904550261720113	0.03911673618473039	0.01784383872589366
-0.0005851781324408374	-0.026293293549652628	0.027305464436458784	-0.006525910994178517	0.020339707874841097
0.021991450909609037	0.02810069902435707	0.014168720229773706	-0.0009914263114585344	0.00996902586006865
-0.007492572352625536	0.01072110147813642	-0.009121663396895578	0.03547326208018684	-0.021524051538034116
0.017471419466314426	0.02192658265485423	0.008574538053912641	0.026918311939877242	-0.02532384665441597
0.04111891004790941	0.027521707324659018	0.02489801560297185	0.033014481827145586	0.006870501798770367
0.031481256698329414	-0.002819492013639095	0.001294179133507772	0.05049168029669769	0.03778063999065585
0.016996355392274093	0.008502193315584597	0.009196671285832564	0.008867192685846403	0.031418696920366015
-0.008948877954116419	-0.009920852520107198	-0.02718479104113333	-0.03514447435488454	0.0051090236542441145
0.017362046547798864	-0.02305017130100588	-0.013069913756303826	0.01893050961069895	-0.006165885596538719
0.029371038694744986	0.01054680813827219	0.0026726960424889043	0.008946013687415086	0.02408357518005125
0.03026586980784392	-0.022586669510583614	-0.005154916945466537	0.014985359795793246	-0.029561222854555973
-0.019651052790033364	0.03139842092778011	0.030083339221050574	-0.03532914385661415	0.02529712839488102
0.008302260190318675	0.00465819037772241	0.00017007158281734857	0.0006847778274210259	0.01860927573318476
-0.002669555275315035	-0.020596627053888233	-0.0010531491405427647	-0.02416628923702534	-0.004208434518080055
0.03984500091931324	0.02349046882447987	0.010962363858804672	-0.014052246500951843	-0.03491803062399854
-0.015873882580086825	0.018939874358700357	0.022693050388882655	-0.024365233111562957	-0.01759204854736349
-0.01314392865018882	0.06905361634509231	0.00571782292489648	0.009815833442552489	0.02408440962034473
0.01637521821265407	-0.00757148523174995	0.009738333188063523	-0.037709891819530536	0.02275903669588647
-0.0007075550003075538	0.005104222916832081	0.007712706202754917	-0.007319677473814927	0.0020784649823002203
-0.03398475070881519	0.05743157475164124	0.009083325815253373	0.02755433843002458	0.027552459923921007
0.02336719521860662	-0.011973943303859836	0.011101899666617353	-0.0009742098679394184	0.014041083558838468
-0.005477638527738254	0.028061954321585654	0.003338377720910282	-0.012372211078109624	0.029223104975644704
0.014942748047307454	0.06423144106406578	0.039266627931235656	-0.01499153845241913	0.002161244031363869
-0.01896206824063811	0.004108551132025056	-0.01289309402173788	-0.0326191718269486	0.004073764731628349
-0.02734018914654786	-0.02112783098029023	-0.02013614429692562	-0.01272502581392512	0.015644628535004854
0.006651162119600948	-0.007246646249811662	0.029509729947365348	-0.0016136384437975791	0.006445759533621891
0.04345159819609043	0.017568184691596885	0.0056527450316135605	0.007706409147215238	-0.007478198335856659
0.05683233862220968	-0.01625920740042234	0.0174173288554558	0.03498472180538594	-0.018002333739764644
0.004025728038907713	-0.016587702904308384	-0.013479746604022399	-0.013947605572406038	0.001335529929539984
0.0003996747397468324	-0.021500309276534124	0.0050714989663671	-0.001830000960999112	0.0006858090341386762
-0.0015958367777296955	0.012060396541966265	-0.03537477269015424	0.01671462052371078	0.006790532978628829
0.011109223275819608	-0.004594333348670423	0.006885808854214319	0.025707939767229175	0.012968604497232108
-0.03130797894519047	0.011759702173000104	-0.006091336123042884	0.011858480504220593	-0.0012248294278100853
0.012193810054992177	0.005766296335298362	-0.006103023970444181	-0.026416962833043747	0.03577954886780845
0.0010043440723811379	0.026915092245731156	0.034257193448793494	0.02488284635396448	0.010895259342448105
-0.002112279492427418	0.019048491894772132	-0.018918804481035993	-0.026837948915085577	0.00012318187711974184
-0.0076706980413777884	0.0015878493968494159	-0.0166533010274939	-0.005790152464531478	0.023009026965990404
-0.014562801983742818	0.023751534687932153	0.0028090153967596544	0.014183438786377657	-0.005916885272446005
0.02115912994122751	0.02310127619673217	-0.008434355987659289	0.026767357208244892	-0.04654839160829617
0.013218583496849562	0.00879002235234854	0.014758062312628533	0.01609291369281787	-0.003759098758237562
-0.010419310705768414	0.014500540363086841	0.013650312748466273	0.011227885660659877	0.019480546638082963
-0.0065308181540878005	0.02581700017369936	0.03253950835427426	-0.02278172655002459	-0.006396602842095214
-0.022941047557010295	-0.007629415049639777	0.042193436110594625	0.003158117771924468	0.02566203609181031
0.04131155559238451	0.029540612668747163	0.0006053134391470452	-0.05774180349369168	0.04572418084605164
0.016785465107952452	0.0008766964881271669	0.010373440869146553	0.0053309597544627645	0.00682648832001057
0.0038471148238222556	0.02740927310957407	-0.009353892194501733	-0.0036121917756020833	-0.001578854055392673
0.004229778870355583	-0.010087714835430433	-0.016424278116070633	0.020421202034514634	-0.021024224043216605
-0.01564022604617611	0.003215246772051747	0.05007132094919462	0.05897683604282961	0.02454139332773766
-0.011506589189379366	-0.03546087534040394	0.0032940499071614686	-0.01532179619516728	-0.02855398076266668
-0.005911052298162939	-0.0005464711043581044	0.029399519298873064	0.007036489880312769	0.0023804304748182813
0.06513815978125267	-0.014990429424255042	-0.03668743317501011	0.019815734497939545	-0.0025290229169275345
0.016356590745454282	0.014759702077088642	-0.023802934132593684	0.021870070654460297	-0.02338354294595322
-0.03607816413870783	0.018791666553524048	0.020244191623932078	0.0179807853857048	-0.020590814290330883
0.03028910458239608	0.009840521878100337	0.025563928522969792	0.03386946968624585	-0.023908978591154494
0.021686462556389494	-0.005606620682804907	-4.4390839832900326e-05	-0.03121154508498023	0.0023949411697263973
0.029768904083086398	-0.0007228906846368736	0.025914672167370156	-0.005577282244478922	-0.024441190793772168
0.025503269178853892	0.006236237540008751	-0.028499878765436665	0.029213021266153022	0.035714442671732675
-0.005413754662645286	0.0034270937082640316	-0.0033399640954545366	0.0048538484194346615	-0.017094671973119233
-0.005028854585267882	-0.009060903840497606	0.03455018272681169	0.0007733134389588834	0.028712528074680797
-0.0032501631218227016	-0.0403451081781419	0.014772342318414115	-0.00824365111246989	0.0024003475762875677
0.040214120016583706	0.01006710210100209	0.010017045311498963	0.008152897732181323	-0.0036736631457379024
-0.008373991708229007	0.056060445129715704	0.012757856873056852	-0.0053165936699712665	-0.010297041873845874
-0.02169546019324198	0.02703142023716302	-0.0034468769772540517	-0.013157811302688446	0.025280167760106158
0.03469492772677289	-0.006175384334064484	0.014482271296488394	-0.03265976312465427	-0.00017314361465964052
0.002675189842508787	-0.01606723513307554	-0.0015834076755658702	-0.009711767598846927	-0.03428965056633341
0.009172769140730634	0.007680160844450992	-0.03493378938647646	-0.03022190945175608	0.0014868013579771907
-0.0029477276610449707	0.0033212479640138837	0.019001628894701344	-0.016184884311431204	0.0014217210419728964
0.014585929919187425	0.0013211968883046826	0.008865256884850866	0.016863898699854142	0.01606264036745965
0.030689188074908405	0.0164163261115053	0.039349171363105805	-0.004629454023889498	-0.007603823807241314
0.005337676304383511	0.016574013769977556	-0.03708733615543987	0.04282249862270349	-0.019064399494654112
0.01984692138489394	-0.009247069829886649	0.009031382275702009	0.017903329068611206	-0.010664921197148946
0.005528979376852077	0.0045382000226240355	0.007515244413116429	0.0011333609984547062	0.04455767131454062
0.030966863498596293	-0.008191927085481651	0.0051524330377714905	0.0032040338243937844	0.027597852054901447
-0.011164163003135613	-0.02138360195567097	0.022172516925409395	0.011292691658021914	0.030559584848656375
-0.012703060018965828	-0.03657549298639086	0.005239382542707543	0.013139390600751623	-0.0038869707099218765
-0.017059411324353915	0.006742322807875919	0.03531739864302044	-0.0029115278397366514	-0.011858418087142253
-0.00501035415499333	0.0619476132753525	-0.014482985549221623	-0.0010768398256805422	-0.023301081915972386
-0.009454220990264038	0.04950667758923313	0.020739966200479253	-0.006190799788189075	-0.03253539602931769
0.004696993601607337	-0.016778679477866557	-0.026598313073422333	0.012267475875030404	0.011954246536843398
-0.0004883290439970725	0.03077124228575416	0.0233014845577447	0.02291855858344275	0.0021234717579995867
-0.03834786821575498	-0.020787236168784584	0.02218498380257724	0.006664464197875053	0.03763644201190925
-0.006912849078511921	-0.02772714040458991	-0.016193896113692995	-0.020939263835333417	0.000972203468027559
-0.005356877249052317	0.026515921189503446	0.013592278773365819	-0.021916071605533386	-0.0354770895969962
-0.02193996804560821	-0.018919264647130417	-0.027313780173302354	0.028803229519577523	-0.009396657584851632
0.008152835817177271	-0.03307703108331896	0.04304355475240115	0.02481096663225477	0.007602890084897386
0.00698622172203326	0.002024940328778613	0.02770098478105921	-0.008568726767319672	-0.001532974257938052
0.007319566857190969	0.034572716300822565	0.012666678222339654	0.023108830145742318	0.0002427499530343163
-0.05482855744451844	0.00645154172475519	0.027940687295526383	0.0008353496802844516	0.0111061134973859
-0.001320615931490007	0.03298651213924645	0.005576830016144714	-0.002179366305351038	0.0010831829971599026
0.007630563566191266	-0.0020952929124193765	-0.01973102887614554	0.010730962942405404	-0.031471599439084195
-0.006664115232896965	-0.00698053344168539	-0.05121294540348888	-0.021960577972666213	0.03550262703189136
0.06816031769795415	0.014082108872112665	-0.013777214462177527	0.008835415560558446	0.006595661954713256
0.0022576805462883086	0.008739591863305463	0.014187100560447908	0.03881154147437925	0.03905500587621499
-0.014696847866259754	-0.030500573852838882	0.032269967580903836	0.013579107213452846	0.0021229654817820466
0.02969147415685058	0.025935780714760423	-0.027777145999745297	-0.006183972786896118	-0.017468613247567252
-0.03394673895683416	0.014223305670296874	0.017830645197416332	0.014641480878750484	-0.009767976198495024
-0.024552417099951353	-0.004927365804951197	0.042113580948331585	0.024967795468567096	-0.01223486726264443
0.0045528072716390835	-0.012082310059518212	-0.011508884401263388	-0.029707920305627446	-0.026351134327833238
0.00546534559884678	0.017381532600231755	0.006127296677444279	0.0014600101820555112	-0.02652698874575193
-0.0408524395572454	-0.025495063698748422	-0.028498068830116345	-0.006101148278555676	0.019112196569020447
0.0028673767255256184	0.02594313324584954	0.0073581732251897704	-0.024695724596120777	-0.001166019006546849
-0.013526444246053803	-0.02486012264253497	-0.02549766827489702	-0.024828077577265194	-0.012139609102799733
-0.009428230846474057	0.0032875624387196994	-0.01978506862563418	-0.012045717487314537	0.0274219812264905
-0.006722242161849957	0.005714259403118611	-0.005877817193410625	0.028143435577503345	-0.029207957036208317
0.006628236775844018	0.025222098503869497	-0.007519920628712448	0.01869707807995443	0.0007665867910273769
0.023020858851214774	0.03104740747773388	-0.016711845087330007	-0.02065470561508347	0.007607129410880693
0.046260791441342014	-0.03779649348095321	0.008864106344742427	0.024754014240108518	0.008029803748675235
0.01253655620623658	0.030868284295172573	0.016776146213650117	0.041586245123472976	0.014621774568444806
0.020417791982623296	0.0022463501026652195	-0.008144519601385238	-0.0431187432549313	-0.007580822851769127
-0.03906428273199919	0.05498752763220613	0.0015961744216642258	0.017339475154907996	0.04798814896648874
-0.006476505187399625	-0.007398331838316514	0.02419641363297232	-0.006798410268185009	-0.025199660499710307
0.012313519714831937	0.03461330483644916	-0.03791114429420471	-0.04415514974631928	0.02759816347732926
-0.01276163819132501	-0.012319059546758156	-0.006168784431210706	-0.004037564612828408	0.0026659405189782106
0.01964668506889295	0.026174238170273464	-0.0011414293839417792	-0.002007117186168683	-0.029601685570873622
-0.035517231090879425	0.03423941463431134	0.019473986602614884	-0.016171369490561832	0.02257027689521725
0.020699757106824666	0.016709357781900584	0.02304945172852609	-0.014930264711947912	-0.0076364591400893845
-0.008616677448115867	0.03420091561502559	-0.0168935168324644	0.022858551048690584	0.030133123952630476
-0.013423667771641008	0.01298702295220568	-0.009138175848437069	0.03411314914742309	0.018609261744393476
-5.386432305349437e-05	0.0007941625652244837	0.011838049079136843	0.02004041575663581	-0.009116333357828053
-0.029625060822529595	0.028522299751791907	-0.007874970601928275	0.01814455952307872	0.003984819920377483
-0.0008626470849682011	-0.0015243552627784616	0.005279834735271334	-0.025596485361190167	-0.052109311840947824
0.01898683238655216	0.019949662272051607	-0.01518075058358607	0.0010564998028667286	-0.007954942603531832
-0.026694918956913682	0.022565222019041476	0.020436904851570632	-0.03038934778440899	-0.024882627032669212
-0.035267903191294865	0.004409907864581569	-0.011401265871529351	-0.0003966717824620859	-0.02066765421337043
-0.0066462368076374385	0.03702712612521673	-0.00708091140571428	-0.009613223454262115	-0.028469419717067443
0.00018614994230421733	-0.0062575666461242895	0.032708468614585116	0.0037675353922203975	0.03411484343806076
0.005777556428208457	-0.016188472590342725	-0.011470528401049273	0.0022700560779774235	0.00559316755886604
-0.009625107649489949	0.03085395175145681	-0.009659837357211317	-0.02925917208455801	0.003184641376625561
0.04751833885365756	-0.037902885718989913	-0.011410395961100469	-0.00913741269694787	-0.007941976358266958
0.02040909591143767	0.017180195543611793	0.00032139063796572144	-9.198837686294047e-05	-0.002020847214558686
0.0015843242548386426	0.0024547425133461163	-0.025294029846347686	-0.020269373824793706	0.006584691981949161
0.008905535061170746	0.04678516290713572	0.013124007843751064	0.014656239784206646	0.03342347516652741
-0.015025750095274449	0.028698622306896848	0.00559290465572974	0.011656236339674806	-0.03038024892505885
-0.005448215235236282	-0.03206738565572888	-0.006494805064376947	-0.02204021458570559	-0.004923830784538014
-0.0029297942593292884	-0.018054963072111997	0.010788009253868913	-0.018034522428646706	0.010804544905593589
0.01637846158762933	-0.02974893032652729	0.02151908180240252	0.0070170312540990196	-0.010461841804367654
0.011367763794010041	0.0007594063845244789	0.012751015847014812	-0.00031313153571555863	-0.03646716198873638
0.004450420732499363	-0.0300865492132442	-0.025029175357645515	-0.01455682995113677	-0.006798014439845562
-0.017368208982694287	-0.018181523236243054	0.027920417440538574	0.013840069767287445	-0.026037037651704446
0.009605280063589228	0.008087586799121832	0.006577008367853289	-0.017298038998601384	-0.01845527502692014
-0.008923547138907778	0.036340822867296306	0.011233383699735484	0.01606151076037387	-0.0011715720749317917
0.015460971673899674	0.01564752670742945	0.008107432816991764	-0.04772582547651511	0.0050228265875105794
-0.04378035775371378	-0.018464283684237852	-0.02229109451751071	-0.015424436467234034	-0.010027905414739798
-0.011020121938280385	0.021275095555385534	0.011469409334745209	-0.005507713886634626	0.013688113880347307
0.01846776247751267	0.03284107108122284	-0.024650291689406814	0.013696669764432375	0.0017829773628486511
-0.013852580855536001	-0.02014062788570809	0.004299914181149038	-0.02729302491952912	0.01489643642080612
0.024149808107436863	0.018138890900586385	0.024508289799010406	-0.038790105528816704	-0.014572650490184077
0.016211652363500244	-0.020988176293702247	0.01945892200983245	-0.017468933536311085	-0.043348748450932194
-0.018113023783166426	0.02885340103598908	-0.010724228213634647	0.002228256521664998	0.0024033156483226036
-0.01798226374547742	-0.011799464400734308	-0.0022191004787410116	0.010722536995764368	-0.001041215179704037
-0.001882328260209105	-0.0010807071682154695	0.057615938965459364	0.014186940700398077	0.026376555614960995
-0.013147875746280293	0.0073132512636740876	0.0053230891431119	-0.00133394676767974	-0.016640600108876323
-0.006434468665138327	0.005713668231713976	0.029544611863991828	0.010292825486004624	-0.029743728710067474
0.039098443190295915	-0.008129952771646888	0.0015411015765539994	0.005646169226039652	-0.008774693956339317
-0.005707511285199108	0.017918762895301175	0.030228583495253637	0.008430552448695429	0.017611911741122182
0.011297018750783806	-0.03154262979503172	-0.02215186849858856	-0.03966347474421534	0.0030891836076027655
0.016334827720797952	-0.0464669872003946	-0.014652003876307952	0.04145398399424673	0.009536549149104777
0.013965526828874066	-0.005477763495744763	-0.012771350318064768	-0.00188414962609426	0.024455565338412213
0.02894187863462332	-0.002254507148910103	0.027557996703522637	0.005313389129396517	0.01587482353389325
0.028764405485257716	0.023718246265630016	-0.004125811876645905	-0.011157450420647197	0.02897639985491832
-0.0005423639654884849	0.0179244097835043	0.04547214153882413	0.01804538933428642	-0.008926765205884665
-0.006448069504362201	0.020600176788748273	0.01822203432036922	0.02140904030340413	-0.0432645220741859
0.023714598257710006	-0.01203737261578692	0.004884076825487083	-0.015965347384010314	0.024159525379710688
0.03420742987105319	-0.0034940191590844757	-0.029440412352607484	0.03137223259891483	0.04059091870515946
-0.015618221786989621	0.00226837030369502	0.022212726723259225	0.035095081413757494	0.022244701410615957
0.05200448032284213	-0.03514998850342867	0.005967872869189714	-0.010485612260799144	0.003692627879120042
0.025968378314179842	-0.012535110055277503	0.0052246287816229125	0.03826368984653507	-0.004527924579745256
0.008444606524843357	0.023235632321425007	0.01862972557973947	-0.008426182934046386	0.020743380736932805
0.007779258000092099	0.023171952198089336	0.0010063161501262918	-0.029763614142656172	0.014081895884927698
0.0032987408045973138	0.011080963319692504	0.025261391578193626	0.04636305665957682	0.03208142984620534
0.02313609398641852	-0.024022595023967506	0.008305056325519125	-0.028853107456884488	0.012119112302731315
0.031279138761479086	-0.00787008592398435	0.0034884110117342866	-0.008092555487942112	-0.011786517433622239
-0.025421534110270417	-0.02427262752586372	-0.025805620471737838	-0.002712502780395946	0.008312108982351631
-0.004481580411133095	-0.014684934022260964	6.381225276932013e-05	0.005015937528161469	-0.0029379962701764585
-0.026534695995087215	0.01728347143659579	-0.02388538126767928	0.02422003134482249	-0.01365182774003109
-0.011397668255630563	0.03194492070304839	-0.006935674573300744	-0.005150379585276416	-0.00020819992433827698
0.017699139272553073	-0.016419350404051725	-0.022332936612333987	0.01195927856875752	-0.030244523508620304
-0.0032224969161062326	-0.010227579383180552	0.029023907526770844	-0.019836223788634182	0.02759867434289036
0.01998223750637605	0.012738562226712864	-0.04456814312577088	-0.028265755820612023	0.03722413515780341
-0.022840645116914568	0.0021234903366050065	-0.027245529551919688	0.01073695713120834	-0.03624907805378535
0.016824923337369763	-0.001543640792681174	-0.01351365242476402	0.02858256594222908	-0.009462302597216532
0.012782662291228292	0.011010691145185974	-0.0015403847343834001	0.014970464299059839	-0.0030703649870177487
0.004093695107884465	-0.00671850719653784	-0.02780944269382391	0.028243782855117854	0.010455841975411249
-0.004758742064983366	0.00885207567370732	0.016123673291294213	-0.02801631318104669	0.033984932744113086
0.03137297323367218	-0.008084162630543701	0.009462093482336816	0.004388462410462795	0.02912224936583755
0.03527186154667331	0.057114112769205666	0.01793127100244966	0.02945700795181067	-0.031114064288014956
-0.027144505529151236	-0.02518159334775558	-0.013266856281963195	0.01200468390890331	0.01773478109540758
0.030885730230662066	0.01401516074653865	-0.041194624192150586	-0.0018887619283402064	0.03236140613805571
-0.031519227250877545	-0.06154928028435444	0.03973433286473382	0.031925355869589854	0.02948905520989621
0.003854453257899196	0.022600148638067585	0.029113333256070177	-0.0028448594703279536	-0.012130525658690787
0.026244762254478676	-0.0021417163717084913	-0.006839791788839579	0.013736375631310254	0.013549610583035086
0.04269193387711298	-0.022778924435421115	0.006789934827525918	0.03447063429256033	-0.015426641391694031
-0.027115896501604925	-0.035872761550232724	0.014710821505911461	-0.023894173834329277	-0.04082099334964904
0.006376147224584756	0.05256304243939357	0.0019257350433915243	-0.01631141941116531	-0.024251435382519476
-0.019236823858357777	0.007222200536480958	0.00848119988012138	0.01719606931556386	0.0238785801334101
-0.007675443680696309	0.014524453624960567	-0.004868439842194075	0.006347288565766199	-0.004459906900704222
0.010907338277459915	0.0035531305681690177	0.02654869400186168	0.019331721582043195	-0.003585995017630097
-0.008073268295633948	-0.015475462965450576	0.018443055145552074	-0.004422690776662547	0.02699097025378698
0.011532732169005067	0.013685487515387097	0.004033540295012317	-0.010497159327881617	0.005350644986275405
-0.014842201133888292	-0.00965657252153478	0.053609356544890296	-0.012139269959953528	0.016828166786157575
0.010062358594501032	0.03202263638251396	-0.02355296486338767	0.025777958103945828	0.010858616867183753
0.028300322159383683	0.036203877407965435	-0.011234973412460663	-0.012868265298449262	-0.021438334701735208
0.002425894925076588	0.0063711249839968785	-0.010058489182817505	0.007573038061244171	0.020427847769058167
-0.0343135482023108	0.031952259765811675	-0.014844271992881967	0.018732565639383164	0.003726599438980092
-0.014467546431513241	0.0028142003857623546	0.045741467689673826	0.001994787627854973	0.010953895467146027
-0.007413918936201566	-0.00022422341746689	-0.027487910558012855	-0.025966605858688048	-0.009450295805514564
-0.020407892990836028	-0.014233679919580928	0.01327263674841275	-0.004280605603935427	0.0035638826652310165
0.0090964144316826	0.004994077007107406	-0.015133593530510941	-0.004216146800301312	0.014535247387145987
0.06378663125191478	0.05859969133581154	-0.02184393026553453	0.009301911223014516	-0.03676623497223072
-1.9923453710326503e-05	-0.020263591854167897	0.019650434503548957	-0.027528633940968376	-0.015336148541438742
0.010211514443089376	-0.019449094758905116	0.0015884907484514854	-0.03094613264339359	0.021444369133620557
-0.007434701429122019	0.016891134742928034	-0.02256555049896909	-0.01240535086272528	0.016025448810271733
-0.017811448948235626	0.03659087436828334	0.001420296985652816	-0.023339906257707446	0.024763435924043557
0.006260395543472503	-0.002866600827861836	-0.028617096421393533	0.010559345174846704	-0.0042434580911919415
-0.012200319520932486	0.020274337205305443	0.006420598829652902	-0.007856281681379005	-0.007602820850248815
0.022151121626445155	0.00800427923016546	-0.003104325795635666	0.018805196818175596	0.03122487578307677
-0.002383908618226695	0.0016354104083379862	0.005234337476874627	-0.014928900119988781	-0.033938859187553266
-0.0028245302674455223	-0.017289123969436798	-0.008610881325859854	0.03427701006044216	-0.02381084274945362
-0.013329224179386059	0.03546996326115941	-0.022675040332941064	0.003183684549484129	0.0024135342921866604
0.0011387886364214474	0.009495674455194175	0.01066640609911396	0.028250637849700316	-0.014093440716681498
0.010714198701202415	-0.020163107617986058	0.033419197367722794	0.030227420103853597	-0.009663830103799934
-0.01680984469126829	0.036124322520520155	0.020526931943212187	0.0055509907403756605	-0.0004568881390996952
-0.0023998583343410504	-0.05052751281917819	0.006245083026749313	-0.025264921777390904	-0.0071829823458904336
0.04937595436814282	0.010724980240252199	-0.026029123025760176	0.04066292532660831	0.05600851063026268
-0.01728517814440882	-0.010949801232306228	0.03104351809405085	-0.018509467100928517	-0.017683512476058212
0.007855916170958353	-0.0008892765482699386	0.022510636507732155	-0.010783522687920813	-0.006896103517924232
-0.026209576307455937	-0.0055967927638357244	0.031895081402757805	0.014371526290556727	-0.013747391094314599
0.020089856875818896	0.009161800353799536	0.036371555275326414	-0.0008749926606356647	-0.014911771196379361
-0.0023176702760307993	0.007942604916696882	0.0062145444196392815	0.007402452564197325	-0.00228928337164761
0.01713397786305283	0.007848207184379159	0.032926429984115754	0.016842327185775222	0.006518574362277891
0.01931174760762288	0.016831988311079193	-0.04530693049394622	-0.005799973685610294	-0.0020654264636705407
-0.0010384757002218064	-0.018766759516231975	0.01727946139396376	0.03868012133009614	-0.007880757441265217
-0.0034072160706496834	0.034415710322344716	-0.02065371716868671	0.00967976700770696	0.010014043117958726
0.047545187165781926	0.015005913958922958	-0.014792387880391989	-0.01539510201553394	-0.01351939132927338
-0.03347120115447082	0.021603383771389015	0.013937032778253193	0.010171294668714465	-0.004387600200320412
0.022109561280639196	-0.00619819986234141	-0.02003006304263718	-0.020687631046606224	-0.017081864551877234
-0.02882955040193101	0.05404146614713378	-0.043956657993979735	0.04368394960370114	0.02145839559989935
0.028454444933406306	0.0036238019923103414	-0.0008769576607278017	0.009877202332024635	-0.0020206799106975556
0.026560657532196854	0.024255553380592054	0.002331799466245791	0.027229789671892605	-0.010950637500945172
0.006598291238064375	0.02465314184697068	0.014638973964592943	-0.004004889238973946	0.03758814579539434
0.028009627881331232	-0.0092957758732286	0.00924046599700555	0.018385070891957563	-0.026010950767821478
0.023270799934907258	0.021021960924975547	-0.05023771727109389	0.019407407600382027	-0.019224109642522903
0.015811545244218253	-0.007972898609027099	0.014745067850018645	-0.010312659239680142	0.010874892129319759
-0.01008847636436467	0.02150333524975151	0.015521800241172334	-0.005322522676250659	0.015349292811228734
0.025391892405707942	0.017921276893610852	0.02518701675148126	0.02048256392629291	0.017769597463299314
-0.01398205022861996	0.0246100772295421	0.02143215947676581	0.002536736144174631	0.015819923525485724
0.015418290902568379	-0.007295308623046192	0.007215359079872306	-0.012122301487292148	-0.012520604614441686
-0.007772411945340898	0.028055242131801616	-0.006588623833109971	0.002722335870992126	-0.0034878629527686136
-0.010205928078769874	0.0044424281318704295	-0.043116200432262254	0.019520925774590452	0.03807215067525634
0.046889556686404446	0.026083518500640793	0.02903583982980907	0.008973628975541336	-0.00819537886491849
0.014186725705770656	0.016794858700402815	0.005041858077727854	-0.0002777074808295618	-0.005600809211402138
0.0010394497344817606	-0.015014146444845927	-0.0068370458711529405	-0.014765275786209975	0.0323003043122762
-0.001459290983183965	0.02239281560577702	0.012427502210464387	0.01570684307830477	0.0011584085330500317
0.006881156150608376	0.0002439063164385467	-0.013969751934806695	-0.0060391880213340465	0.02147932108866403
0.02351083404792005	-0.011005170359374448	-0.018875558531906554	0.0348143224691961	-0.005887811055673168
-0.038373511036368074	0.024686960709559006	0.0026508781184076038	0.01729192371473181	-0.010558390886397578
0.02038944851304512	-0.021673248513475442	0.015350019423612051	0.005375876616279295	0.009694572120743417
0.0019172531776720297	0.02218687528583238	-0.026350833053575252	-0.025751714867767155	0.0301386951362747
0.028082545615064926	0.008338060439548385	0.009918481358662247	-0.009705372464871041	0.009587042142809574
0.02892997671811182	-0.0019029749231394173	0.002269954011942866	0.04020331398581944	-0.031702611994314706
0.017287846366439687	-0.020746288906346385	0.030988374034613346	-0.008105150816619328	0.01801510792352721
-0.005854161558990182	-0.005863237578702988	0.006390524737070832	-0.0053057480545743085	-0.004268015571006752
-0.06062949882780712	0.006502762535040488	-0.005062039240682494	0.007400999444864156	0.001878847495166384
0.02528778069450653	-0.004188097941102831	-0.023491449677376534	0.009139902909837443	-0.011693313079473869
0.005800381031050845	0.006932818702885966	-0.03110657977377821	-0.0009918040944941805	0.005864007717764845
0.0021709535607082513	0.03308347499184748	0.02847832698774837	-0.01602864277323042	0.007222361521638314
-0.0029070796203868347	0.024115518334403875	-0.013601270912934041	0.02676055813835322	-0.01604465295150416
0.010644302654127236	-0.0044967891337232046	-0.006489492712608246	0.033340330078174434	0.015221241862794829
-0.005703053155942888	-0.01422473846178272	0.020777069389591354	0.043353946123990066	-0.04332870119708795
0.01945587180741553	-0.0033255302212397185	0.020111651776943185	0.011293202861404422	0.008044248088750606
-0.024387383229022785	0.03919040072731797	0.05300695433970997	0.0012443673942742943	0.0072632694340214335
0.02438340698984094	0.004574473966547339	0.02925595897704788	0.039580123522688526	-0.002382198205308793
-0.012816275295377755	0.03010904761033919	0.0217589717087404	0.017235088882744838	0.017286325331081882
0.020284229457606266	0.011083393366374181	-0.01618048598575195	0.02261302728435872	0.03056051567695639
-0.010556357621033545	0.037079027375014444	-0.0240573967988163	0.0022484885327311937	-0.01747915125866687
0.002570243532843112	-0.008229436208988474	-0.030150561905646567	-0.0065150535515131214	0.005969809346775137
-0.011322155221052444	-0.011759854889392685	-0.01613700972692966	0.00930629354367875	0.012017380306343755
0.036822225976354685	0.024398845973134034	0.016014938472220686	-0.0004937535434144574	-0.005214231354225949
0.02812559811608717