UV/VIS SPECTRUM FOR UNLOGGED COMPOUND
INITIAL_VALUE = 350 (nm)
FINAL_VALUE = 800 (nm)
INCREMENT = 0.1 (nm)
0.49587980879108273	0.4311135041732445	0.4938496492128408	0.4747756863087961	0.4940792602511067
0.48925403632455794	0.5044237683795754	0.486962612532757	0.4878015751153827	0.5053995910459365
0.4655424384462668	0.4728479766209847	0.5075041366821185	0.5063876952358521	0.5182453579203975
0.5103885963211288	0.5574620891264235	0.5189897308076213	0.5372165047853195	0.5870033278645632
0.5354032733598709	0.5686385973336726	0.5714606017436477	0.5550019918013717	0.5910594313346285
0.5780456444257468	0.5846522579012612	0.6290177032613234	0.6106371502528832	0.6229178892834811
0.6208713378859588	0.6420062288984475	0.6301742647358348	0.6549949662667883	0.63323332421829
0.6704527153485365	0.6805723986218467	0.6538006436985973	0.6349048809559545	0.6922792355018689
0.7201302624211807	0.7081291162713704	0.6701313348747765	0.7155493825536321	0.7063975054579404
0.7421284811304895	0.7287589989679933	0.7476996913035231	0.7593999681025372	0.7951795681055878
0.7967920549696716	0.8027880152781602	0.8216904015285005	0.8322129658982436	0.855403951475772
0.8318163736849624	0.8315112554228257	0.8464143699444605	0.8714002908017985	0.8800118014457382
0.8764060223233147	0.907016251348305	0.8567548232888559	0.8871601542978823	0.9230166215406312
0.9797546242104831	0.9389157615573624	0.9485052983393704	0.961835483970092	1.0238759535175985
0.9692288458244637	1.020992537940765	0.9910046727565345	1.0904616969218102	1.0388558805286168
1.0642925970199535	1.1019419594414335	1.1334950549292229	1.0895663575767287	1.095606719465366
1.122359623841611	1.1361518292477366	1.136513997572292	1.1652797955466085	1.1651040559004129
1.184865632849659	1.232364477987139	1.2240888548409459	1.2541262461778144	1.2551595197557752
1.2535875984351117	1.2997419716580134	1.28445082490152	1.2913776909518369	1.2716775319850806
1.340844613853339	1.3525329895019944	1.339910718159224	1.353461798857929	1.4295307771750416
1.4329953427615767	1.4641363143134254	1.4565777131089466	1.467671310308273	1.481650749269176
1.5242907116392286	1.4906140150704328	1.505344866194983	1.5518157294455908	1.52082943638784
1.5705881631367105	1.5736707969095187	1.5318297105882572	1.5901746961428933	1.5833140451108159
1.5988742428554266	1.6177513407161082	1.621124317292783	1.6501872613937307	1.6683665568615378
1.6584231339797655	1.6728955122806182	1.7038637840762	1.6938092315987778	1.688084954403072
1.7380344793638145	1.7625238193164088	1.7046044823564894	1.7724534979634698	1.7656694073424712
1.7594249598337055	1.7770216358825737	1.8109564002047471	1.7889788312531316	1.778898996394876
1.7955144035365993	1.7668893130357322	1.8049465115246692	1.7907301678227303	1.7980191294014318
1.813304697313504	1.7805862096844856	1.800827600367186	1.798454735415163	1.7687641451088685
1.7408523397476325	1.8066481634205325	1.8243800994287291	1.760112992518296	1.7685517680932303
1.7560283899830949	1.7750509902829208	1.7733634719096816	1.7704546804208836	1.7520442167098231
1.7801203616338566	1.7526424851194387	1.7706410540553648	1.7303064985148546	1.7489901003673496
1.7521666761170405	1.679542738348293	1.6978269563546886	1.7133172500364957	1.6673124766271508
1.6699324215172564	1.6223936510963965	1.6537425318376202	1.6482420048294673	1.6148614793946576
1.5907298207480478	1.577078256079912	1.590839244312604	1.5464703505879214	1.5375801289874087
1.5217548550725644	1.512738622001987	1.533219534864586	1.523487950791372	1.4994469385567974
1.4633858301988878	1.4807421646395	1.442611035476921	1.4274411667610374	1.3986699594481309
1.3814540823777124	1.370517381845982	1.332280204498121	1.3836188791360122	1.3271821722499588
1.2681556628031154	1.3075030981826639	1.2963754217843746	1.2927765453000406	1.2244103578039942
1.2289612513668424	1.2243141159591848	1.2188391096537732	1.1703293063512346	1.2134113999720226
1.1832728166999944	1.142666567193927	1.1458555343919838	1.1464425542803485	1.1422259106771429
1.1053543273962492	1.1206316855161547	1.0622771126277917	1.0753211494923218	1.0575391621073074
1.065962389781923	1.0425782656799272	0.9998680845622673	1.0098502758428374	0.9582075703733257
0.957331424144144	0.9312815789167844	0.9558136449334841	0.9511844526171847	0.9352422850128882
0.9124295574178106	0.9054668147439446	0.906849510005348	0.8613569510630813	0.8736672154463081
0.9325022811318994	0.8665514764362716	0.8539663628943087	0.8520925472827797	0.8320734894011931
0.8105409700012348	0.8187687800751158	0.7914160060028984	0.7688850333800182	0.7706114202435088
0.7930338058187707	0.7472809821805354	0.7617877992069882	0.7184793796379112	0.7286000919986072
0.7723850367023688	0.7021099646112263	0.7125794005111104	0.6899641164973365	0.6499072032245892
0.716674536515138	0.6657911136362804	0.6552511566243585	0.6560170371975785	0.6261531370509331
0.6268396980225788	0.6018743309174572	0.6035797441907761	0.6073862517010968	0.6009325621292747
0.6094485356178668	0.6085308788224688	0.6270303259272114	0.5794031583667283	0.5420518409371458
0.5967746788336158	0.5800472031680802	0.5482981646526635	0.541646907910956	0.5380776570457919
0.5521208867055466	0.525758277623385	0.508124964441206	0.534189218929552	0.5534597889434429
0.5197117997370803	0.5230810456211984	0.491122412728584	0.45457492550521755	0.488756828656994
0.4841687680011944	0.4342003734538922	0.5056266546525063	0.4665137170683647	0.4396229276488186
0.450197107381885	0.4479089583200855	0.42848024156714437	0.4478044593797471	0.39830292524233135
0.425400987218171	0.46499995819402307	0.4448334759931879	0.41882679204381756	0.4036236472128136
0.4192704658354323	0.38082174958489456	0.4224522484979536	0.41977810955141226	0.38176547390275706
0.3666009344581956	0.35079659193122126	0.3697098192841144	0.370651284915351	0.40167970611427944
0.3342402421565445	0.38202578676331916	0.4155823224423171	0.38496477129266865	0.3489254551523349
0.378247055972403	0.3391368593882978	0.35932647095233283	0.3485922232394384	0.33457558335935506
0.3750898787855024	0.3195392357658515	0.3735512340863072	0.312907684350094	0.35086750984021103
0.32383717744802354	0.304375906359435	0.3146681600925482	0.3021823099229137	0.32958795709906
0.34736003792648684	0.3643328191042018	0.31673786309122076	0.2983852530060454	0.30863375762809575
0.2610000106896963	0.2744250922777192	0.3003401201308827	0.2926922504930734	0.29857249207717523
0.2864562577757864	0.263242533297376	0.3067351036722664	0.26563103136228655	0.29743170097251226
0.2709112803410167	0.3094763344917744	0.2717733632402342	0.254620873537622	0.275046661861029
0.28863445005765265	0.2690802331184997	0.2788988223732176	0.2794404591610318	0.24964104827913314
0.23582377625180367	0.24219854213036945	0.2735436289569457	0.2617510679605447	0.276699363361906
0.3022692128019651	0.23636019795751512	0.27362090062952404	0.23280076683936085	0.2375253720363108
0.17473550657027812	0.23029582654129507	0.24775307072967748	0.2318795901913257	0.22664380610075993
0.23326641675306609	0.2403110626227567	0.23592657223621877	0.2004699379413005	0.22067386729814145
0.22928270931057573	0.21683120035954404	0.17319655502975864	0.1549890124169266	0.23319733735847975
0.2362878285836884	0.20173878973298737	0.21364294977353002	0.22494712044575194	0.23221653863432695
0.17849563686570807	0.21236595743350986	0.21754025136683058	0.2314077070195642	0.1981786440423143
0.19583251801860094	0.17377146395416093	0.17499680669769677	0.1508241403428388	0.1958730263167387
0.21943852556621068	0.17940430864287177	0.18489510808484172	0.1584138930444844	0.19353064120642371
0.18321048861918998	0.1717429200832118	0.21074350769731373	0.17009103719182703	0.18895030084053985
0.19043035253192184	0.19963227286935492	0.18502506439149752	0.15653133425894009	0.19426912445440794
0.1838353342515796	0.1408697792578921	0.15185486570658432	0.14860919195163821	0.18046188038689148
0.15574251517203466	0.13075388229638904	0.17288123895899732	0.1222614959630748	0.1887878606424132
0.14788998069910989	0.1570135455522337	0.15768955188532408	0.15525538104540515	0.14850042075022474
0.12028780349179342	0.15778780325407857	0.1223874460201845	0.14987548174653859	0.15298736884003986
0.15245182698428103	0.15902300031949093	0.1308730693228907	0.14578453293505764	0.15328705142091031
0.14632073846292087	0.14585177222755144	0.14416625555782264	0.15884255393858135	0.1405207276912401
0.1531410309056893	0.16569033539561806	0.12074607339494245	0.14468414116196698	0.15962189999913118
0.15276786716576876	0.1512995947053948	0.10544284720734988	0.10130218546347085	0.11388139309974858
0.13363018969836196	0.11456793309571008	0.11847745297090614	0.10290115092052313	0.10590913961909472
0.12495589146525114	0.13262466019398053	0.14939423217618186	0.13816548640542467	0.12178709181745923
0.1003764780972691	0.11506856157926121	0.1560565821880458	0.09146851380551076	0.04577798142528971
0.1301092345235628	0.1054739553734418	0.10210342828361561	0.09672211845907468	0.09190026525616116
0.14912698949534917	0.13122465300650352	0.09418726404651004	0.11517026773142253	0.10042785006055034
0.15739307683189657	0.11240058686354741	0.11817952271946745	0.13035590754750404	0.15662243087137473
0.15797594102965584	0.09456329372491099	0.12280008214464377	0.13082771825779188	0.10625925084977937
0.10143243856736722	0.14589229286681563	0.09194286204322087	0.10200561921461873	0.10464168869156217
0.08809029608103895	0.09034236606482854	0.11671266006820033	0.05630027972626107	0.09130693279806446
0.11614823448768877	0.0766863714350357	0.13375935274904033	0.14415239485361642	0.11944979759256305
0.07436363212577234	0.0786925631005847	0.10962729843042919	0.09324664537129428	0.11904964211803694
0.11447121837887812	0.08881833703771326	0.13976093998982006	0.09659717877183326	0.06453738698286317
0.1020284453340674	0.11627191611172484	0.06369115070959654	0.10149820508255128	0.09652620045676215
0.08274084526465397	0.0917079410171141	0.11624515275846463	0.07926873945085298	0.06426842989121286
0.08841204126129085	0.07633687294855328	0.09753832464194553	0.11853719947362228	0.08638821502520161
0.1148554985554056	0.11499042276214347	0.11436312262497046	0.08368400659111902	0.0864057928137703
0.10159088663401127	0.1405666609382373	0.08240597132045291	0.10162673915741184	0.11214558689955473
0.09291888204517026	0.09229701151068012	0.11046926766986863	0.06828056060109906	0.10562762199630038
0.1199716680971192	0.10146858074681878	0.12974591098071955	0.11162594576094723	0.11653761863269935
0.049550484641045014	0.07472004699365839	0.09380191828436639	0.09076097470935372	0.10772010893505819
0.07048987436943835	0.10817953869344454	0.07201077502595753	0.10114018829177829	0.0906096746272365
0.07548970349303052	0.13088229636802495	0.08156029584358306	0.06706055320572335	0.03045836277922677
0.0878142300196687	0.09678297450018153	0.0633381580844892	0.10426539742351958	0.019784065870498475
0.12254203593180271	0.12326125892537004	0.061890869219797015	0.04111626756130128	0.04815693962061354
0.06946898756401687	0.05442727265613951	0.07238386159139383	0.04578522739210984	0.09400688170257106
0.07387941931261122	0.07657837596399937	0.044109009034028826	0.07496931308942954	0.07735121289814838
0.06987899615558966	0.017861276221442533	0.023926454356093987	0.09822590417021948	0.06090711486921953
0.03400812028654528	0.07028071039658235	0.035293634009002005	0.10082698002160607	0.06476932557161964
0.0579507539460125	0.08671017485210095	0.052445375402029176	0.06260139871336554	0.10570739622776813
0.09244068518630998	0.08552563880653462	0.06221455298184774	0.05638909269732831	0.06986558952346779
0.06528485823809657	0.05154128016828033	0.058209839032700175	0.07242921352748061	0.05295286327887527
0.08489222894505054	0.06823015515342477	0.09022510788979492	0.03459176327548876	0.07656003748500093
0.07404466833779787	0.05941698285367186	0.050417239142670815	0.11687726356728352	0.09424772305300703
0.08035553421233413	0.04497813172660731	0.07514244924776844	0.09705248445888118	0.04619811925495767
0.098297199081136	0.05568752490773005	0.066591800997168	0.09029386940833373	0.057186259192848
0.06826704287624483	0.0760878116459747	0.06689842705540898	0.0837617283613794	0.06233824772838424
0.06632589092765487	0.05027511209065912	0.10185895278762461	0.07443504289847236	0.06964136199262094
0.05252212133375048	0.036541859092672505	0.015090590447557386	0.07102680537324679	0.07815656994485023
0.05422268067233934	0.04140353511179415	0.06679627510235915	0.044859354807761764	0.06406943921075695
0.029151766680606962	0.08742244777535528	0.03808098190421805	0.05683194931708383	0.09609586946295974
0.052652661461766545	0.04558278523844163	0.050961341436547396	0.046360700974037626	0.08287102546650385
0.0347976011050429	0.06431315011822553	0.0980959525272546	0.047868296251092055	0.054229898957215326
0.08522523055837175	0.03780905054238753	0.03063492777461932	0.08414392060268436	0.06554313748066622
0.044718006948706666	0.026828417074364907	0.02235056336267298	0.08238077512901607	0.06515405494160266
0.07009784322473384	0.04081565592578978	0.04947800251326841	0.045503849977156376	0.04897737785451425
0.03624161346174698	0.07805392662652023	0.08412161720775414	0.05416339823589932	0.08057251613017673
0.05024157309480864	0.05148744815578199	0.08295790659197977	0.09492997985967705	0.07762197636798343
0.052582059092565435	0.042711028350408874	0.08295357334138553	0.046798817546622275	0.04506313487638842
0.06492324150001828	0.054351599215822236	0.043293272127194735	0.06478172880012881	0.0669790875630331
0.0320909260743405	0.03741818937541112	0.06161557462500361	0.04281386133088571	0.05723837631300557
0.021704201830366022	0.02855246022530119	0.04176349903848831	0.08035865783287968	0.048624216156944004
0.08913527169845892	0.06119501320126132	0.06161247324706012	0.029955939175372436	0.06683194172320703
0.058767871371193464	0.07834595570770776	0.046490419839764145	0.0785124119185948	0.03425603920240028
0.07448936099360938	0.04499912703653771	0.04347071126658251	0.021623016426378445	0.000358437589228682
0.011754765648597518	0.015052525551700311	0.04188303586359317	0.05374813359210791	0.05858133995773161
0.06084043594056863	0.06727366603902228	0.05387122810696041	0.03032781038506968	0.08045627480767728
0.00550434451744325	0.022138946128287377	0.05313715560843077	0.04524460190813971	0.05980477797386665
0.058143966791614515	0.039602249170917515	0.06808662556201502	0.03223015012241641	0.0014323251082238187
0.08771653040083799	0.06451394055994772	0.02813305374365585	0.05575904063166023	0.03260837283790085
0.058837163411222554	0.07447540400418497	0.052198448426514575	0.035286550678627016	0.05517666085170238
0.017759503432865382	0.05905239853198363	0.026376330856204666	0.03523570930074466	0.06361571586385234
0.05768096296313171	0.04674873643044391	0.056673822807908635	0.06778512450659474	0.06106198453326983
0.07077792762673131	0.04774926221385864	0.05835058242079461	0.05246171482266572	0.028314663086371577
0.04052476377891706	0.0225601875235627	0.09392048171982714	0.05532675193672884	0.05843567417958449
0.07528272528292561	0.08901366110796712	0.02488793456270369	0.04541240980154774	0.04400905045173843
0.0434306280329217	0.05952162873061642	0.04345377338271347	0.07923672741028885	0.015215518668203061
0.048300483569357025	0.02837635788720711	0.05389640487641836	0.060527312649279526	0.031189278704257875
0.0693898504029321	0.03477331614468127	0.06517740758592121	0.050611564526463704	0.04050231785986611
0.05647292839518896	0.053051784759603024	0.04742590034821903	0.08454755043005348	0.06430906026932316
0.06323562590900711	-0.004226437354787477	0.013749008844550064	0.03596154419592009	0.040689328949182764
0.07303586661784217	0.03592943204722554	0.04552910273884461	0.06476282250248258	0.06203859524718453
0.046672238063536015	0.051306976435144126	0.06194506546630362	0.032107613758164275	0.037718880309196214
0.04266935399391983	0.054615166205086337	0.010971269950444056	0.016784367858609244	0.06615187039241541
0.04338401078845311	0.03460376028908077	0.06175925231397614	0.0017101490047505812	0.04084111557031108
0.07063580846753052	0.05463758834490691	0.07468270086209855	0.032911584609981795	0.002633210543155827
0.051775666319042596	0.03349496248314454	0.042944079655363426	0.03096272376463892	0.06236460812344142
0.03914630883157511	0.05403091969999904	0.08125121321268189	0.043470451796899755	0.049183030908627294
0.01548175121153543	0.03395249174851132	0.07818824743166077	0.042360698296824095	0.02986284699798447
0.05878197561815688	0.04490720993445867	0.08191478931253167	0.03921716149812528	0.08017764794722827
0.022795282356971508	0.07546794516660825	0.044910661157690455	0.04166661375770273	0.05260555187212545
0.05061931132605378	0.06552082011088482	0.062222455332249994	0.05494810137930507	0.03454408264081503
0.027517757917171714	-0.0004319512008753546	0.03423719671762997	0.0357148185873036	0.017638793269301657
0.03605935367688902	0.07530915545401569	0.03504199803158581	0.03677380998935818	0.07005287066559791
0.018824691385616557	0.08200395295844166	0.03421667428865992	0.010919934382938448	0.04381944886451638
0.0336826650502455	0.05713673538216285	0.026862272850778243	0.04004235236537583	0.012899722874973617
0.03380163793325422	0.04056878744776523	0.042916858058345844	0.03285363992879357	0.04041208525770783
0.053667330608329664	0.06072080538709236	0.04000972889139646	0.04046193608146389	0.015525681904292652
0.05681990729782281	-0.018339140951112148	0.03362085866216838	0.06279627770220579	0.010778359134932466
0.0210016038032384	0.013231715840718961	0.04555801911097424	0.05322602920707242	0.06767118446772565
0.03125462111310515	0.03999760211435418	0.04401153593835269	0.035349193008345284	0.05370117639484988
0.03973855729705997	0.020660619313389167	0.015856000744526394	0.03019734474409142	0.04357718172575237
0.016092013880599183	0.010103149199592657	0.04321303009305121	0.023984790541928723	0.031984731084736054
0.05412710946826075	0.07000120588322152	0.03617564932532284	0.014557529488067714	0.049820229648454104
0.07700084454457239	0.006625692037943382	0.055211372212722466	0.05604163253678329	0.05562429167887552
0.014806039104261095	0.024700201099154648	0.044436606133789816	0.07864211976401636	0.029095445553302582
0.009456558434896453	0.06618198726876522	0.024849833152365535	0.07431552489144737	0.04415793607187739
0.04415427983228238	0.031102264183721282	-5.044250169690574e-05	0.06161203821236338	0.046340178339719595
0.050844752318110885	0.04113732975107169	0.04697402362845596	0.04213399933114527	0.04935656080849599
0.01304526655382424	0.05005140280506841	0.04065652629048682	0.04149532805162628	0.03287082357590061
0.0553015621552239	0.043710913564058256	0.007207278603783089	0.005780659160516324	0.01646641471493395
0.04291973913816071	0.054995205755960855	0.020833359729044706	0.032365028954307644	0.0543935748853818
0.08895636239904797	0.050224163513453025	0.06289221895645622	0.08319061352933617	0.03276189086190304
0.031812359303829085	0.05424530799364763	0.047867996992043374	0.05423939497953981	0.014530119111712305
0.06402480276926259	0.06687172422745088	0.01872993359215471	0.026502029087586934	0.007136359493955185
0.010134035627901028	0.03194458462295357	0.048985663095840876	0.049825227839789515	0.04240098444500183
0.013991390789110356	0.016737487173282016	0.05264716223980985	0.04443579499702063	0.04594195785164734
0.01169324829454764	0.06319005311290064	0.03590718687065889	0.05775234595953359	0.0009150692223676652
0.04207113700708636	0.07413183117788086	0.01652728710423674	0.08281739827514022	0.0031227307450211877
0.06576377444528728	0.07295163259453671	0.027917461119151818	0.08447586530765275	0.02669387473580141
0.043052172574815	0.06262802971145078	0.014674770331209569	0.06537630741835032	0.05483994232551565
0.07421726238082166	0.04418309645466814	0.06267541488705265	0.08700880249710582	0.018388971146859848
0.06518063450211949	0.08750939128014343	0.027905895870826453	0.0418154695820425	0.042249991039065474
0.0637245679033127	0.020278906675898947	0.04545793872856281	0.04418742102837525	0.03782886681213829
0.028865911826179914	0.02132483761947962	0.030689578164378135	0.07143225061775996	0.04350392782388473
0.053911101346246625	0.03621479738604916	0.032824327839840434	0.040423579268441125	0.038787289506162316
0.024796282539230052	-0.00019768822231265408	0.06822265466774816	0.024807194287196604	0.029539896996265316
0.018073169283655734	0.05600278472526794	0.0760428943214279	0.02248499060694496	0.054423284235659404
0.03587275488491823	0.022230524274768553	0.048094925818659984	0.04970144059759032	0.01883330092773009
0.04209841635875517	0.029486017992477527	0.06694626754553411	0.07432256616113198	0.010110939161561604
0.03779008212809668	0.09481508298596072	0.06415712060302237	0.05151488359782945	0.1002966726672843
0.0193145660652764	0.02906463205838764	0.015740944659701137	0.018718950585890105	0.07935248127661333
0.022687518057807974	0.05165340475315401	0.058614172929908885	0.06641673194634176	0.022395090233088503
0.06252283348653938	0.0353356945998701	0.02964263147405392	0.038577304332411314	0.06258181329151316
0.007695523788250814	0.07880272822661677	0.04759538156752972	-0.0035149052646010334	0.009176060038501044
0.02340931990974809	0.031002322813798982	0.01295892985095935	0.04611932812246332	0.06977635726834235
0.020491436672677537	0.07096612078869192	0.025364711011043116	0.04965935868022512	0.014679645312314086
0.05676978089360058	0.04810100466275894	0.09600437782156822	0.011673901793270002	0.06331170404047283
0.0016032438593517953	0.047428976451222994	0.04942097847574181	-0.0022359060533495446	0.05338551625520383
0.04956973706635957	0.042549438010831706	0.04491656227600326	0.04435786705617035	0.07163336865231132
0.058836993664050014	0.041689817745411084	0.010254850726847118	0.03730753622293835	0.04802620689733093
0.04424557075193127	0.033351387655854436	0.030212356247561974	0.05462898622024346	0.059233583824352926
0.05140150157980458	0.05866880004523824	0.04259711082784734	0.005520372491082817	0.03765765875588652
0.03485569055354012	0.06477452966632649	0.05241845223888314	0.04305844870277635	0.039032525493048455
0.022691414019758552	0.028847668810370646	0.04918208230097557	0.06810640508846236	0.06700632811092151
0.06065008676975707	0.044553545838574245	0.06142096326358059	0.046533319713604505	0.046179312374221584
0.06505065360617512	0.04513331747778708	0.022291519973826186	0.062189105522547826	0.06438956346019455
0.06517105063258218	0.0836915186411468	0.04441241855205631	0.04852410651420719	0.034713613867142945
-0.0024609809793864137	0.05412807579631533	0.01701054214826953	0.07324526198606521	0.026712452375573327
0.044078857438597414	0.050668146234742174	0.06112102104782781	0.05030932265792829	0.05523921963999392
0.084567509363926	0.04911060971784241	0.05841395782522168	0.01977452899456502	0.038335984834501555
0.0018558566442966815	0.04030761002188858	0.08028325441350016	0.050738832492679416	0.03000606592253739
0.04289692071769726	0.02146870461170892	0.05853090605508218	0.05641144297323717	0.028953474494373174
0.05422863685421426	-0.006657599649301831	0.042356916390906475	0.0680270628560609	0.06595711104432554
0.05591366634671155	0.06418198197435332	0.04576004989165177	0.06314677073900339	0.07367360151412086
0.07892860660648222	0.09119323697235861	0.04039444405413033	0.056620433632594565	0.037837358081227165
0.03890044801312614	0.050542851456351595	0.09045310097033524	0.04416475896334869	0.04644741338617754
0.036160613716858164	0.07508822960969178	0.058739179340853445	0.08558644231984669	0.0515909971681566
0.10749597060060802	0.05356865768419121	0.06375800202126927	0.04267310951082514	0.049258830951249694
0.03490969646160356	0.10127742529591366	0.06945160000917719	0.0640262068794414	0.030185401003499045
0.005330491350944466	0.06259173610045497	0.0715099975969566	0.061193563303011345	0.09053580864180347
0.0655403021244043	0.041188614675117204	0.04197412864622344	0.025863471839658123	0.07618439189306601
0.06611715496463001	0.06647779265469693	0.03555258317442515	0.043931305370709425	0.04511605163385559
0.08751026080524402	0.07711260827637989	0.027262395884639454	0.04218333103726727	0.02442227421457371
0.06515501396038799	0.09984184669268087	0.05013812848365225	0.06801157927966844	0.08059214071652851
0.07812193214442409	0.010259750583512969	0.023573767114538013	0.06965386760515399	0.05480808070746505
0.07354676873556432	0.07605020154300375	0.06413315725403518	0.06949561025417728	0.08182996733981834
0.07485321817036009	0.0665383215109511	0.07235430335413946	0.06516912610987151	0.07708878290268195
0.0771886373899453	0.0794835488182998	0.026643871260798528	0.03776728195851107	0.09583782018055295
0.02836229967759432	0.07540925752014196	0.06481403317632342	0.08911484179743305	0.058162841589146336
0.059943425842488296	0.10400929521085106	0.07645064711064621	0.07313707579067989	0.045194536573142506
0.06382149656200337	0.058646004751134184	0.08254238134507881	0.0734381356471613	0.048511570394831005
0.0679903009812417	0.07455069671609386	0.04600888759358245	0.05188641216759899	0.05415112960155345
0.06810310046228052	0.07174301193073393	0.08814146915271982	0.0995283185993833	0.08607285563325817
0.054544168195079734	0.09198870673905839	0.07231871456857462	0.05084337817586491	0.1018913453493381
0.1149241076434848	0.06273125885458647	0.053716705918849326	0.06138036140152367	0.0752731675404988
0.0816824288880229	0.08672518255355319	0.06352293563233843	0.08376436030334139	0.045197080672279275
0.07902771432210823	0.10687731202720821	0.07756227826669253	0.09418516833050619	0.0897791640348189
0.07825174065159636	0.03987753698416959	0.09387454505073255	0.09937521072281089	0.11298620417977517
0.06877965524863909	0.0217600179591471	0.07490880891519003	0.1087192732788282	0.09270470513166065
0.0571939443168151	0.09503709115950486	0.07031703453945899	0.05957734594422459	0.06814975239078584
0.10283609812028516	0.07706497713371856	0.06201823653782028	0.06992915622167328	0.07501296706055208
0.06368283818390764	0.08680480620149596	0.07521965719902272	0.09690286259708622	0.12676541329395738
0.06570191571847708	0.06488558905775292	0.09912828173928694	0.09187124596853245	0.08812093630527648
0.09764129896994289	0.08913449954638054	0.060067441396325784	0.10987889249554107	0.08506195657606173
0.0644192018349082	0.06050694372758233	0.07367148856880273	0.09792868946040516	0.13902961153197332
0.10042812442652599	0.06843174796275181	0.10839277109544856	0.07660883932527919	0.07877989365130397
0.09422107426365388	0.06463348787384424	0.14234267348463547	0.11270080874222749	0.10437196873670307
0.07594813081616261	0.126108125069929	0.12564612923166338	0.09434645545347378	0.11760120840337684
0.06710771644699709	0.09636548256556472	0.10033190963785617	0.13484501042885041	0.07178867955873101
0.1334520586903401	0.05267543710105335	0.10756594554042581	0.11802877620292071	0.12848050233608524
0.08227746414078868	0.11343499212045904	0.12966066806018603	0.10131954441389208	0.10118065013027512
0.14763380845922178	0.11757005185102351	0.06501195093643508	0.11192138042081766	0.12183301345164843
0.0803834532553046	0.09246563452301065	0.13966429661130247	0.10851932800371243	0.10872736464918248
0.10937170393769492	0.07500760075607704	0.07948182844140025	0.09633542533787663	0.07793261681105564
0.11612592108008589	0.09159567300158512	0.11276498979325933	0.12253796359319939	0.12225609155241657
0.11127790555486076	0.11747137268993428	0.09162438768193391	0.15010108175200385	0.135759515417906
0.054188785327348124	0.14087522088308452	0.10876839562954016	0.09823537026785607	0.12584202888678447
0.1267632288292015	0.14797031118709447	0.11625028903111455	0.14314207227752798	0.1163931838555665
0.14119546413908549	0.1266694987605093	0.14833591743413277	0.11543613447490036	0.1471761123997266
0.1586590612334568	0.13301201903103246	0.17364295730115092	0.11972977445898808	0.1252310656064756
0.12996234656019998	0.10485253644863958	0.12089902463583661	0.12074805428878196	0.0945877031281271
0.13330982776420341	0.09572204221788341	0.13753214648457832	0.14996478415747516	0.13590174260707047
0.11531255481603199	0.14257085537025285	0.1198473010947777	0.1222198364586947	0.14274373689681838
0.11207671694388885	0.15033265176736274	0.16908389071085694	0.13797899785697046	0.09436856371706048
0.13571886314176101	0.1496262409663011	0.17486344783132976	0.15791726120427604	0.17039041770759675
0.13724270729829088	0.1597838791912006	0.14570188701151598	0.1484120978878743	0.12183672414310576
0.16434832126272605	0.14704799968723178	0.19287578218123066	0.1331282321774599	0.16917356901760486
0.14111534515414728	0.14005986838639584	0.15771069314384092	0.22370261927300297	0.1550882179288263
0.1737560414448693	0.16830568660013395	0.1475425767100053	0.1409931225026263	0.18816479755043017
0.16979422742405664	0.193328767711826	0.20241236122032788	0.17098897783333475	0.14440883631239587
0.23482642396953868	0.17582385821173982	0.13701417804675564	0.1619005097278554	0.18160967937913106
0.1532609070692589	0.19771941877462146	0.22011902845337067	0.2005305200270871	0.20068518756371675
0.1890106689094646	0.16917261783161963	0.21056101972365193	0.17770065027755458	0.2053338334081351
0.20872847036767259	0.20177248636839845	0.21413440575908116	0.23020795507402328	0.20641724286168647
0.24818496255668965	0.16163348151708684	0.24534717424750654	0.22370484164308607	0.24913453567338334
0.23590087441632945	0.23331880638690522	0.19520118483910898	0.22279459087743675	0.2143222529718489
0.22689456466729913	0.22800057350623334	0.23862859769470535	0.218218853168823	0.23505374723220235
0.2502200605561371	0.25784935047780316	0.23780659066675489	0.23983343597285123	0.2594353161160401
0.2552346959037636	0.2421847218706804	0.22180121389127352	0.2352348438069832	0.26843331801107484
0.23603775845576797	0.2339811151420831	0.20701311291035754	0.2607904234469444	0.2443275112461445
0.25078535299204174	0.2398949199787019	0.2535533143909217	0.2626078836548219	0.2547484602041114
0.26957898173012224	0.2795650694981333	0.2534641468741983	0.30233200326153475	0.2669195750368607
0.32819352824436165	0.3179882672860022	0.26980566205908585	0.2922093780305428	0.3190159284413058
0.31577324709068083	0.3248198843375397	0.3227891708626922	0.3042625031115593	0.31472618906925504
0.32300883429774824	0.31201140161586743	0.3197848340001076	0.30118919322631343	0.3065440686998689
0.3160183997665738	0.32887803180655456	0.2981354135944007	0.3286367749251148	0.363061910356155
0.3103765338103615	0.3510135058612659	0.3617710750163533	0.38079652200861164	0.3699851544876255
0.3599928168514767	0.35468442241488557	0.34205085151926534	0.38576824706362156	0.36461997155874815
0.36918765839519074	0.3522436634535798	0.36462449382015133	0.3787506979808427	0.41780972224828566
0.3646412696566499	0.39478566958086153	0.38406348432075105	0.3929202490784253	0.4389804982367339
0.4153142805324521	0.3875700246352209	0.39480564003999274	0.44756546516962264	0.41766123193729116
0.42259943131723643	0.44999509145706046	0.4695845978191058	0.449025578909584	0.4487264155805415
0.4675673225951375	0.4444310443754469	0.49046573282900563	0.4668436551371441	0.49818297183694366
0.4942238122475832	0.4706974187416554	0.5487619376370969	0.5202513778440884	0.45760604064250754
0.5163742852790906	0.510260986505961	0.5291553687858108	0.5343978817204591	0.5169543019650303
0.5098010814276479	0.5402379740857136	0.5106613682526148	0.5546163340373383	0.5396752737667107
0.5667090869593406	0.5315026700441899	0.5772154627696943	0.5889692366926127	0.5586420205945138
0.6215977813962921	0.5708571404108078	0.6019335898211341	0.623468903060293	0.6003830153112447
0.6593476290913651	0.6089239691867173	0.6183293139601591	0.6900711794563454	0.6355099502323246
0.6550155369858585	0.6786729739073238	0.6783388783657653	0.6669512058051876	0.6985088620002666
0.6876963501371167	0.6922870730332703	0.7280179924468826	0.7206475714544577	0.6872763543534562
0.7316309956681161	0.7021021306560444	0.7708614223106564	0.7684952184620378	0.7908581115350999
0.7714223617019702	0.7757493563535101	0.7915723633740602	0.8295581377398803	0.8528871725741686
0.7956464601003816	0.8172121774691382	0.8075154146027439	0.8582493765984714	0.8340598062922144
0.831736719970323	0.8420064533405023	0.8846470912039207	0.8774518694082548	0.8685760198084491
0.8735095234036372	0.9420609141099118	0.9310846971927951	0.9429965295096314	0.9684007984438368
0.9735894047813067	0.9632138038703937	1.015621645143388	0.9525091117686836	0.9974487035069707
0.9939220491820658	1.0038749305981385	1.045306675070955	1.0458817495243262	1.0419018619304383
1.0860164329586124	1.0920992187895084	1.0780467865783856	1.071493901343921	1.1106137619373635
1.099766086114534	1.092547920369287	1.1170189394482293	1.125662122234073	1.1483677782509882
1.1060137161106574	1.1766182392682094	1.195025079752189	1.1725376776056606	1.1591804510626034
1.2143254669000731	1.21709768073996	1.1818306288271425	1.1899825160129562	1.2315342851121
1.228622126522347	1.2237831253170472	1.2570462321617184	1.2970868575039003	1.257995785759143
1.237074639089097	1.2845087774537503	1.2584839953548603	1.279842229719669	1.3038358152451397
1.284457103054582	1.3467216995210896	1.3123027021779412	1.326432476811601	1.2929138058991607
1.3276380678241497	1.3406988042116779	1.3599077601805616	1.3207717304463789	1.3414584998785337
1.3212135180515523	1.331860722269525	1.3618022677776542	1.3680094039139343	1.3736011784047277
1.3422758848529202	1.383002731070268	1.3637060072928635	1.3109148894814018	1.3560977179454021
1.381565332721045	1.3276256367655213	1.3653314541636894	1.3740772440041815	1.3104216013911987
1.3376523524044257	1.3276404153289463	1.3552209782547968	1.2841463390612142	1.3139358569037936
1.3597494518233604	1.3707204273287978	1.3332440829677963	1.319021103835969	1.294994159881463
1.311217278375577	1.303502285824897	1.2719675304015843	1.2835463859374237	1.3073972410630457
1.3073486583082092	1.2665137822861436	1.2891624143225269	1.2667217177564836	1.245051993790389
1.221608383132171	1.2400807218962775	1.2498997657203588	1.2347179339503351	1.2059712862166745
1.1735985973123677	1.1823263244804885	1.1740059581421454	1.2335540979833717	1.1984833573475246
1.1762430021638934	1.181370525882499	1.1461278259445025	1.1845029497140613	1.1179757563700974
1.1092087900307206	1.1206926144935452	1.1225883323693413	1.1291413826596661	1.1196919520215924
1.0947063506937704	1.0765805717534325	1.062718654122189	1.0525096740417936	1.0317030216782073
1.0009092553127499	1.0619602099392018	1.0431938761000537	1.0328862135084043	1.0098174825366621
0.9544859292481338	0.9662788653299382	1.0036051082482347	1.0025530616248373	0.9691669841532028
0.9275382847990236	0.9032124230951568	0.9427162730140528	0.9036774306036305	0.8586015773815394
0.8851732403803709	0.8976033571357639	0.8832508951232576	0.8582883115367064	0.8376904915320276
0.8576737790317144	0.8229687644150805	0.8475293454122481	0.821108086795288	0.7829194943058331
0.7962634800603151	0.800879892727882	0.77781801182856	0.7896708328733946	0.7578785522498743
0.7810486488373233	0.7658285831583521	0.755087644060854	0.7290799356879581	0.7117881199832496
0.716524275013352	0.7200188252963181	0.7259135605252962	0.6840925287110072	0.7336584208830613
0.6729283570787761	0.6364503970043548	0.7050308166972687	0.6932163614115359	0.6338423312763275
0.6659772662221052	0.6251084474879359	0.6454035891229221	0.6665915305182689	0.6368639443612905
0.6335977802593771	0.5988653534214825	0.5766690170224058	0.5803578149975204	0.5910800358192166
0.5990428004252192	0.5608141201026663	0.5936642073693994	0.5664426084587578	0.5318134037106375
0.5816824169554093	0.5261808891236541	0.5069826171541153	0.5037813791860055	0.5461922964098309
0.5308405456027471	0.5120633314410904	0.5150534936306602	0.5239557911461405	0.5015904367427027
0.46801022658861857	0.5108960971578683	0.45704193830273504	0.48214184500942814	0.47879494902293335
0.48377879851583216	0.4707885231981662	0.4281513399364554	0.46120109877483784	0.4477311918510492
0.4613866196970334	0.47833143095941366	0.42048581043737887	0.4289909451665406	0.3949777272350624
0.4327854989513317	0.3985593765676749	0.4107450054305169	0.3920122469402565	0.36664960677950836
0.42640774694266453	0.3938600239622991	0.35613129942860855	0.41442857132191063	0.35987853186931434
0.3623574561649285	0.37574025679536543	0.40161037148597645	0.3773861122357646	0.3318279175851221
0.37540203283885293	0.3684881321183775	0.3578389056947929	0.37285797808943205	0.3285260948807526
0.3597559404814093	0.3733079860201652	0.332752888369593	0.3269389565639031	0.36120906508819167
0.30260750374409495	0.3201231096144933	0.32810666772078356	0.3186465678736408	0.2885134205161664
0.3653732506712863	0.288494271323091	0.31410033871125015	0.28297070910714045	0.3081292845491693
0.2716402144597793	0.3518794086066263	0.3237120011150358	0.2903214587923003	0.2747120931581374
0.28429415289470444	0.2930181837096631	0.31558862782676267	0.24540444545021697	0.2977872793728073
0.26242789097841696	0.26578789168059214	0.25886748060072484	0.2806513808437311	0.2706787976161231
0.2558288525534177	0.2501357163778031	0.24199618547615917	0.2823345653992462	0.26219398772099833
0.31037896220253114	0.25886680999128275	0.21589109762835854	0.2691382640363663	0.27995101340927214
0.2274266479400411	0.22901047271196714	0.19765199245500117	0.20835960641615978	0.2853832082031106
0.23974911231890522	0.24927300034712635	0.21991193888807287	0.25320532707280224	0.26155715159706966
0.21034641716900365	0.2451944470176591	0.23489088138472822	0.2431386032722285	0.21923790257590486
0.25451228361485	0.21727259288121512	0.20624396500642772	0.22526077340426223	0.20770198220056288
0.2312975735542199	0.19579421427825286	0.16793358601108732	0.21046573853633063	0.21083416427374863
0.20433723154923797	0.18322423223213696	0.21847600723081648	0.19667545228436734	0.19942929660312358
0.14881437918186208	0.22211363472483028	0.19515226159518612	0.15508993187081768	0.1806509539778482
0.16574265195851928	0.1904385601958341	0.21085430670517194	0.16494848691252417	0.16333606915947982
0.17815792554712498	0.19856021232899146	0.16928507326339762	0.1548500604230899	0.18828103595245224
0.19559065905962564	0.14229497177787126	0.14702313546586646	0.17714670461554272	0.1732134916921752
0.1999825053993145	0.17209968466827671	0.1729618381614332	0.17320421929326113	0.187614846067341
0.17608820508440381	0.1581209239645428	0.15963014943589468	0.16842315039413472	0.15607980572146235
0.15476808192068195	0.18896693216030444	0.18227393124842067	0.14596599192607176	0.10808655484160049
0.09877643044645935	0.1403297282607876	0.12533597482098124	0.12666293805975373	0.12033131783042231
0.12711233779316372	0.12082126198134761	0.1378454790300665	0.13924627779275614	0.12955731453476851
0.1515655092885702	0.11948897460239287	0.17162815501961562	0.1795764655560511	0.15801798254868513
0.10819804903645379	0.14015278561758016	0.12442763301820163	0.13055081097759147	0.08162053642318765
0.1385174412633457	0.11470732362012886	0.15561835755478798	0.11879657680424563	0.13938393462579027
0.10572807540432046	0.11605279820081311	0.11413408156661362	0.13080400494385652	0.10145406133686873
0.1093258921908038	0.13086958794700868	0.09764305228377362	0.1115949996526429	0.11864243055768547
0.10483813894753315	0.13539666543577464	0.11539646860712402	0.11185426389188238	0.12761674860187075
0.12490374624685989	0.06512756142823524	0.12180020129124997	0.1252820752726907	0.13996022636108862
0.1305816502620657	0.12707049326611075	0.0970604851419169	0.11641692163903251	0.09002180065762126
0.14139723209531657	0.08086504061636213	0.14978282247855498	0.0809461079193766	0.11437354382993262
0.10499989123387166	0.14393232919323437	0.11306826848371355	0.06622754484742627	0.11454164143066625
0.13155947401082413	0.09731839905651629	0.11689039128620862	0.07430082435124322	0.09665116057332676
0.09364439809846202	0.09539928030018825	0.09046459948700587	0.08714901045062576	0.0930681384033802
0.13295804863053592	0.08541076043385552	0.09365471649364782	0.12580394371224687	0.11580620147789
0.09028951423588837	0.10509460984358389	0.08392832024242527	0.085342168445544	0.05305031089720303
0.12408260405201132	0.10462938852425135	0.10844418442461472	0.0858638446095322	0.06605654255980414
0.09058435542076484	0.06479621377974906	0.06884532731693495	0.125997614855566	0.10441637424889275
0.11401977936993513	0.10007849931146579	0.09507308020968086	0.07668667045035402	0.10942797685031783
0.07742181748142292	0.01786606394953639	0.0701640046106125	0.067337380121187	0.09531841284703847
0.08592080680284962	0.04781680966295745	0.08764350382427802	0.020976846154465868	0.11274322392046843
0.09193283209627981	0.14685918017667735	0.10093662652728243	0.0747659804913306	0.08286487223248466
0.0977706805715006	0.06511457844524217	0.10392818475598686	0.05699043694752981	0.07561704679320773
0.08595423448297915	0.09720041669974494	0.10753449611046129	0.08034640283832807	0.10722499920062692
0.0663529311015482	0.10875658932626761	0.10316592404454372	0.10789569959573608	0.0828147424169437
0.09831253026025676	0.06680006365668999	0.09326358856854076	0.05046076331445952	0.03154462777913803
0.08456205350909886	0.11017034609871677	0.05752143197085803	0.09617908525077117	0.09372542738347456
0.06615474408649065	0.057856678414544636	0.061904786278833404	0.042121095693442745	0.0936567739013752
0.05381904692655554	0.09858013467074446	0.0497850366411326	0.07110528880428557	0.0980225836285441
0.028782009105654278	0.08056660236703028	0.07496742387963108	0.10425084577697705	0.07371349454407469
0.06548005499044457	0.10133155795644384	0.08363482653996943	0.04292084187671285	0.0827697394035419
0.0621194799038102	0.06087543738560289	0.03164080290444127	0.10635143991217563	0.0983116126950516
0.07510633316620009	0.07980382709735082	0.06641174178876241	0.09542088573687564	0.052242054487113894
0.03831505903923688	0.08045860203362995	0.04387242734761784	0.06917804783173179	0.06338994196893648
0.04569551496668004	0.05204457551811357	0.07651098719395223	0.05627788314089326	0.07503911607672097
0.09944502312668671	0.06681926258013822	0.038460631127038375	0.04800261715911121	0.050365607551086926
0.06559914134952943	0.044301726139874376	0.05297394860560208	0.04069887700431708	0.08720024782358445
0.06262112338920409	0.07761678007507129	0.0626156304412904	0.07700178346104501	0.044055779717786195
0.06148844373875101	0.07218528969176308	0.06704862850939007	0.062485477448326984	0.0723173861875126
0.05545828923513965	0.03778856751435764	0.08004774757617872	0.08934348464209388	0.06657815582928536
0.03757353766890759	0.06968678042786915	0.03866394147404378	0.03836929319388282	0.05330043690639512
0.0272779426346846	0.05102853456362834	0.05114381641617568	0.04264419905789424	0.05158514590860505
0.08006520151670724	0.06389270571371387	0.0815926135231182	0.02249429982119763	0.06658895086992737
0.030121985704714277	0.051711358880426564	0.06337404156689425	0.061020194722953426	0.04394329138171996
0.02334919759180177	0.05843384177984533	0.06200437063833269	0.0728744104649479	0.052402388639216826
0.04623774759981776	0.042884992712038814	0.04172791174515989	0.03151999217339361	0.042829081855116885
-0.0016552089412020694	0.03208812695467904	0.02507966483674537	0.03302664489069176	0.0650998473595938
0.009837423431477125	0.027620893251901046	-0.0018029891742415067	0.03819469830102815	0.014044312304488937
0.05411570261373176	0.048271388301747147	0.02534199987542524	0.03279745896066679	0.056777019348781765
0.03582781146738818	0.042374187351082365	0.04122112911433806	0.012286952831927237	0.04984756911649102
0.0619742766769037	0.041149124473687224	0.03934025471089885	0.06425534368731921	0.06951778977756783
0.04032606730368352	0.05284838234144594	0.032246771148135324	0.02793679003858842	0.037071456120548914
0.04010039205035596	0.0018942842971772286	0.02734075263849306	0.03452515212015105	0.025371180305318267
0.08194257093861158	0.036277299594047685	0.06482331779028942	0.023151433220713172	0.04604047111291454
0.014180434586025723	0.08798572650073123	0.05500255222244911	0.035646613899003796	0.03216715848775932
0.06824434076769743	0.04057674557909776	0.005074700612219496	0.049195745507912274	0.03898181580071229
0.05327261820001879	-0.015830028221311562	0.040547643055484583	0.06977364678854663	0.043380317532696895
0.06209623194416078	0.03564879971411016	0.015395678940150264	0.01788464074577857	-0.005068010795157082
0.011616782499158963	0.04989530975531977	0.01990711654003068	0.013139566251345224	0.026311502608269473
0.03245321768669925	0.05592264579452668	0.03521257233565327	0.04303456721109708	0.007733421587318323
-0.014914752838098753	0.025721267736997067	0.015967427539711247	0.0692957618105721	0.044242092889906756
0.030146163858504008	0.03850813694367473	0.03236153319322965	0.05397232368939526	0.02142919225485518
0.015287602883173216	0.004326593137541223	0.02455572585180117	0.02763999128377279	0.059798811919664775
0.03265761345660849	0.044549974851325884	0.05674861433842911	0.049582020458775605	0.01865269360945918
-0.00667294502785469	0.046653080740225006	0.040429958848809955	0.027104652214090807	0.04890891307414087
0.06585808125970011	0.04433086836015415	0.004567398129187087	0.0668115846631689	0.018119841272317826
0.023033909204000415	0.005969777253612465	0.026721956181145146	0.013288199850953069	0.04310149165437142
0.02809851905501626	0.04397912206903705	0.02754357343866764	0.054746959267288946	0.036314840778880184
0.01658448235288177	0.02719725263420668	0.04390178119218212	0.03359871251058802	0.01604531995269475
0.03485994854940311	0.05854942638431665	0.049146318515367465	0.06655133313070843	0.042352585311850724
0.01808423718223034	-0.020603141261738383	0.01711000356432027	0.03980556715816771	0.02123538373300647
0.04251854776190696	0.0314323932829813	0.005564219361332532	0.026827486944009042	-0.013413850279104307
-0.006376659183594422	0.031158854190348	0.03651934573163146	0.04817108275445007	0.01973836139819149
0.027782254716512005	0.027687717589164763	0.06235905445221976	0.04418497945922707	0.087917848031991
0.038287282982947105	0.03528584302929171	0.044248740383522854	-0.03433104693220528	0.050721586862685464
0.05292948727167383	0.022109101336845266	0.04329639074077736	-0.020219734592649932	0.07232818815610717
0.03577281113896427	0.0050796754754449565	0.00807961428205221	0.004691024862092153	0.056897116808873
-0.016398218999243125	0.05800031815164254	0.06625082325235172	0.0441935080144198	0.037856609454444815
0.04831580041600218	0.049014572247191995	-0.014814166417648763	0.07100999336537407	0.04697715556909356
0.019247634400018584	0.05575373921547378	-0.024800965257071185	0.02973122389493867	0.03245486965972534
0.021602390666061747	0.004884215936401546	0.036668774122291165	0.009928973674900138	0.03318514589545849
0.046453827528237124	0.013413561076059944	0.023512762313102262	0.030723139548955704	0.034086942481838106
0.0342312128661028	0.030838219297910755	0.008540322350621445	-0.0009181998436686551	0.01292679380356168
0.0288334050173685	0.045293086877759785	0.050090305981968584	0.02930699039066568	0.004930273127239749
0.014748094985758551	-0.000153655387477805	-0.01433776342869266	0.013537399406372197	-0.0012900422078558516
0.011697164780620448	-0.011510129369718578	0.005887442741552097	0.018912544131775184	0.01449635268057434
0.02950186138393597	-0.00833422811832316	0.02355173589521817	0.02372908269632767	0.050574285463570276
-0.0037242650532710985	0.022239191805678283	0.03722158032452252	0.02749754140284547	0.04811164649714716
0.06164315301907827	0.03160093202834714	0.020642996700407812	0.026800226618721522	0.007466622762415806
0.04722430480514318	0.046566129116630404	-0.007913304768399448	0.016267617498141308	0.04919625430238081
0.04195535764919335	0.036591590920016084	0.017958200030386885	0.03605829709796327	0.005926755691941616
0.02547986964076581	0.009052729865316685	0.002607267120356662	0.0076382595813168155	-0.028805374768446437
-0.009631564393957421	0.035106574074910704	0.07299669013183693	0.0018814482663685747	0.021622997703470512
0.023103962534240914	-0.010665730049398275	0.020351379914620202	0.05013519014431102	0.013604606751089501
0.046558891822782375	0.04157557378769631	0.011504095707546715	-0.02208788437698238	0.0025679952066814237
0.02786097337368424	0.04197198224028765	0.043993473057968316	-0.006734975887641613	0.012241754801598148
0.053520378552329766	0.002826243609490626	0.00541991077287799	0.015303670688364008	-0.00036722724164999377
-0.0034784990659469392	0.025406868413651817	0.02754195054953259	0.021876441087825726	0.013230262145751995
0.05225079647111263	0.022448551574928515	0.04558602752762107	0.028971596201196093	0.029592478773677586
0.015079724454817402	0.05986071079465289	0.018353908263850124	0.015807863491816884	0.027270863539271814
0.03466814583862156	0.07241830585972044	0.033695779993992314	0.03740057522815167	0.021595515306956425
0.025235325276412212	-0.009534117959620761	0.0653174349287104	0.03536263816804501	0.034488192784508744
-0.012434496458508066	0.012526418212950606	0.02911118043546051	0.03335215991149336	0.024364613554369266
0.03532925433750388	-0.008961195715654872	0.008498967284500576	0.0155617736660519	-0.013037224375163553
0.010639259108303588	0.04665921672206662	0.01529406702232738	0.021543110441950515	0.026444766888022747
0.01639336546474868	0.05569816103565952	0.0365835204920028	0.05004307883589681	0.02874322062135413
0.028603417742249775	0.02745752107376262	0.013967874871385559	0.01985808519182591	0.02229707224980454
-0.006153744575580079	0.0037129403916305553	0.03736376652903759	-0.004132368266378845	0.0475081599091717
0.0374719011423134	-0.005094230302275016	-0.009363966380921653	0.03546704941076518	-0.009768977858275397
0.03763575839857263	-0.005650500151405531	-0.027455481121605098	0.015542191733289794	8.503383597239633e-05
0.04618404974312061	0.030632259482680408	0.049919347334753034	0.05251346426077646	-0.01181276510301768
0.022908110595166183	0.008400136572596457	0.027260831178356072	-0.010248197173056472	0.01762046324182745
0.04572313936077426	0.021394257746195713	0.0023837143565469043	0.03536079671745554	-0.024269895884923426
0.043452797781703086	0.029342034776934534	0.03268149492805988	0.02948653393323266	0.013550488290642683
0.038184743382247185	0.027085850816439005	0.01385147952151039	0.03944509806696351	0.03196345155741589
0.014657144124576332	0.018775729211025625	-0.009477154468191263	-0.010800886315226108	-0.006503539489331853
-0.02271184003617243	0.010581407911420003	0.00434191423232243	-0.0010133715768066757	0.036363654449653865
0.05317094465198897	0.02295133564912213	0.02624774023001052	0.05648754826800455	0.007079597493897146
0.004203543837027833	0.006384623568006366	0.026346019383431025	0.01084008218375473	0.04147463442420379
-0.0018319201015130366	0.022759074854128557	0.000498904893484628	0.029077572300508572	0.02685784744167017
0.029432815971253683	0.023149561776777405	0.027367898357662988	-0.007339197808983948	-0.006462747829312352
0.02272861728267165	0.042002889259078	-0.007634456238253025	0.04385974090365852	0.0029676336591742966
0.05502087359550957	0.022943921925417783	0.028451905924088926	0.013658935190088886	0.059495866129600894
0.0035138805817433033	0.012553021845627458	0.028147763532947723	0.0008628656579931383	0.027132093219388698
0.0378794799057475	-0.009090466036636238	0.013640451810481315	0.008223428192007257	0.008407645199870565
0.0534561068642025	0.009959162946287452	0.05366682603213054	0.035452101046787504	-0.006814912539307286
0.0013267462315714774	0.0009983791698955908	0.022264987042517254	0.05303449586178405	0.037838379717178405
-0.012467925647381892	0.06026540994626306	0.033251488254764844	0.058380592537290346	0.0408228673188475
-0.01623739211616608	0.013932327322136706	0.05879906279747049	0.02143469706755536	-0.009068493620335766
-0.031094577281993267	0.004865615351299907	0.007352065518966499	0.03421856003996955	0.0034882971827832126
0.005953344534476187	0.012019454590981228	-0.0067951948568293835	-0.012375068958587768	0.017523960302912
0.029263683764379083	0.057728527011162836	-0.0011523752962198691	0.0037943378054745864	0.011272287037241587
-0.012115545579614296	0.03375174033217571	0.07187561916950849	0.008057441699904033	-0.03051168171973551
0.06448474487756715	-0.005436923349229042	-0.004966877827702594	0.024978968733411225	0.05808638435789458
-0.022293078221326427	0.001747088936851546	-0.002646099089013665	0.015482367447560041	0.003986237342180679
0.032298176619996226	0.01713560015058225	-0.04552073832288799	0.02893471239400243	-0.010864868814804939
-0.025627461624288896	0.005188360356867535	0.016586303088178267	0.03944622946911488	0.011034619967663872
0.04635941882071174	0.04544810113675859	-0.007618045773006184	-0.0054232962996663015	0.014938404921402835
-0.002721882333685829	0.02575273211406552	-0.012308958790055544	0.022867526462219828	0.001037224808201872
0.030193825125816674	-0.011215850865319276	0.00037040364306587924	0.019440165822251543	0.026263965385516334
0.04530977186779196	0.02307827045562874	0.0148110684795989	0.008948096421150126	0.020458548106779925
0.031019468749847536	-0.005702946297757193	0.03302941201160027	0.030765797579771326	0.025654242864027035
0.019611559769439495	0.02100097484943295	0.04369846715051872	0.02982717856218417	-0.004554498492592218
0.05171381555217156	0.02216278819290181	0.02227403823067504	0.022417594752418352	-0.007198222490367753
0.013033758009281686	0.02281246320928891	-0.00852306121603186	-0.006998956840879692	-0.009717423222313813
0.015563151236124527	-0.03573810581164854	0.024991868350605306	0.02896938404772015	0.03501276050726654
-0.0035893743146028214	0.03275551670832645	0.011628234334728347	0.00390857559971984	-0.020779883514514742
-0.004534232048810094	0.01694564259445167	0.008577542979212562	0.05520979751243778	0.024390706328424133
-0.022925278593819518	-0.013245990170212758	0.004299208371036652	-0.0054971356149639	0.019354751057034904
-0.005581655725267472	-0.0016504477246397573	0.02425676254538309	-0.013254747195910615	0.031236402921565307
-0.002466743067749735	0.015125275852167048	0.0734610334707138	0.03964306236536904	-0.016867312660363145
0.03699156146558118	-0.017944807081373575	-0.015449988572472416	0.03274607841761285	0.006344086358148538
0.010688789377982556	0.010271264051477226	-0.0005561543885518116	0.009715980883355877	0.027645710035532102
0.02039094953573416	-0.007922102689998014	0.017321593006083276	0.008996671339294753	-0.029446564746528545
0.0028127491548990123	-0.017372211100990242	0.030396282899408364	0.0037545473395929796	-0.005489364788746307
0.04204649431738577	-0.017420439109846596	0.026299861321322567	0.037669113501090964	0.007712201933411329
-0.007575090698109632	0.01760784717083324	0.00028409244520207497	-0.013399913276676183	0.009719570213040964
0.04694858300282027	0.04248909166766032	0.013130923660182378	0.03982290088360724	-0.0002022920621874806
0.016118724477137022	0.02280581280325155	-0.0009169571084979488	0.010009027367436016	0.01281701854046771
-0.0014246358143795825	-0.03252736426131735	0.013109242471144665	0.04194123553915721	-0.005283367643980665
-0.015438672730657105	0.007227919618668246	0.03802683960890615	0.034722955837970484	0.026503689168781614
0.024787349893448715	-0.0026427216066729	0.00958577530237754	0.031382889369477335	0.00258995752800306
0.012612537868487015	-0.007669551274302574	0.052714179484072705	-0.0018032035334730537	-0.012961707921164184
-0.03470186262558737	-0.01454507916033133	0.016671650383822824	0.018740890184703714	-0.01217466129049642
0.030371634190530798	0.036080578198468695	-0.04773013356567298	0.024994028125375524	0.0017568071712574455
-0.02841049138818843	0.021111550457653463	-0.012671263505035812	-0.019545528391864152	0.016653561431498827
-0.0012490393777816735	-0.012742609525694374	-0.031367250895439715	-0.001020687351210666	-0.02917928450989538
0.03513152766744682	-0.005136903283974637	0.014271004408047168	0.0020887927069967406	0.014239905103506065
0.020852031952652735	0.005327754441981811	0.014755603250862373	0.004416092406372118	0.0333892660362967
-0.027353393015237745	0.015201536368239472	0.04904217122117514	0.013968061247087826	0.013673299289909542
0.00512020984627601	-0.006173851934469821	0.0002291703994449397	0.025631931216515184	0.017340858323233968
0.02866684925606479	-0.009433111897114415	0.0691767480749912	0.012037043084659445	-0.016444254216108248
0.005631566331679133	-0.01390605610512096	-0.00721804535251143	-0.007358710850209773	-0.001360524717672535
0.0038351049480388213	0.022079275919504697	0.001907866437733388	0.009145493570682898	0.006607086643357506
0.009331273683667561	0.031148084474456734	-0.03263822819469591	-0.013607479263081495	0.019146763898657965
0.01218975865632169	-0.016223735035326786	-0.0001849612401247651	0.009908695335010192	0.009801509776996722
-0.019915505646186122	0.04854011613205214	-0.003804123385019795	0.005212617846022231	0.022877981547686083
-0.01430775779381458	0.003939145360048778	0.030806410653148847	0.048667724833816414	0.023533068103591608
-0.015860872362419686	0.024569703508967717	0.035929486419647015	0.024303109219000914	0.00058380626821371
0.017145580565917192	0.041186085716932865	0.034781217115928256	0.002118178631648301	0.023065360567228136
0.02317310476860576	-0.023792265830137528	0.041918697097791315	-0.017951011208496716	0.06342870157309208
-0.019734526419437216	0.03398127013693086	0.013348917784103546	-0.03915041172106749	-0.00023958113996879518
0.04129172600148964	-0.013181218097460024	-0.019727368569961927	0.03912781908026495	-0.018851181088308536
-0.0013877679867486305	-0.015441461777332188	0.004221998441309717	-0.013642597366204	-0.014996116477133132
0.019183210700277026	0.013728214974146757	0.034159615668489844	0.0011201395026595763	-0.008014305833409115
0.0004677082433650155	-0.030034557855532034	-0.00823320279420395	0.027311690327498687	-0.01187188676625429
-0.013993550212694906	0.004342812767071726	0.011641636236630372	-0.01724750629622422	0.018416246537156736
-0.008917185577271416	-0.011082520066022549	0.008002141933587004	0.03455260322769903	0.013440628139083732
0.02337834371545137	0.03998301071407277	0.009292251983261628	-0.04325831944437901	0.02524931309904893
0.035670884360471035	0.01922600286033308	0.0339085016713355	0.019939837866761966	0.014820565834196359
0.004158989960136944	0.0020430631741985535	-0.023241423080768448	0.03636560881354378	0.0074301558174500746
0.06021364814356158	-0.03390033734826691	0.05012934278020963	0.01643620495062407	-0.015126844810305514
-0.009967128986942962	0.033961546913807185	-0.010737979586184606	-0.0009773670720570893	0.012569947205711834
0.03218651017572154	-0.007442684056297924	0.00954006865631673	0.015166767664222962	-0.0027665266237930086
0.012104370423495837	0.032581926692873124	0.044292299989149075	0.008366963472222374	-0.0004070175912474147
-0.039964019200650194	-0.026152393861552894	0.008513075322584565	0.021086230032615876	0.06389219190868141
-0.025921478373284408	-0.011480169264214168	-0.019589739240608247	-0.00223368166572135	-0.031890842334656354
0.011160948321676004	0.019096950762842152	-0.006672968311325467	0.007717704282711672	0.01696683539008884
-0.014018322548928527	0.028247961982192718	0.0038817515141842934	0.023432416840401975	0.03453554734224715
0.0023724547650760906	0.009728994642407243	-0.0137054518310081	0.0002305869807958938	0.03364690870649115
-0.02331881217560489	-0.005537777953246692	0.037154409213719874	0.06153944709679931	-0.002511153245058324
0.03657302691645356	0.020250206084127698	0.028169978593012738	-0.030581556110673182	0.030663426015938147
-0.0019315973471826912	0.01018756907910048	0.024212256192945494	0.0427370156786857	-0.02095653514275649
0.022005751136895686	0.025529469520307976	-0.012890172732664356	-0.0296309141299378	0.04629672263656985
0.016888905725180446	8.872470202599787e-05	0.024431325784630184	0.027056437007905977	-0.021856622300368594
0.00047324035522941336	-0.026527400385145228	0.012198427696043044	-0.011049541787828278	0.02776833631520813
-0.0059435775353597715	0.02319146022486585	0.008446194534054695	0.02868138040750945	0.004449601747112711
-0.001274353930893317	-0.0020591465792497918	0.009471504660709552	0.038099347456988626	0.02300210191502989
-0.003287374906888808	0.03773772496117779	-0.014535468297279069	-0.022617219218223683	0.008329569366892877
-0.014015120520177879	-0.010659560694244166	-0.01202766694299753	0.006924452090799142	-0.021546186482691645
0.010024092770350695	-0.0068536073215692585	-0.02656027664341134	-0.005255209021688645	0.010623886741023736
0.02647708361121657	0.0027431886316073312	0.009794905665866003	0.040000065093872	0.0025159727504203864
-0.001401241278667028	0.015990216626246216	0.013375058371377948	-0.004608654383693735	0.03055788444545183
-0.004575887315549177	0.023665527370430706	-0.029011686293103807	0.021543878460663808	0.0176966585523601
0.007299174706032998	-0.025712264285776786	-0.0123260224843595	0.01780283482878816	0.005341559052066268
-0.0016913999938671697	0.048581599961904164	0.02889896172996361	0.0029732497919646135	0.005783737711501999
0.005749105624775139	-0.0050229136072647415	0.008414013696857727	0.030580712443807046	0.0017739260831686294
0.025926298312423227	-0.008482931474642505	0.009062555871014493	-0.01276452789278434	0.04415139953742843
0.03146742878380043	0.004580217221104789	0.00858111935781165	-0.009484685377683481	-0.003898946147956779
0.0006611259633655091	0.021366669686139317	-0.007350471043725356	-0.0068817984322956036	-0.0009699259783275977
0.04554808012123151	-0.005651592525445399	-0.005233910540565418	0.055379915924039375	0.026693091231969637
-0.008996062377562836	-8.350774554039073e-05	-0.010689692058305151	0.0045535122059606825	0.03791831595894575
0.007323321583240009	0.008337187540733012	0.009543126960338849	0.03871621842485394	0.03739365581646372
-0.007917145069854957	0.007843285528104371	-0.02827750450473615	0.034815849625671975	-0.02461868651206966
0.03562736992817601	0.026813229404155793	0.02587828557753367	0.01521367486046218	0.018881095318846366
-0.0076009880342828035	-0.01820625533277476	-0.044310123301066796	0.024749157670877577	0.036154977632713386
0.0513885131114787	0.040132913102942674	0.01375593973258849	-0.01287997339116111	-0.011645445108183144
0.012536714871004592	-0.01151138065021226	-0.0007325044486944871	-0.005813850198609442	-0.026872783626991643
-0.007010204429954941	0.027990908971244264	0.01561855217258728	-0.004397912434993495	-0.022354167134771574
-0.025769949080753824	0.005977369403097558	0.031029475481809003	-0.012119551070979017	0.000271285102935039
0.03976361024048922	0.010368151055304326	0.03318260301549336	0.004319444013856886	0.01545019844809735
0.014861187570629365	0.008192764584754798	-0.016984218676423104	-0.016491744686348175	0.03320635146082368
0.04174640832968423	0.000658381972522373	0.00585835112050633	0.02364157787888053	0.04422758286492627
-0.002713944748097559	-0.01084545918798172	0.01951107148531845	0.01736101403503879	0.01912714182538508
0.005029151376594477	-0.01338320680900616	0.024875602275735115	0.003843959849949863	0.08114358839894216
0.03501290179066128	0.06209855054882578	-0.008714802083051214	-0.017250262298983694	-0.02214580470618139
-0.020281128863466162	-0.024802776681321564	0.03359718528386907	0.0351092900923577	0.002717922741156447
0.014542338080296957	0.03681054313383124	-0.03175048857816997	0.011672307753597833	-0.009332307456730228
0.03123411213475545	-0.016204976916180825	-0.004782900845123146	0.07061387337850712	0.04295688629805435
0.015009458300505209	-0.01466319443628281	-0.0016969384004468084	0.011697946659227635	0.007954601110700817
-0.01578492045314949	0.030314828506618794	-0.015541809719775437	-0.007737287547353741	0.01803942671351779
-0.01707290982887513	0.04701672119965121	-0.001386488712616762	0.0061343349753940615	0.002605045235699304
-0.0016351502364552032	-0.009052516546923194	-0.03769386691840296	0.02744851893185196	-0.008266591253907713
0.013328319810313361	-0.008262404295672508	0.015603880079297465	0.02081191602666864	-0.0318411356100432
0.020578128855100627	0.0042356738361466655	0.023093699214224304	-0.020631590502957695	0.014874901919109609
-0.008965574989871126	0.007780015819043579	0.014969785738004513	0.021745771247318704	0.012581940978577712
-0.006985869080429663	-0.019745038535257557	0.010321651801857852	-0.01303248809760555	0.009575147723000825
-0.021834925441252557	0.01623866334651808	0.0012296640236716836	0.029111228269502146	0.017543941914706783
-0.03011138563077604	0.032493434446378706	-0.0017917384884050648	-0.020983470452412778	0.007590007607350268
0.03658177294369336	0.028592755257862566	0.026630132767198937	-0.0019622248706491745	-0.002490586998906477
0.01698115122718765	-0.039305780955584506	-0.01796769403026814	0.024007399503308238	-0.006924118087334933
0.050180051608823904	-0.013876588606703395	-0.006473509401963595	-0.01844578321114607	0.0014469364086962073
-0.024434108954639704	0.015661907924391295	-0.007115693007362982	0.009787969110518383	0.011548183565974349
0.012210512016448339	0.018114482697616365	0.02474039369786423	0.007642276451036984	-0.0014119412055338286
0.02927017997948795	0.013861789905222681	0.0051520528427502505	0.007974933190545649	0.023306813864041927
-0.0021441534867407148	0.0315911532087813	-0.005637387274698998	0.01542663028682624	-0.023339128269395944
0.03856175217215693	-0.004243865147586698	0.050676841278685825	0.009025120037292974	0.0068823878411124785
0.003929037236387369	0.012114646324666144	-0.003984580586052434	0.014395994218182127	-0.007280278002917755
0.012758352253525935	0.017153263133287865	0.04423287120491933	0.000592998016781565	-0.015840742661746544
0.005013705861423681	-0.008073685024470987	0.008410622115631988	0.0015931630311618004	-0.0037781003640475186
-0.005940035330589857	0.007168898724516679	0.012636310219823888	0.02496063352851904	0.030233879553792236
-0.0016060869257248714	-0.007683993844120489	0.00421530786600806	0.01358706335328835	0.05810188002456494
0.009908674489694005	0.0029942448971202558	0.022365828723289034	-0.02400752459053822	0.030297328892142417
0.01339485647958508	0.008113121802235562	0.037891472965569085	0.005264123623759267	0.02146460958992953
-0.006681999426759909	-0.022811547479012668	0.003479283210264859	-0.0029621643375940298	0.016006561535324072
-0.0008445138176159579	0.038888605105686196	-0.0014223842257645898	0.001121939519316944	0.00045663441816357845
0.034776529863665334	-0.0043744133289886095	0.007440910526708574	0.02022320935700604	-0.01774099189009059
0.014675894240680666	-0.008853016408733302	0.0006240715009079318	0.0003224565479508821	-0.02180630060356085
-0.0027449560270878613	0.002941302170469757	0.043405576433749295	0.014176434124820725	0.015583135080448618
0.006854432995108507	-0.011170513639839431	0.01520863017020772	-0.012910420088527113	-0.02037774417952094
-0.022573482718204887	0.002267353826127276	-0.0174009363273736	-0.0007446506334935123	-0.010410802891973596
0.004088970867431205	0.00028637914907057036	-0.002698848994005426	-0.04335910081194864	-0.0040169881271080315
0.030452454842415884	0.045563386152351476	0.016683587478635922	-0.009045331328953039	-0.0046033948598070105
0.006000267376643099	0.044560043274608066	-0.05148524355124899	-0.005807677212827641	0.01645922692459657
0.018039495093614685	0.010151733132341315	-0.002193313814291821	0.037625619317732305	0.0123660144849705
0.01191404288771714	-0.009732456273570483	-0.0036591078754525633	-0.011496293520860035	-0.011045260573447934
-0.029721673030304006	0.017213740218537586	-3.0229069668795145e-05	0.006232027482978089	-0.010869816402292468
-0.001695363434198992	-0.030418901998700107	0.011425836286488664	0.00953070204402473	0.00015558803738894688
-0.05336962668511994	0.007054997787922201	-0.030374568097579303	0.016088048565948747	0.01219049562371621
0.01578642705728549	0.012016961207435256	0.024894658387715866	-0.0003383716467719694	-0.020165067036913478
0.012483806607432745	-0.005649963417958285	0.02032338327485772	0.05035956003142908	-0.014771411474627866
0.021093123847288075	0.02129832031025135	0.031042832235680225	-0.025601425427062778	-0.004327741046112962
0.008551189956545278	-0.025475500395673534	-0.025258056835862363	-0.00914822480987451	-0.0002361892488842391
0.001989350324948268	-0.0007428170739211936	-0.016749493866293447	0.003984544395037186	0.03174899772566752
0.00026049047833514097	0.01756371729207755	0.010426047848148053	-0.01678147874665198	0.01563416300058271
0.03963033720799808	-0.025970019487924875	0.0013044321151208307	0.0029645142436889984	-0.0003596233423908441
0.022192608479249858	-0.00017986065643692001	-0.0034134546284972124	-0.021853359149947547	0.025246944861801426
0.04368195504390537	-0.034033948899648024	0.03809340222489589	0.015860755092394044	0.023283208602988114
0.009595103288095165	0.005360746679749492	-0.011646762441943813	0.02686081467438386	0.014837781956738873
0.01179635236524933	0.026541205914623438	0.03562843029371107	0.004301360069857806	-0.011953747329808587
0.006146311820173897	0.01768043111255279	-0.0002827579086726444	-0.012004005015921916	0.03837330851651399
0.01793947785479736	-0.002956443123653396	0.0030123042262457014	0.027426202848735932	0.017794825183904645
-0.0033723710639994623	-0.013453454902632382	0.02281281994506557	0.00802767257406587	0.016427042248900313
0.00861123169797186	0.026355153506383035	-0.04691516778756777	-0.021956289075708214	-0.020472498671548635
0.02231485310198624	0.016545974423941602	0.0018737939324135547	0.024691909629070613	0.0025761243423849563
-0.026883284554480025	0.05452012377707051	0.017370604616452047	0.0033850616699590066	-0.012487417486797853
-0.002949913930644469	0.024310769214310184	0.028953713719759702	-0.014726490517612226	0.005474311836452238
-0.0010347242877572506	0.01784459761739616	0.014603421413618293	0.01450143566871796	0.019436841581761226
0.020370193992584145	-0.0015652574761297047	-0.011183167552084209	0.016322289890635357	0.021586729268867243
-0.0310197074336251	-0.01537645803427579	-0.007025129354579116	-0.024815208957219302	0.00569701908362881
-0.03743937881800496	0.028754584559519018	-0.03376754698592522	0.03820080938096926	0.003257754687305648
-0.006218569880242918	0.035441769174127974	0.047551600740825664	-0.00826688291667806	-0.021881536592433304
0.0021570197425368554	-0.02197851952484224	0.05518746170609504	-0.000831862676328109	0.013140603533963928
-0.011492976404291281	0.004353045327002127	0.017606965952281412	0.014964893287826232	-0.013211022454735384
0.02134199868510566	-0.013290968524183142	0.01904413621806164	0.010731410087001434	-0.009512617717633703
0.013791800391003296	0.03215426475976471	0.009652036938183374	0.00019583558571306973	-0.0023429597381173506
0.0003438113546265324	0.0089873546001146	-0.028481239956822	-0.017490345473864813	0.03950437204325648
0.01458048485910894	0.023941163444132336	0.02663229851919094	-0.006184959766444828	0.013451314439477304
0.025379623144968496	-0.01518195394551403	-0.002572028796563346	0.0009393412747138747	0.02547670143304515
-0.04186895815090765	0.021849023840924898	0.004739754320375409	-0.018789378507949345	-0.0031769063192437245
0.001394984351394199	-0.016021786328306732	-0.01998061753128915	-0.012234920742921913	0.027145221184311875
0.02163742828567336	-0.02228393945884009	0.033083723915987594	-0.025641424647988225	-0.04712080067225787
0.026624535391758915	-0.004572691530087292	-0.019472340860411393	0.03061927633709096	-0.012882858652838027
-0.00372239734885211	0.010660164579529442	0.007851511334037276	-0.0406705912585228	-0.006648461171819413
0.007718072914278469	-0.01718930291945464	-0.014952130648464478	0.00667127775287008	-0.010534109817311725
0.011578328119854297	-0.010784059205342294	0.01504077851345769	0.05346498385577729	-0.018175948014001332
-0.03859751880905582	-0.0045723412210188445	-0.009039000955147732	-0.0029388312233085416	0.014870680171406693
0.01239846449278068	-0.00343364692881938	-0.000995349570428101	0.019790423242295185	0.045869917037439846
0.0077030353174335625	-0.005496836124757438	0.0008915784363764962	0.0002733044797486394	-0.010370409683705725
0.0324174990170997	0.01756232214707143	-0.01682147040467511	0.020805978005155046	0.03453547627075405
0.016658178383295804	0.022481848981031904	0.0014611708193582136	-0.01609886487727981	-0.027670135003020083
0.009838906597261303	-0.00889642607175626	0.0027476147553771066	-0.015323564959750008	-0.008804884042035124
0.0072418172312840624	0.0075447753914028425	-0.003973920762101515	0.0447712235680927	-0.0051654904060462435
-0.012560029644690423	0.03821039977761786	0.015389572428213942	0.028257051218052564	0.016833054473831394
-0.011704939393546552	0.046985902713833405	0.025403415958291327	-0.045112088798873545	0.007221716391290972
-0.0344388267292771	0.031474545478876674	0.0014206039541667537	-0.01455669327502708	0.021751282009663878
0.0169769074831691	-0.008232228689422286	-0.010438225714208653	0.010848521478790715	0.00939938473448719
0.0014895529751858846	0.019373239267018123	0.012417190760341344	0.02095557387274768	0.05839343139650336
0.013630580046816582	-0.0017028568962697745	0.03505715522950089	-0.011470791744758622	0.0011037904123868852
0.022330958405013503	0.008411548908340007	0.009792883005503735	-0.027526826450220896	0.00048478099347405365
0.003296467726165581	0.03593966881408803	0.0012398171439942443	0.005366495088870795	-0.010941994724299738
-0.05159221175980501	0.02351922169533812	-0.03737107380511771	0.02542627225836072	0.009624149958508684
-0.02121308789698587	-0.025222156405247963	0.007359277940760974	0.0005902025238947554	0.039522738804697526
0.023972737827409704	-0.009771579789401831	0.015507557816079265	0.01191132252532797	0.01834502704433605
0.039875238122130854	-0.014400693297705366	0.02605469398163821	0.028919987740446393	-0.022207565209932143
0.016462365168563045	-0.010359281823057754	0.019897138493904308	0.011717139538115456	-0.0011470796710643955
0.03228662774440649	0.03743923565534963	-0.020264759740715375	0.006609578068199395	-0.021048092579924974
0.0203674505483055	0.018771725567214938	0.0003451924814379567	0.015323916046598524	-0.024389104651406965
0.005258732304227757	0.01688578518792968	-0.0425955382277499	0.013807676145512565	0.06220836864021187
0.012602257943940093	-0.011839843423644802	0.017214612377907817	-0.008025492231122582	0.023858591317978965
0.015984584417405332	0.006765963371485167	-0.023426891681623527	0.025270624084846715	-0.0035017592059956248
0.04011057580573025	-0.0332930567265191	0.001775066071355573	0.028147808554000706	0.010361248516066048
-0.010218111128828922	0.03574684036202231	-0.014149789252286885	0.03556690885326949	-0.009777160468851881
-0.010153660879420295	0.052281038352797946	0.03114031231353972	0.050521378971254124	0.014521137440784246
0.01594693620377439	0.011377869444889374	0.00023437748681320435	0.015386165282578978	0.00031898544557541417
0.0008882408588964177	0.011855629678967167	0.010141042535851564	0.02672052559169598	0.020905323515015794
-0.02083727651475983	0.00201761935441158	-0.028772606479822087	0.03416752500730197	0.035651008057705096
-0.0310416013791043	-0.01890692171294387	0.022347491671455784	-0.010600069931130674	-0.031575185080835504
0.0012906637826051726	0.027505480744710258	-0.004387598739378579	0.030657718815403006	0.013662295375645858
0.0010880123183065957	0.02796873051561258	0.006837407947534269	-0.01916441518806074	0.0009341066008435889
-0.006564812640610506	-0.007008107744493874	-0.010502481670308773	0.011678238052102488	0.01033267544983669
-0.0005093460587656034	0.01883259074737398	0.012661000980049547	-0.0007587996878728777	0.025425478664964647
-0.008318497172762566	0.02301104716488811	-0.006122176928826702	0.030534643835185837	0.0011845767227919189
-0.03172416029974833	0.03177243660477439	-0.022967813850747015	-0.008245031021638403	0.01439345000589088
-0.0028395713567869367	0.0009499635818640889	-0.007041187175293794	0.022858088712821856	0.05740490493825288
0.00999162183096879	-0.001023380240395815	-0.028828236988881678	-0.02023578209653067	-0.01005976100943377
-0.016808871483320366	-0.009818660936428868	-0.0211624386526023	0.01767779893973435	-0.018983696508030834
0.005539666399219136	-0.012114629922067695	0.007590298966868024	-0.008745452856014005	0.01905967925544426
0.027165337578315955	-0.028541456996148063	0.0071775487395095375	0.0040890875841900366	0.012943376329808088
-0.001354539133944687	0.0023274987699585374	0.04300482601028001	0.04050074828393961	-0.005290660420347402
-0.006955537832945026	0.03868434294868814	-0.012194266654237267	-0.00571129857103298	0.01950718172481152
0.024200040612198513	0.008668813336991796	0.015012885015306711	0.009738329304095596	0.01209076264388802
0.042718424960722645	-0.03132375020850836	-0.011424438491918931	-0.01329635144663785	0.003926742634313116
0.0021223736521819893	0.013127163007832982	0.01928940211014124	-0.0040273563156157256	0.0020149743385948337
-0.011330944540577186	-0.003596175448614835	0.013830507519607353	0.025540021630033043	0.014389215307497427
0.015076250177619646	0.005661534456432968	0.006441309503262336	-0.022902150113705343	0.010683613276723116
-0.019757825208895845	-0.012151762473973328	-0.0025547492885029405	-0.021107523682426594	-0.01393045477901111
-0.025009093356860135	0.012173859288341094	0.004408437847755333	-0.009344926151488114	0.027570622002276432
0.01210927072270684	0.04193781194314544	0.048728068885785514	-0.015393973769529168	-0.02029338356349468
-0.019217916475593063	0.01306380859618076	-0.01103362687757223	0.021242045709400508	0.04057393723765434
0.0042911574696185145	0.0010752911745877322	0.021860252744709454	0.055746177039303464	-0.012684500912551442
-0.01949147685369504	0.02102970443299374	0.0019694042438748	0.0027660145240323546	-0.02678554948329294
0.03885302949233123	-0.03412344704473221	-0.015484757623715066	0.011568029292306124	-0.0005361254811298653
-0.008749012938248051	-0.0021687879018269266	0.03890025119982167	0.027172695464283646	0.015153065240301841
-0.009808123426411124	0.0032630743599836084	0.023045826758757618	0.02087070875090017	-0.010566837166104149
0.01347044775519127	-0.006474149117929557	0.028630296753531216	0.016499647216202628	0.0025835919367947335
7.714338206551118e-06	0.007736185830779769	0.017628997968667195	0.008190414945952322	0.04226475411124925
-0.013391750787815581	-0.009971434344126987	0.01293065824754776	0.009071408562422207	0.02955307689828586
-0.01533785739998525	-0.008700544007235233	0.004855359854848814	0.0021416057908705947	0.027195991380637875
-0.0059391232890953286	3.86788830035481e-05	0.014109581522993223	-0.011953708507057601	-0.009175889345447708
-0.0011798414048669803	-0.004553547235962519	0.02133393097574185	-0.027209502526094637	0.013684085713425588
-0.03747180204176584	0.010650753801989883	-0.029831992801082865	0.008741400079598137	-0.026908688379997922
0.0021314198585966975	0.004781218705513656	-0.007021077165433864	-0.011215232731073868	0.0057127695956465455
0.04126480671016037	-0.011855676093245863	-0.01585218345966447	-0.005157699012827949	0.0066503534573381755
0.025686416845703604	-0.013520380164973065	0.038690082581678706	-0.021722302128732003	0.04747210780877947
-0.0037164379136393837	0.007981995462385783	-0.015413246409761399	0.030703106872841942	-0.049092215484523624
-0.0059102527084518176	0.005748143366530071	0.0003286093851768623	-0.019485722910739776	-0.016551958628648784
-0.015639557224471107	0.0004295057009548473	-0.04180681371594383	-0.0011975115253619363	0.008499443979335476
-0.024373810948424543	-0.03680100597861794	-0.0021147949934681763	-0.0013645368158570204	-0.014427016959074807
0.041851178884413365	0.00295225292366336	0.010053336312525668	0.0045141977666873535	0.03514009982503462
0.007702559883034812	-0.02581031413690681	0.01589648769980195	0.007765234728082651	0.008342573194471247
-0.009205678399488739	0.02041019147833163	0.02065724472624316	-0.0067181856600232095	-0.00015955416990337534
0.022122674256594338	0.01993420765260009	-0.07040101441850673	0.01917236761604816	-0.002863498963410184
0.037895743412945264	-0.03141614364587586	-0.0076060755229559384	0.0015610158240254883	-0.007667511885952379
0.014407832539038821	-0.026451634390866764	-0.01105706170699639	-0.011628853732044867	-0.02420725320916514
0.026032521397680298	0.04314797581154282	-0.024097627704755348	-0.01914192290257719	-0.019359370833440356
-0.006919341474174221	-0.018479344608002476	0.005450557139843027	-0.03664423257304446	-0.011708381991416569
0.040038253441116646	-0.005637103101715992	-0.02880424041665411	0.03852848568334964	0.019325385918350573
-0.008904017824895886	0.0318323206256516	0.009745709937065557	0.01970534934819798	0.017438693104463394
-0.0030963943746454593	0.010416063806042479	0.03253306583380751	-0.028267362469125	-0.002693030117698768
0.03342577029128389	-0.01289218185493032	-0.003318972785912473	-0.017835106058228946	0.0315004488058036
0.016306016975740613	0.013476281963979717	-0.007806134419693191	0.022435244190688087	-0.0181736533963663
-0.032682567737252664	0.013263086398254409	0.02322721625206281	-0.004394721834156905	-0.01092995658593305
-0.03357361350186149	-0.0017838603399003127	0.01941084161854613	0.031460941823118205	0.009583470202999943
0.015311830445203569	0.01727368087406036	0.020219286426191686	-0.0575807553484462	-0.0016864159167265312
0.006784333400366079	0.005149204480051835	-0.01424333019227762	-0.017374774329305585	0.020583212935376693
0.02094942832928602	-0.04421271800911415	0.002982764637033267	0.0013099330696476836	-0.012965942267375942
-0.02475533048557612	0.06765315525012307	0.019448292165692257	0.008960839369556578	0.01524791311212904
-0.005160932504950912	0.027781793141379112	0.03192821769937276	0.003911505103553991	-0.0030241642981104332
0.02651319173731861	-0.01728215094729365	-0.01937637731307469	0.006459399446493036	0.007560877648524216
0.010396702846501741	-0.0029834092578248294	-0.02481429420086958	0.020843140152357165	0.006474972925229776
0.012424250899770346	0.02880888375111667	-0.011503599482229397	-0.016461424032953312	0.0020542773801865213
0.011680901546851788	-0.047437110239033735	0.04329617849083438	-0.0060600238018478905	0.002684400507822304
-0.021419433508709763	-0.02268617941007132	0.03188928440815907	0.0037961253776132983	-0.006206712560431715
-0.026394659603572998	-0.00444085991713987	-0.017775697310933224	-0.028572684188167562	0.014321973592986498
0.00913037143014515	0.01583464358607931	0.011373666693538525	-0.011780008523550472	-0.006338794367500545
0.020400005377330756	-0.00744732787182115	0.0015145136303764978	-0.009442990157446183	-0.016538933810496207
-0.023950656287252563	0.03889503447655601	0.0033764025521599733	-0.020475658482334617	-0.02048638452095174
-0.020463894554492504	-0.04058944886119755	-0.014296042686081065	-0.05280147307200865	0.00022776721903200112
0.00045759549285691314	0.000758753458191614	-0.008911069433495206	-0.01092777342574443	0.027669000756154017
-0.01663701872560156	0.015611915565935525	0.007237018550275383	0.011446884687991018	-0.016442515019150908
0.020599888374076225	0.012923102174109049	0.0009246622001682649	0.018875103177909712	0.037562598456653364
0.0246587667201031	0.009249131397097472	0.010168218315766617	-0.007314393691077303	0.008770725784922195
-0.010726057808264172	-0.016679929812157466	0.014744420289099815	-0.03981643632953706	-0.010481422892723125
0.0006411307721538324	0.009765534849125937	0.02301847057429814	0.005913713659609956	0.02975622973571027
0.029303615276048488	-0.023874528160085413	-0.016359210249544252	0.02954527121257103	0.0540891911313956
0.019156864494650396	0.029844429964176036	0.013785165488896472	0.016278106461279866	0.008888287147717342
0.014298227000082972	0.02869974594732333	-0.025941867282115613	-0.0398381494885331	0.03076424494845947
0.0020512084376974656	-0.00494464611608501	0.015134503233971622	-0.01867229009558849	0.030948562382889677
0.017180803593871544	-0.027765113145078978	0.01108393019479446	0.036353897684218414	0.0486980582015706
0.012813328241259424	0.014435226619285894	0.0034669563506145524	-0.008340645119585937	0.00893430257660743
0.016630545355470396	-0.011017067867773164	0.015281981657016202	0.0012823083142482587	-0.004626841669097569
0.024086144395806062	0.007135282026226989	0.003888155710636251	-0.012540161185689763	0.006640188615019826
0.024236453618748648	0.05080520108077256	-0.0026235034639987493	-0.02713564599839107	0.021900615402149166
-0.024158440001309452	-0.01769163119408294	0.024056844207637686	-0.008639381907267513	0.0037740259573013444
-0.004805529481855631	-0.02476595254669343	0.017468142185054658	-0.04028731756627286	0.01234314828871039
0.028363778313446525	0.038700809320804046	0.032532683424436985	-0.006931625124417339	0.026702339217659535
0.020779614123081023	0.0017076713366964546	0.019039237805097697	0.025915274983373492	0.04008407265365983
-0.006776530602958828	-0.010105076873150837	-0.007445628759189904	-0.001814425699552479	-0.011391340499058641
0.032792920904717374	0.00382744432213764	-0.024279400017087057	0.004560096620601865	-0.010457917287528127
0.009201602541575078	-0.0016330039753295854	-0.0227857699630991	0.026299260652319988	0.002267522053779761
0.02698978268582721	0.0434729209789967	0.011102812842578405	-0.02215893749943259	-0.023266844055351787
0.016946783036930868	0.03324589971570607	-0.025730907069112793	0.02819785840145187	-0.03708259427548001
0.015961273298080326	-0.03141522704691589	-0.023479238163080562	-0.004869552942805441	-0.01606260117011057
-0.031621645502581654	-0.02746280497093996	0.00744474684420131	0.020939263348694035	0.004065968878892476
-0.014417100749924791	-0.028797950552111644	-0.002739082173424655	-0.02028240637683771	0.027455837745386128
0.0006002801959956849	0.04099812896094549	0.047409130411428926	0.011747562564172476	-0.012076910818921061
0.011955811924795171	-0.04162851624228679	0.010330922567515407	-0.020484263239835057	-0.014570248500570083
-0.008982844152199772	0.01618776733152315	0.007867443762718597	0.01992735136788125	-0.0021712775767412894
-0.046456264632873674	0.021033771641791595	0.025691918697061403	0.01707730634158758	-0.0010095620517868952
0.006587820012949103	0.016802887723013804	0.0008335157986048211	0.004001568092622257	0.018322886143931894
0.03562058465519044	0.0149106082288301	-0.018030803070597973	0.02040280595714869	0.017179991221466708
0.012679002634946531	-0.014623655982550193	-0.027258661858876973	0.04193534992816681	0.005449741981015356
0.0034102891069287215	0.025708646919452335	-0.041999404586730446	0.008316118364084015	-0.007602489173892823
-0.02571367427039976	0.011017521451782092	-0.016231230586252518	0.02444294302271013	-0.007347539080772155
-0.002778496183452964	0.038724168497284	0.014557899691010005	0.016426211477276274	-0.011984741732451839
0.013306165314542037	0.01879467001901177	-0.0031690178206373286	0.056136066101208526	0.016864749969030174
0.022429972076199477	-0.0022626109824300444	0.019810810554703795	4.751325317627888e-05	-0.015680801350675604
0.03183844547627687	0.01593961071480919	-0.03419854085353978	0.01644664932466143	-0.0002678743618686145
0.003939186028262078	-0.01693695745205581	-0.01476334482490173	0.0005595090328918348	0.013359583050257567
0.047240665741166366	-0.0026586440196525686	0.0020913811620843787	-0.018426950354411494	0.0004930814980001128
0.01115427811941316	0.007603194709040461	0.009190015977952923	0.003343400866312826	0.043924767906442674
-0.05428809931957383	-0.0009430200905733181	0.005241171240972936	-0.0027374540141566622	6.639341635686011e-05
-0.01858238262788118	0.0042084197807782595	0.016411460349309997	-0.04071062436805907	-0.022109428055865486
-0.007932932222792016	0.00028792773413167765	-0.00011120065650676724	0.022287819876199034	-0.018933629062660787
0.0008848964599895703	0.018595644056199116	0.03676697152670702	-0.016381090963960787	-0.0104119330418956
-0.017983706166908187	0.01869673869775284	-0.01746537130539698	-0.023871144028008082	0.022785198853128803
0.0020606973144322452	0.0002807866029072509	0.010496029848669139	0.008105096736534126	0.006328819982385644
0.036757569770619856	0.030712042090612846	0.002014617696106312	0.020385962548677656	0.04174173109017488
-0.02230498089285143	-0.007031331998238959	0.01593562728795991	0.04203918385746216	-0.007886265304774001
0.023019877246039384	0.011849865704692486	-0.02659627706577141	0.0030552329660734115	-0.0036421372880893763
-0.030638595409307197	0.001138872926776253	0.05131561899444374	0.005432172990874031	-0.011443973648230221
-0.037435059107924364	-0.00503662161314037	-0.03287492215823723	-0.023040494411624465	-0.00920170062234505
-0.005557051807532734	0.020584729838596008	0.016034072348381195	-0.016693466352462834	0.006333440225836329
0.03388014732924184	0.015058720988417807	0.0029132539934918263	-0.011988636476337093	-0.01631738784592806
0.011912472003592956	0.01568676097130709	0.019407497548337684	-0.02173811692337506	0.012480566371076253
0.0022010007214490063	0.016661832192508098	0.014450506296497198	-0.010434868800754823	0.00799476021288949
-0.015532177128519455	0.02291188808720877	0.0011132104874053614	-0.011172442171377151	-0.019854719745956397
0.006208453956808957	-0.010032152193861417	-0.009569536971158149	-0.008388407152974574	0.008996422105326501
0.00629871492851446	-0.027935997742145804	-0.022429135177735097	0.005051663662066797	0.03705304284034604
0.011003891520222825	0.029911887695950518	0.005912989141738934	0.001248888992009512	-0.03800280877653122
0.0003404045444904075	0.005813228158071351	0.0186339639249838	-0.01981386119868117	-0.007261745322794811
0.03068027530832572	-0.019502824349566992	-0.009781715712176326	-0.004849875304753696	0.017746985679032448
0.008199030586453788	-0.018699621194181257	0.018274461627039974	0.021599417523150442	0.011914982781129122
0.0052510992418408646	-0.02926901501463299	0.019765814924969333	-0.017482014368611614	-0.0034335331412886066
-0.012530078338483838	0.00665890266740453	-0.0014024817288996972	0.009736696850559189	-0.0017849904716046982
0.008092552644903455	0.021249713013109982	0.04081484547437625	0.008301813106561782	0.0008644098361230267
-0.01984416527093991	-0.0030782518773247664	0.005753135454682443	0.008275084864967936	0.02818115753399828
-0.01789937843705566	0.003457497093106031	0.015825020931342026	-0.0005795663645838181	0.00035461436113694896
0.030554442679128695	-0.003874186651916196	-0.002312026385557093	-0.010332065159690904	-0.0017012869236508327
0.01855318355404829	-0.03351199685572983	0.004524569245779271	-0.007459589983303998	0.013206597605968148
-0.006763325512234877	-0.023108020450935074	0.03433774941773757	0.01893176500118366	-0.014638997591687236
-0.002114126151715701	-0.012548754775446477	0.00015456398563175322	0.007163597703587864	0.015366898883430433
0.02347714259660793	0.009106308640921407	0.044757211740519845	0.010931474693410166	0.0017351014482482052
0.03275091618981221	-0.02426124909078215	-0.007278815679993261	0.03235147698086325	0.010331169725527747
0.008397873894600595	0.009512946457934124	0.00487204695494437	0.004073933124143812	0.008394608573047168
-0.001039739234314021	0.015194916227111525	-0.032773701939014396	-0.0007979310348351543	0.06161968826387021
0.03022195980082696	0.03809890312443258	-0.010045327390348503	0.007388807978760721	-0.0188207055137218
0.022750180471721275	-0.0007731384741456833	-0.008502107056815781	-0.014098509682993459	-0.0255041159826881
0.0002212342144254321	0.0026463049307185998	-0.02556725036441901	-0.0036790673134400706	0.047852534637685254
0.03340788405231647	0.004047662027463778	0.002148702706959823	-0.04231272661736483	0.01665437016147563
-0.014252360400050719	0.005173107610328248	0.010346154381326765	0.028609683295186275	-0.011392514005689892
0.01675754472136285	0.022076584130684102	0.007614434717118906	-0.011173935431285961	0.02518208595628469
0.030290016583409265	0.014474517814555348	0.0394352465643766	-0.0019239229568780343	0.008476186321139861
0.004888404334318508	0.0014202584936624137	0.021419284380979883	0.0073467468828813	0.024552870871750596
-0.01329814341811344	-0.010261590191576079	0.00910087527646872	-0.019356764934938972	0.0009221350270442481
-0.016611798970498047	0.02668314612013754	0.02159647367206512	-0.02291113481189661	0.014212932634976026
-0.006297536004366505	0.012322850216447847	-0.03819037581629399	0.001167923960585621	0.04131793538899179
0.010609096367765816	-0.00609809785171242	0.0137338760210812	0.041174723992176504	-0.00787150477016877
-0.023930966503204674	0.0034561212447899005	0.036648232900111995	-0.013524806983810825	-0.05784620548398137
-0.016378079433414103	0.01404726466001109	0.021187424170453956	0.007764901499186189	-0.05161704921201209
-0.0016903060043307492	-0.00396747082539892	0.002453090270296802	-0.00799441926033826	-0.00013777426727524644
-0.01655487423374521