UV/VIS SPECTRUM FOR UNLOGGED COMPOUND
INITIAL_VALUE = 350 (nm)
FINAL_VALUE = 800 (nm)
INCREMENT = 0.1 (nm)
0.08013751303627857	0.07628872642994124	0.08501576621963924	0.09562884575908881	0.11053404263159149
0.103870264517188	0.08261222816441705	0.10414342378915335	0.0771935461627919	0.08989598327365116
0.07039533305211425	0.10411379738840779	0.06283262702843449	0.061854111439399534	0.06304517668107988
0.054777146055721766	0.08248827514121895	0.09176899809105347	0.07173100602112001	0.09180928191712048
0.11816205510612716	0.0709780177179213	0.07332827795362902	0.09850219703308043	0.023338633596776907
0.0860509403705531	0.04601797229429206	0.08494321660809917	0.08056872136778595	0.06199831438768165
0.05733748758825214	0.05735170667692789	0.09792850614957915	0.09586104994305705	0.10480967589967782
0.07873476067236293	0.11514786724453312	0.07431448671828957	0.07840311604648008	0.07994918559203584
0.07141050682864132	0.041994692006050785	0.0800065437819025	0.03648314594597643	0.06271652031967806
0.07404648896968863	0.04893786246685557	0.06760559604359999	0.07602912651842664	0.08714442288570622
0.057419497195864505	0.07264712938928919	0.0765926930567813	0.05733963989208041	0.0709662325260357
0.07570926581504785	0.039736600798711746	0.04005821264684436	0.059122402391450946	0.06768098076610078
0.09622649766989123	0.08884862265178185	0.0667690064589128	0.05700525030020183	0.08114764466644214
0.08869914693428387	0.037127676286246115	0.06894470016143883	0.07881994072132434	0.03947740137808092
0.07372009296985553	0.06962679319719496	0.12421309729558554	0.050819183375137404	0.04996834373155261
0.13456299380432085	0.05113476561943442	0.08095295395525964	0.09640440967093407	0.050742230840753424
0.089769920411606	0.05627148251375465	0.05709163141712108	0.05784823391228611	0.06648330393304078
0.03948862751551496	0.07338996015858289	0.09209157556232167	0.01861692507242205	0.08591779034709393
0.1279903818502783	0.06280455498655281	0.07977665376693578	0.04562917132939376	0.06744055421662805
0.04941803299897281	0.08217241441804066	0.07105199544879548	0.08353100038643105	0.06320864714469362
0.05581680620716427	0.0695824367440015	0.06915999568804723	0.06890789939776057	0.06738668568156558
0.04258915391869298	0.0980348829386138	0.05341428185060233	0.03848010566319601	0.08668082959257291
0.0906012584474043	0.10389308925199663	0.08833665246629886	0.055914327404354466	0.11452859228229897
0.07752389804928986	0.06825867225557869	0.09672411462258916	0.06419765053116823	0.0971761712516802
0.09947656591714779	0.08109388507161261	0.11439916349810449	0.09300368415100117	0.06489656306020475
0.046387399693069084	0.05476866487192749	0.06713540151478227	0.08783977916371839	0.12264619853862052
0.07374470833578907	0.08486254228206387	0.07360662235390818	0.07615824073169623	0.057450402644351584
0.08488544393507932	0.11595987032878222	0.11874320146211903	0.06559972827273097	0.12153283460993018
0.10713140050971492	0.07019346982699379	0.07118650269726537	0.07293873097386475	0.07854301332899546
0.10043425843401091	0.07527981730126718	0.10509774793359744	0.08967490998549882	0.05529181605412399
0.11847183111369336	0.09122643116644132	0.05267130791063482	0.08009334069391291	0.061466481605626
0.09528234747474604	0.09420042020850673	0.06630166752520703	0.08335609544712015	0.11050094977308739
0.09448667866583937	0.0642744689307092	0.1034197297721506	0.05484683226762555	0.09139618313121145
0.0831157936073197	0.05542273923667438	0.09429650139400436	0.08314215871613259	0.053961699812350064
0.06306119842599651	0.11766041407531326	0.13298684072317474	0.09901667670605838	0.10638550653782054
0.0873664147669715	0.07177095210475458	0.053929843094135343	0.057639902333099256	0.10287359162051012
0.09004982193714468	0.06235592047379286	0.0893746573613772	0.061271622832144074	0.07093998492868067
0.08239520177214954	0.08229183928787659	0.018160176260700177	0.06065108586934148	0.020672668066406948
0.11233883086538818	0.07495975448860967	0.09277969256297805	0.04446275663626348	0.08259833164470423
0.07580048075740198	0.04836540899589235	0.06440906435474891	0.09733084294682912	0.050491293970900006
0.0785392048496556	0.07124188315356988	0.050671448068170144	0.0823377846896655	0.09371508888560896
0.08996124006117454	0.045017272511734506	0.03437891822393197	0.0773000908609078	0.03744736489209171
0.08166130376967878	0.037336872569049245	0.044975601011624164	0.10881755633009077	0.043109422445908555
0.07897816804302277	0.04820534451342475	0.10143241094137248	0.06262053357152395	0.07241184586163413
0.07380622636161573	0.06894744562235877	0.11502219530527524	0.046627167283543325	0.03935437630085327
0.06701957374964045	0.05696570743365903	0.040253730744510705	0.04910590543133839	0.07585555046942034
0.09525892775679064	0.09612308487174198	0.06216318553197717	0.07379811373714219	0.044001010177671246
0.08972273298704599	0.09934928997461963	0.026867499721004884	0.040105261404507396	0.0410392558887786
0.051560106931977934	0.04008331246061688	0.05238221014706458	0.08612383076149258	0.046128442478101224
0.04052536906126878	0.03812988898028499	0.06238442098879933	0.08472788208410996	0.05394635364932505
0.022884577569190587	0.025050467579786757	0.05165998905921966	0.048719966926289486	0.09611279738398801
0.06569404552928006	0.06516962447998913	0.06216429343796259	0.07657967575263384	0.07328733655437
0.0372755818091131	0.05800399624319872	0.027784281109769483	0.015078648664806363	0.03532072996995861
0.06517468488149353	0.08232119766837091	0.04747325546943293	0.052791214218229424	0.07151805733718442
0.061140815277498116	0.04387218622017651	0.023307626841424574	0.04789590962894291	0.075611136377729
0.059343226111756395	0.045821272763042674	0.06447541623252427	0.11400799169873689	0.03353091596910344
0.0633057676257883	0.02349435133377279	0.04800119898939429	0.04647917404944976	0.07906561404689506
0.014854410451581177	0.011043014910334189	0.06939928219286325	0.04043236717424878	0.08853533020387097
0.0691167225914853	0.06340240520411344	0.07822964850120856	0.07184113839530647	-0.009956832659980472
0.06242073446491667	0.06418435924143283	0.04294133629981306	0.05183787674695941	0.0417411289160931
0.060999509731497446	0.02671774794438877	0.035144731117386495	0.06530177704078755	0.062032070574943074
0.0783597140065556	0.04481140113816838	0.020579208205274403	0.052116517496754736	0.0493611858586606
0.055586362605443765	0.02698468672892739	0.039504443447118655	0.008522605891455908	0.07312608233823677
0.027863543726903205	0.061342490191025285	0.050971470760989776	0.026690109917958716	0.019438385963270646
0.04309369346547108	0.06490744739916306	0.01311730839366021	0.022528157664316803	0.08724993995118757
0.04054016792451369	0.033246660357213395	0.05332043326645504	0.03645000627326106	0.01140130611357791
0.01356321484639767	0.00833934462002262	0.047484182429115424	0.03468382001088225	0.09012815052280887
-0.026741089608717482	0.056928634218939525	-0.013349258658503532	0.03772067397680598	0.045805507622272264
0.023408444860862444	0.04767412874045088	0.03223469430795539	0.02773932528821194	0.05068519506128778
0.03171059909975597	0.05692617588691262	0.017915680492191003	0.04876047466150543	0.06040747663295164
0.06858276068672707	0.04340422271344091	0.05713803014070948	0.05871372115652196	0.03246749750661191
0.051003133425797764	0.06165507990788044	0.044464055501553676	0.06991795663799305	0.050908674732530385
0.0839745051425908	0.06146957280883005	0.06348137279426475	0.06232317397414309	0.010918167545964638
0.07920659034349992	0.03789109581517471	0.05075602657573105	0.016078220140390346	0.024946398591944467
0.031393404796790855	0.0521961559534811	0.05505927808720763	0.05074408027771595	0.04271896453736664
0.042897784719828705	0.08018017683955145	0.04572239746674882	0.05174432961206325	0.011582565682815904
0.06393407350916284	0.058073562378209945	0.042094631541666275	0.07920771588685745	0.03155177786675015
0.030164057606288375	0.06222303001788541	0.049433107087836554	0.01994806194477749	0.032249407477973155
0.055206991505886385	0.08113109110547402	0.10254262677872389	0.029435101191563957	0.04679805886402019
0.042048777773722304	0.056182982806275095	0.04784507358749074	0.0592756424530037	0.03794146587540139
0.04851931798354893	0.027414582270588624	0.037774513752048676	0.03223098071469949	0.03723684971233454
0.05401201191495023	0.08136050600283355	0.039031830898328984	0.05018038999379024	0.04120830642153562
0.03568795712003987	0.021829777994043523	0.032074803366730756	0.04762819825775468	0.08837753907240806
0.06250367921531616	0.05451545266763902	0.03331196215369295	0.01879201034796086	0.0449231108005722
0.07850943687347767	0.019256889532851894	0.0057524335080846424	0.000925132427713255	0.028457751044388517
0.03966674347404007	0.03670507346845153	0.08336918847812178	0.06479898791645597	0.0505584038259011
0.01984498432749011	0.030016488605397254	0.0258066388808125	0.05430548490868051	0.04980168303088081
0.03675902724118623	0.04083787790391117	0.0502184222598063	0.04073381764050018	0.022025292653576594
0.02674022491547826	0.06546582769623868	0.057912209492064645	0.05345279955191869	0.025955572112928912
0.04522716529698594	0.0007664148836690739	0.003412635022695419	0.04947009371274785	0.06680983293595885
0.01619647431964712	0.05828890917347511	0.026692360290762433	0.043320163781448415	0.016821129096881535
0.000273455384370706	0.026651234566975976	0.035125810003633594	0.046817981272748874	0.06557185761585048
0.029027358074073747	0.054552901932314116	0.07931085043404883	0.03056919706570741	0.024965152824784762
0.05880549953780417	-0.004974312775538754	0.05738713772843581	0.050820668580965456	0.04430469583919404
0.03201877027570627	0.05778384605821566	0.030502284173518204	0.03799310609076483	0.013165986558763733
0.07803980731124437	0.05873839370973476	0.04801883550255408	0.031235753637816686	0.031921155220480224
0.05476743241905421	0.048133233645567396	0.06254910104633593	0.036984079966759856	0.030280270632839938
0.007749876541959547	0.0390940099314834	0.02185492881023919	0.03983644361890346	0.054209488095482164
0.0704387856301222	0.050499556816571034	0.04538899953373113	0.01631278735181642	0.09251954483366719
0.038042804538202295	0.07766224991593379	0.038393546984810775	0.0493690554201652	0.04291657863352477
0.009568805400091824	0.013001533509229795	0.05048555101480897	0.035871138790602095	0.08995856983892424
0.04715982183805394	0.06745929624001681	0.09089229634995104	0.04588239830752779	0.07153554290137858
0.007292246737861258	0.020934498250593913	0.09125996431132342	0.019479373754386613	0.0642667977184165
0.03911295299903566	0.038905094374294374	0.005140060298284436	0.07147222263712714	0.06033763946131658
0.0011630242469189101	0.03226290931953153	0.05807503251669509	0.03121945267737003	0.016601431951026605
0.07433916791402867	0.08104176788754006	0.06789041488290014	0.05563632698957476	0.043836958762378066
0.08791082090066296	0.08950210575255674	0.09684129885640258	0.07949700862147037	0.050020091908093464
0.03777467195484543	0.08436263057668207	0.04418141570317533	0.018299674599989577	0.05382163558173788
0.054115116462582116	0.05938370823485394	0.053323546940144594	0.02185110482586966	0.08648590331085515
0.058672825432133965	0.051969246204090616	0.0459794716667179	0.09694185695035364	0.025154170026369556
0.09010831932003223	0.04309010160306541	0.07258863545128443	0.03769805065145411	0.04842931766416397
0.040549557444216774	0.05751913829584126	0.002752658425834331	0.0608423303447609	0.07110908715214409
0.0195071080035809	0.05518599753133313	0.09686537024962223	0.05212420598361502	0.0932345220009846
0.04830591045494082	0.0778851882247849	0.06775571771115632	0.054656604038925666	0.045692680500813966
0.050234342255275864	0.026045793946524204	0.03875521887123526	0.035372270839516794	0.04310034438212992
0.054964799411482856	0.05131920913603114	0.051478248648476346	0.04618390020761788	0.05851733765997961
0.0091889949180407	0.06030389505358874	0.034511871620333166	0.043437601923295176	0.023124015788251455
0.04606626709738004	0.05410904542829985	0.018135377036650975	0.05869270819562154	0.11350293941112208
0.06909867394172786	0.03845559337104785	0.058438469591399984	0.053464942883082345	0.02623875213862785
0.07083496403171208	0.03926933432243097	0.05769921739918158	0.0549132869506338	0.050436225623320674
0.021490782253749733	0.04161332971803599	0.06297686616189611	0.05881447547949074	0.040262489860392235
0.09660232494340909	0.05759665092830849	0.0702203731685995	0.06682279684495444	0.05220894890676023
0.0852806392492344	0.07369386431286126	0.036113691736852055	0.01663163551000328	0.04133679844413426
0.0374570555267061	0.05250825917900429	0.0862370026722089	0.07995148148936412	0.03636018619055108
0.09406668166500369	0.06951403077570663	0.03944537142968582	0.05822383054038927	0.08533115489261164
0.10622485447611703	0.07284281406938135	0.0666227007940833	0.07290139581625465	0.05824389423776764
0.07833233472594488	0.09715841600100064	0.03998627746225557	0.04399830299492721	0.08915191960651228
0.01215481786224505	0.07162228994830001	0.0690335295085386	0.04487632318512491	0.10794976408786872
0.0698259559699415	0.018651025114907183	0.09389429038671619	0.06117655505431699	0.06549046430733838
0.06692623894565992	0.04339143529097577	0.03451845436370764	0.09480711019284913	0.038437487864887425
0.04764151320949118	0.08319715491916435	0.08079487185863922	0.10328732727803128	0.08895919463542314
0.06467568399729287	0.06119771959997162	0.10693951572263613	0.08984448463785634	0.08789966332005579
0.05407426271704375	0.08012764564125849	0.07393846964827563	0.0422815025250919	0.06418897092009536
0.045431725062421935	0.03813039119691504	0.03184152673210305	0.017002782392332095	0.02821713464782054
0.0907628887798165	0.06787703621595313	0.05037441463788173	0.07273174512319176	0.055615745255426674
0.07600375112140212	0.08552157342639717	0.08999850655783476	0.08826401045829678	0.06700839065233219
0.0799277316187878	0.07649814938176064	0.07981852031491699	0.09448233668570143	0.06183132461132895
0.04274312098508694	0.08720537810030093	0.06021280901951679	0.04931551213877596	0.04996893429348291
0.04561253803852629	0.06201898671596958	0.09209865833317807	0.07662104547186396	0.07927307394876187
0.09345261750869854	0.061529658529053545	0.07147488641758375	0.11062843395753436	0.04988758642114332
0.06881729643388437	0.08197894369080187	0.04007687186329893	0.09037377568427318	0.09249458627387688
0.0747821957209902	0.08416064310388016	0.026924772655336635	0.08355496216552631	0.07368164452790367
0.07618832549015123	0.08994502072824045	0.03361762817694226	0.0664063534893592	0.10071342583655407
0.013434160356174637	0.024581760543990912	0.07887290608001138	0.06830470666617519	0.0415851712985873
0.060433479982402415	0.09655144877835768	0.06298603816891947	0.04746297038440865	0.03592259866762493
0.07311074654724221	0.10636751387555965	0.09763487278125789	0.035883293793435356	0.05543715002441688
0.13132256271754036	0.028163450265280252	0.086413638510718	0.06488704324147865	0.038071601814933506
0.04219941876778331	0.07178177497449774	0.07709320400702294	0.046763067528909734	0.05254114178151466
0.03625586500802913	0.09616803184864998	0.089156280538293	0.09369360573752805	0.07397938529490312
0.07182619801245897	0.06025411864499988	0.095837702876307	0.09714520496811807	0.0723165452259378
0.08905823674770795	0.0697530578235132	0.048463514128222154	0.06232999487838374	0.10327781076347572
0.08063891028683101	0.07554647079227983	0.061789762406593	0.10664920454271991	0.07018848555603768
0.07424401684951527	0.062184638310855904	0.08794143433078166	0.06415127135042063	0.08030747693275846
0.07145625686541515	0.07078425553548519	0.07211849548602921	0.037969398805961306	0.10521241616080157
0.10549184910924661	0.06951742102611502	0.0832609434943661	0.04945308199614937	0.06564822183654413
0.08214127529999822	0.052719490845680984	0.10645293135266376	0.11174431461071628	0.06884423711264132
0.0812816506085727	0.08264640130549199	0.0964645579345237	0.09676789996940684	0.08160312917221066
0.06085624766268307	0.09394660788233421	0.11034873089515221	0.07231236409585756	0.09132781324538389
0.09542726315991112	0.04216873866938206	0.09491628718414312	0.12180059428115353	0.05673875278120111
0.0970936441324154	0.0617293885562038	0.13817176292252742	0.10930479056520218	0.07523957585084907
0.08735304941410975	0.062348415850301694	0.06251161880861453	0.05184603193840079	0.10140424586791996
0.11078608953534136	0.13174800587589405	0.10566121572675118	0.11028179051041051	0.10002182406835676
0.10278342162119919	0.09282331275935955	0.0605383543877835	0.09684915647975313	0.10428173673434857
0.10403665190741179	0.11834097813312186	0.07330964613195741	0.06708599484779836	0.11063479357538097
0.11173389194492629	0.06279559956064379	0.08472592931075926	0.09351541454698001	0.09870873978549434
0.061700747593455466	0.1376198625099496	0.08303008675765006	0.08948023254182401	0.07142978614294908
0.1257404298525659	0.09485182224833714	0.06038482893339437	0.12116822328192284	0.11324058815033204
0.08438199779364196	0.03902074035598437	0.1328315176785611	0.13870827800457308	0.09213511195208403
0.09629003903472584	0.10738301886923231	0.10352695298218986	0.06476324548592291	0.10760446463206093
0.12737355773555917	0.07325057190998316	0.10880185380738838	0.11543387670536631	0.1366461572776325
0.11528936759566352	0.14123141548540505	0.11419188492638513	0.12224265677976126	0.09926879285325538
0.10634925904642514	0.07984983307811228	0.10248869464637989	0.08014912367067974	0.11336569940535837
0.08681178256667146	0.061270106717643755	0.09966584345650287	0.0997912359496291	0.065585344897414
0.10624451744302489	0.1277152732925646	0.09609851130340837	0.10052255667577668	0.1171989914337616
0.10925651735992763	0.10761111217875818	0.09968844898420239	0.12707647737391506	0.05846134392349891
0.13776331224645513	0.12792795495810605	0.10922569994514413	0.14582828006349902	0.12029197874686245
0.10604553500544359	0.13175593544678327	0.08790995632660709	0.12770765513454962	0.08697138223665526
0.14706705066379908	0.13115885612935374	0.07285514560295256	0.14057310590870614	0.09969669809648943
0.12354156591252509	0.14082582430801574	0.1488959388053104	0.11781671303581039	0.11491971970018092
0.10668477760449542	0.07517454709968982	0.13781718365607606	0.11071050144514272	0.15488348093175308
0.1087698547575063	0.09484807278398515	0.12954191341580812	0.1578738198082268	0.14347642795856438
0.10143821639701217	0.12395996923118105	0.1287700034867335	0.12000833057144626	0.12843508669835815
0.1492884485207164	0.12833415571072349	0.1413565259248053	0.13970391123554002	0.13612440608002008
0.08443961885311152	0.09518167236807552	0.11471339861936133	0.088585816000544	0.10722517801727947
0.10164906970822557	0.1432401958078334	0.09615367672184823	0.12489343044737923	0.1555263562266339
0.1415540610254525	0.14818542658188263	0.13387542433105587	0.1364577482916305	0.1431459778295207
0.1387926070375997	0.12009561577568176	0.18227942347300527	0.11032695535614626	0.13312188749615755
0.13616736152870548	0.13439586599034262	0.13163784829903352	0.1621939093401615	0.13100394013133815
0.1783843180246496	0.14692191601005822	0.13814225693353374	0.13270168842598531	0.15210503949538695
0.17401158881973375	0.1464008559200871	0.1528480337545188	0.1565050838278911	0.1651207038990961
0.15458982405520108	0.15137088911180618	0.1500284136160918	0.1610417737828117	0.09100061662679142
0.13205644769053623	0.15516257285380813	0.14916764830138965	0.1666889022858834	0.1652995647942129
0.19513973118886954	0.1607548331779409	0.1280564181045298	0.15977496237915886	0.13978127601960605
0.15563701995816237	0.18752090821695194	0.1425021602012252	0.15178957923495268	0.1578384821757729
0.15894897634523478	0.13138773365326892	0.1278523513320848	0.12354404334230673	0.1726192014667883
0.17693905388840905	0.1761574307912353	0.13640028403838259	0.21117774415758217	0.1537787429543302
0.18426877875185124	0.17817552279167914	0.15654869864901522	0.1935741950708529	0.1279838326197194
0.1581316918238552	0.17021715862413514	0.1376020793394807	0.1640865122331739	0.14352896488960806
0.18872337661379143	0.18537324438180153	0.13776563914182494	0.18426594952619466	0.193477507016452
0.18749760398001653	0.2001266288903555	0.1896154704403705	0.18843754108140617	0.1942379949771518
0.1697391244412251	0.18527516105945305	0.1498931708445009	0.18042588133101373	0.18328814777819485
0.20355836141415476	0.18434938591943328	0.21923417048104488	0.18538637870536578	0.2277584168681788
0.16673028237167098	0.18195708516728146	0.16978057187416729	0.19603281104006856	0.1913897362367766
0.15378491594617358	0.19050671657588206	0.22594716126428466	0.19578399308742964	0.19736664622258748
0.1671784136000209	0.17608007113924665	0.16172510241203336	0.24646464642363317	0.17760477719102052
0.2153454414044878	0.24467283852752222	0.1980006049475473	0.2326031869139721	0.20344490324308542
0.19623746418870194	0.19629589247812912	0.20093987655440762	0.2177497835297762	0.20175234676420237
0.23399207609066944	0.2314215442096577	0.20772279862935744	0.2418530714690361	0.22623772262477246
0.21551868923628603	0.20142417425319956	0.18448154434172875	0.25286662774901075	0.24474547750754888
0.23620732101249273	0.27207449504644127	0.22491433483384057	0.22158898945192051	0.23023653044625608
0.20958841433070724	0.2508429107732004	0.2818526711847759	0.20450014475024716	0.23403660096756734
0.22116238538652117	0.2358552269587708	0.23145826297872985	0.23390128299975846	0.2170085557629223
0.27637389561302683	0.240502059108074	0.21228749527359994	0.2228213054338733	0.21868763181337791
0.22797417302185097	0.19411354210389378	0.2603340748305244	0.2549245486073413	0.25587855526249037
0.2801018209590918	0.274264696835858	0.29797562355567453	0.23192969771097033	0.23973968549411356
0.2392841152684654	0.2432598779413377	0.27818384851602584	0.30695864959982677	0.27574625057242846
0.2642233238613189	0.29066497624876514	0.2567843667979577	0.2560121522799435	0.23799970324214412
0.25777172167175444	0.27557621926839604	0.22839771751783153	0.2768085688429049	0.25215924400404405
0.26646129863836776	0.23722658463832216	0.26106517698025317	0.2747128276978375	0.3042261995142845
0.2938305704761286	0.2857549699189735	0.28906745891400637	0.3036580578151838	0.2882374797068502
0.32443627154930627	0.26978041250613655	0.28806293542842404	0.29920565204226435	0.30381696571309935
0.29205669190790756	0.3049760384065782	0.2718917111236034	0.2921660212935605	0.3145366801397928
0.31541310209261375	0.3350522467933903	0.3150694011851938	0.2907889918577667	0.3302099847965449
0.2946672792299936	0.34975240988412826	0.30816587410057644	0.2986482581795702	0.33164963600153347
0.3448217190569194	0.3211321690010292	0.3373913522320239	0.3097035451882278	0.33603344653334954
0.34495018168341096	0.34847367010482766	0.3694333155010431	0.37263839838255974	0.35172153078187535
0.3545074245482283	0.32122960476564627	0.3345432799692681	0.3260764908066172	0.36654344858013793
0.34610606578460834	0.36774894895405613	0.39889516851977613	0.36893111368081716	0.35324207193789336
0.3597701288347937	0.38582295116732357	0.38950890668075283	0.3708317552225366	0.3803809728471887
0.38647833357013306	0.35914018206907805	0.4171650125074566	0.4034505335525654	0.3779298775331798
0.4162514058688329	0.36100987514447413	0.3940829937786192	0.4048979983288696	0.41661269000422646
0.44497762458528994	0.4318820590897749	0.393520217351949	0.4378157603203641	0.4654209334921447
0.4233783894343207	0.4480767581291428	0.4016501437317871	0.43047497909329446	0.43307570898750825
0.4611418002655617	0.4359428400740212	0.4345209807619826	0.44222247186529845	0.48685937154548375
0.4673464548624858	0.46346693234952874	0.4611010789321459	0.46121908863159805	0.46374765238742094
0.4567391803531915	0.5016780549218944	0.46140792988240154	0.5136498958072149	0.4872708575018883
0.4849477677996096	0.44573332655260284	0.5122363305711668	0.519967159977892	0.4462174229369369
0.5193919135943174	0.5171803320113091	0.5677993324356385	0.521799656466623	0.5629593488215141
0.4978888026244527	0.5407447032393831	0.5086051414599402	0.5603769523017321	0.5572327827806883
0.5055899332990572	0.5652533535804846	0.54272975704186	0.5378316698897191	0.5770089087126312
0.5777946999452137	0.5732600746877805	0.5940539254707111	0.5480557766287231	0.5511954931117643
0.6377932996421315	0.625679308779884	0.5721181846341986	0.5901138747783876	0.6094627523904073
0.6024597766424591	0.6343181754021903	0.628126933032634	0.6056230178352331	0.6413869041096923
0.6805490793693962	0.6126310924832635	0.6213896259079384	0.6546200805759498	0.6212742879239416
0.6532389610203607	0.6231004731528105	0.673238124736479	0.6561703058291476	0.6809819132592514
0.7180495537090806	0.7420851169211253	0.6759882411754067	0.7276916202033874	0.6915845711138378
0.7057737169564224	0.7135313387304658	0.7069309792642587	0.7235082128322906	0.7238953461884435
0.7679875608666867	0.7573274467370873	0.7594126444456941	0.7224972222490036	0.7525754156208374
0.7947428374861001	0.7958508470087609	0.8060494241756332	0.8021601315796424	0.8419952187355825
0.8160892822081607	0.8433381920515506	0.7989143652180289	0.8264929388178028	0.8726316265746822
0.8146549865667267	0.8506651266371534	0.8502729160278281	0.8707696876881511	0.8993065845859801
0.8979603458164502	0.9014971228724149	0.918798855802371	0.9445621931493421	0.9084093654076559
0.9464850342319059	0.9636395353942983	1.000474120173289	0.9902683124542228	0.9704700010941077
0.9624111821677617	0.9680337470055606	1.002751015794526	0.9813683371644826	1.002530644032637
1.0107879882197175	1.0292682308168468	1.0358146711735314	1.062075415533221	1.0568932293532962
1.0788957821595966	1.1145692096184427	1.0935028068755543	1.1054384775071369	1.1494013359683515
1.124661977227589	1.1717717309809226	1.198849995340851	1.145103374190232	1.2170216645724934
1.1981103541615121	1.1957651175038693	1.2541595743607914	1.2269172290481833	1.2372822259321201
1.2672579963514587	1.2379349602456184	1.2728137667530917	1.2811825350444468	1.3142497122301458
1.3081175020212092	1.3583509629784052	1.370631446810902	1.370350568377848	1.3800981622033772
1.4296435136636059	1.409035500111184	1.3837094394670255	1.4373049016272579	1.4571716319691488
1.512989951222447	1.5222370006212962	1.4875148786819803	1.5223151554956476	1.5277436322132287
1.5695524539115164	1.58403506330819	1.6009651238798817	1.603549897419166	1.6481768312478244
1.6265838482452852	1.6287748607726258	1.6726187483162747	1.7348938966382996	1.7084308205543046
1.7088398952520336	1.764828622080446	1.7701278390985042	1.8273496972289405	1.7988838412118833
1.838536225846028	1.8751010802478365	1.9016633802625706	1.9055227975405864	1.9199952508173157
1.9222733320688499	2.0140569693453703	2.006049199049646	2.0398159643235134	2.072491850267067
2.0714318904960014	2.0931680687464667	2.1506568457988795	2.1721645305926613	2.1240615062382058
2.167889121948055	2.204725892871231	2.239152761154841	2.267018958485469	2.2922427708548
2.318079332525832	2.399504221507	2.354293896390189	2.39046754216592	2.394064810304519
2.4565483157936963	2.4839767580313237	2.550713026651978	2.542862086523595	2.616164723903438
2.590613233965766	2.6099541732056166	2.6685318465316197	2.696950341636142	2.728613985869183
2.7790493451660994	2.757500505517121	2.843294868928501	2.8687855657074173	2.882998560948866
2.9295403120871257	2.9517566952531427	3.012325258559024	3.039815136367723	3.072171882637356
3.036648795142417	3.111861076150947	3.138173175324091	3.200365701193707	3.238853402336683
3.2811531757528454	3.315668661974467	3.317847596926988	3.370829939852271	3.4073843702132978
3.458923332346559	3.4640704467256227	3.5138596842932905	3.5594056110813965	3.5994890924917002
3.637197700976045	3.6753026880249116	3.683020870068017	3.7565260912848477	3.7567029991858742
3.8042435612478336	3.850726298284741	3.854993530864636	3.9158658790926064	3.9126344194906593
3.98900419440669	4.0159523896828375	4.044084647491599	4.059174502134824	4.1349088923148365
4.108887503876539	4.1470542398031895	4.185493243567414	4.187840165590523	4.240386813588254
4.308499950385152	4.320957372304793	4.336701250844039	4.356561712185753	4.352559410965206
4.383221623461635	4.436359205867276	4.491363488696378	4.478194098715687	4.491098020594989
4.486052634234609	4.52785651895919	4.562574717862619	4.582116763204694	4.575537731729415
4.589142283963719	4.668422832535168	4.629533491090844	4.670148836931406	4.656482215192719
4.6738942729609345	4.700162922757792	4.670260211809209	4.65634340588249	4.671732718455865
4.693178051446272	4.707143398440206	4.694322762111253	4.6968158050524655	4.68823475065697
4.7021473964791145	4.64964184625485	4.6709245351754	4.6728176510714325	4.654641547319526
4.678175059255296	4.662719189009475	4.60159545746191	4.576952703374593	4.578442679741714
4.585882304677977	4.574318184754311	4.546321916085413	4.547750806300638	4.507174866260584
4.455544471286259	4.414425221785369	4.438605829959401	4.347889014340699	4.379629579850007
4.324322156903375	4.308664526560723	4.3431024039538935	4.257194693732724	4.281980055383482
4.193105654725402	4.209226738058326	4.172882440730033	4.15816445140907	4.119758610207397
4.0295302741580485	4.019694623883692	3.9877762400022587	3.947265281282164	3.886637226644834
3.9122479481478463	3.853274145948698	3.842531528202348	3.748953715933462	3.7510532776795875
3.7082700812025435	3.6496584054765155	3.6024726965388307	3.581593143166925	3.593322307893586
3.558407678606785	3.5215308742134357	3.414867418530041	3.4116995595477846	3.384041717425347
3.3041232885337672	3.303927161043561	3.3052986475216417	3.2387852012793914	3.198292588000045
3.1217420279515595	3.1456968433176056	3.13285001067286	3.068054092365732	3.0448738412407166
3.0278670842793987	2.9797258325529263	2.903747782287351	2.893652966561133	2.897269275611455
2.8528465603842443	2.831228846290233	2.7879597987779388	2.7201406026268744	2.714821417815246
2.6769013245060873	2.7130697195940736	2.6091996778781854	2.608079799674732	2.5486053262136923
2.526707347224968	2.5403837012527184	2.457807873582629	2.455557795888936	2.4210841953990148
2.3380546297985445	2.3611102708812	2.33822961028968	2.3044597767663126	2.255400945792107
2.282098197939375	2.2064825546164095	2.1875204242668023	2.181383017532644	2.164114616469045
2.13055993462485	2.1234842997238728	2.1004455811514062	2.069536570455188	2.028115188103064
2.023732892993684	1.9935734334695034	1.9756889941938771	1.9289665511072651	1.9221877305664312
1.892794055389758	1.8284997767660998	1.8480678070156655	1.8000566865299372	1.7892671210891862
1.7696687265422248	1.745056468510812	1.7368261319432978	1.7437675782858464	1.7503042974225604
1.686620233092015	1.682654047927226	1.6501856017468048	1.6352172556384357	1.601136969082899
1.590560663921217	1.5815653609936116	1.5464549230941622	1.5653086905210687	1.5180209395783404
1.527265898324317	1.4655405228329594	1.474321902249973	1.4826822000142645	1.4583525315141492
1.4236898286305326	1.4311010980218997	1.3957440264551655	1.4090702088943543	1.3452613615778708
1.3787507788152167	1.3372978382886485	1.3077514898307367	1.3072826895284002	1.3644098401394371
1.2853149920274534	1.255119847421765	1.253044666712766	1.2277468910722156	1.255360206223143
1.1986839151668196	1.2329356453912887	1.1863760160898553	1.1900839942895878	1.187688195873532
1.1324124270161973	1.144707828499002	1.1055843997781831	1.1437579399974722	1.1160515522541965
1.1016752626438904	1.0885682750061596	1.0651019264181354	1.0842803420976863	1.083146158990187
1.0718707081975918	1.027898109146889	1.0709287825308873	1.0497183408402486	0.99398202348818
0.9753316911995233	0.9955159110345568	1.0295719435932988	0.9695882843611692	0.9616924782211228
0.930058089349814	0.962535505740576	0.9208728623372561	0.9398677431600024	0.9022248120066718
0.8955671169119525	0.9194821536017124	0.9528791509667237	0.8905185446298146	0.8650804124944509
0.8495359803619031	0.8776751649760478	0.8638732473130402	0.8348310821121543	0.8211983787417481
0.7930023282204002	0.81704242447133	0.8390793327106165	0.799062904243202	0.8200418670615603
0.7783153692436096	0.7855173327772927	0.7809029073022673	0.8032037525661098	0.7852451815368224
0.7646433045535211	0.7799497890217558	0.7647187649007864	0.7446717817637133	0.7410196983678828
0.719379584201167	0.7375242112078184	0.731052201811041	0.736440044193242	0.6755599116084559
0.6909624171834035	0.6553815578015023	0.6619214278969375	0.7372814883525416	0.6597406714513961
0.6359405390238309	0.6676076187466385	0.6404685850487934	0.6680654805182719	0.6551350502237059
0.672321440822952	0.6257786043004031	0.6253095850754343	0.5921212865329388	0.6137014746220355
0.6230632626916283	0.6155423106011451	0.6073927532437765	0.5863120658225891	0.5810455984521045
0.5647315483317048	0.5468919304162164	0.6065761586954064	0.5664101769059728	0.5586657144412079
0.5683591536058478	0.5569236763134332	0.6045854463652904	0.563940081344091	0.5569216708543013
0.5340430562104663	0.58107132771535	0.5431449788369149	0.5317471306512079	0.5461060519060366
0.5344690402951658	0.5143362322716453	0.5220967305334445	0.5332527068226558	0.5659512538249922
0.5112237195042114	0.513074788140902	0.5329300723594629	0.5382268069574031	0.47897284156376596
0.49269306898156334	0.5140979352118064	0.4617781819465763	0.46985685832830887	0.4886424178552199
0.46989968702160684	0.4747641458324584	0.4568621811469226	0.4633222968152628	0.43761659415806126
0.43189384160645367	0.48173971440546015	0.4793673258853128	0.4266327976455905	0.4449781750021761
0.4503808670391321	0.47680640050508993	0.41075679654410285	0.4397836372059446	0.41409507097303083
0.42861657999419606	0.42007324026128795	0.4822217055497509	0.43518516254447553	0.41778979507816916
0.39963012004354576	0.41007045496826333	0.3741664345913176	0.4497081466194138	0.4320580006650229
0.41157009839502334	0.42284165757115144	0.40864666993736326	0.41064758116591143	0.37993195626013515
0.4391800222263976	0.3666438958472183	0.3845219790437955	0.3702366432112208	0.36460653230822887
0.3722415649968366	0.3545422844349385	0.38799741682417793	0.3622146227820147	0.3877373984959085
0.3623187991056054	0.3734993645871366	0.36025795666604193	0.37606580225316527	0.3910483031593124
0.36659704689860007	0.35717594935580516	0.343258208086769	0.3564630343024575	0.3433521143076447
0.3783431550665808	0.3623884809969068	0.38000803531784927	0.330432132896042	0.32050672139942893
0.34711776822003204	0.3190528792345558	0.34535396847022426	0.3546319428883985	0.3383334874316944
0.32681469982046163	0.33061030479580666	0.35816912140268276	0.31460605117612755	0.3170956327442007
0.2986260094140713	0.2825453499479114	0.33178425676924705	0.3086019894197697	0.29705117188327534
0.3202869934905429	0.2857420088056223	0.31805171717562736	0.29620725031350587	0.3074366354116824
0.2986881393208103	0.2890247928474594	0.2407235364967576	0.25436125028160006	0.25758303186815296
0.2933700390104359	0.2829749464065434	0.29508380955506464	0.28107212359013534	0.28834110535883106
0.2816297896792114	0.2860832449558039	0.28802805619055205	0.2780286495635334	0.270571766086531
0.3001633108284021	0.24758032748904718	0.29792175878321103	0.2640044396117295	0.24338857437917014
0.2464606710030608	0.252192275575479	0.2698855418596305	0.23675917214243725	0.22848351044162754
0.21492953599210354	0.277070891268094	0.25018570205320795	0.2585338145031076	0.24730629308555968
0.3122342671671814	0.23292095539146784	0.2512071203928293	0.23954696778980283	0.2529779187651161
0.20593872227356358	0.24888811947249548	0.22935792980406305	0.2607418191191468	0.19904965981695502
0.24133012616580904	0.20421075428980703	0.26599899523177445	0.23805568923308096	0.23374257246486224
0.22547628665406794	0.2430609351085162	0.23071651161401388	0.22171344503388984	0.24324290228840814
0.24258117740824942	0.21766009055556088	0.20572661326876585	0.21868927099628685	0.2216002801857556
0.22726066065486633	0.1929122768962373	0.19261950751470513	0.21742476274270664	0.22967188461651136
0.22997606886896518	0.19420065747602755	0.21825020695285546	0.16627510035530782	0.23717879386630056
0.22974956543465566	0.18366965886564698	0.20142861075597096	0.1914147733692717	0.16798942357705385
0.1776358199803637	0.20508598620409935	0.2193397928191029	0.21723797663103628	0.22192212849596246
0.1856224561228884	0.1924584286522053	0.22326844649448543	0.18854898057227967	0.1594915723860952
0.23064263917183755	0.20986548978213507	0.19566736012468197	0.22432660879049704	0.19366509947735827
0.23609534191456977	0.21750673192554076	0.23612173044316415	0.1643400145163657	0.20886085448583366
0.16087720662427005	0.1852030887424579	0.18655286920241973	0.1854620186273505	0.20444452154892684
0.19786156236259891	0.1899872532327078	0.20470887445158695	0.1526045044675826	0.20372439380398316
0.1577470024771363	0.16011520867294865	0.19262676214773516	0.18135344764254313	0.18910392903055379
0.17354564113156926	0.17653647015256554	0.23769299433784544	0.1334116156427715	0.1646479322354137
0.19844020100168028	0.17030509667825042	0.20292943717578718	0.16439354436966477	0.12854838017844933
0.2004467700479799	0.13023519577859896	0.17912480919129906	0.15408880522910157	0.15522202595843698
0.16592206281064786	0.1904841078465425	0.17109316193505214	0.17249774781313038	0.1478320482871363
0.13735628304481792	0.13966452552500963	0.1593101992221926	0.1928590928193825	0.1950603442970095
0.11803971738722256	0.15213003772584352	0.16878980451272288	0.202122054770981	0.197248906632903
0.17313112413577858	0.11507618550009424	0.19925151038545988	0.1384934282835328	0.1763583917703207
0.15349353508912986	0.11221812926749322	0.10332824605459202	0.1410015638842336	0.1543449976179081
0.15519012042058059	0.14491344280477814	0.12419273021208183	0.1518381406800682	0.16548420881163475
0.14175407964732537	0.11473449036286776	0.13588363319092792	0.126927717038304	0.14976435557321008
0.17220101408154803	0.1434812311444628	0.15470043616637097	0.1462241235003571	0.11771138631602636
0.1585022684558985	0.18876873183702372	0.11749719889557109	0.08602860972594789	0.14082692095294633
0.14704351636392737	0.1595319951229411	0.12479841603713976	0.11548432576697432	0.13537085894448694
0.09829485688833776	0.13980545796847332	0.11251169019578315	0.18738348545801167	0.10705655385418762
0.1544758859983156	0.10999538032031618	0.12479302513784397	0.12747782778385278	0.12668557635323344
0.08726504953872177	0.13663061896291903	0.14840887446838052	0.10568888222158214	0.12979127974111346
0.12554204671476485	0.1200657692331383	0.1265986406958785	0.1017131365045079	0.08475381645465659
0.14585331163903698	0.11041097448731772	0.09245435753370718	0.11667290170285402	0.10958997904616755
0.1145136143186615	0.12534512525886057	0.13744551437883276	0.13339685718287553	0.1191893995410204
0.14972633383426706	0.14035994686771852	0.0984496424586048	0.11635015516156638	0.127923892336681
0.09883884662829326	0.10924019717340946	0.15961107205848776	0.14815361112367642	0.07613495361611568
0.138057084983382	0.07633632459716638	0.1345620498800729	0.12357108969591206	0.08716144591088433
0.09550287358045803	0.10441008873953073	0.09555578482767987	0.13706595960362666	0.1098337649832778
0.13177830548707592	0.12370963963701943	0.15945643668644238	0.09854445828107163	0.06727230003009342
0.09040789496490789	0.15505050428429157	0.0901575923089402	0.12919285841381745	0.06203019982510955
0.08261174904435245	0.11594564083818953	0.15183862370066048	0.10274018785314329	0.11996637199223169
0.10617299875688067	0.1153292808281921	0.09348786621697298	0.1110048972832496	0.12359268543534108
0.09168663270067949	0.1004573920254314	0.041312649812816425	0.0940698183201628	0.1252358736641579
0.09797272820076165	0.13538328406943537	0.09453123722834499	0.07733677720967028	0.07782594455723485
0.09653644668301822	0.10208392551820705	0.08527158282159446	0.09240205479757668	0.08980031022447572
0.07391758013622106	0.0661107789544013	0.10747753927666463	0.10170438240061733	0.09041953501994052
0.12676698693600977	0.0769549988243896	0.1039151150918154	0.08960520921935708	0.08188793599866781
0.08931184208717492	0.10755273293194334	0.09511440565635396	0.13471184224209595	0.10056461922554054
0.09809218218746382	0.12328378308936155	0.052883462107378446	0.15977065705871235	0.10781141031038977
0.09338559599914495	0.07738919182500381	0.08906559982695089	0.10503749087202958	0.12215978831088725
0.10409373284185783	0.0817594838546568	0.09197319776768582	0.057744058630747996	0.09499715507025176
0.11702482644685747	0.08909948296532988	0.11748979449258495	0.0935776134588028	0.054316873847063
0.05291366367680688	0.060989090848867174	0.1020286539388598	0.09860594725867645	0.11009725699028736
0.11156794853950759	0.08586560987061634	0.06162427287274032	0.07856769473888703	0.09837567698050069
0.03884651946763479	0.08805033092478846	0.0853381806545914	0.08792521255875668	0.07061964169239068
0.06390210539869562	0.08432104072806307	0.07524319656499905	0.09172256590242388	0.09862850640943412
0.07417055618867685	0.09480786910017802	0.06815230527242423	0.04863531389071994	0.08010794690856435
0.07752515733155436	0.0795274039172431	0.08973315974042122	0.08820614961014152	0.054401911867919504
0.04593099377714095	0.10217736069698463	0.07775878023826256	0.10976922519960808	0.07008880464227639
0.07747534593615414	0.10250250464873677	0.08905460541039927	0.08318519153929942	0.06287459235796818
0.04920820271359285	0.08614522986144134	0.07046873590519198	0.06661368458604601	0.07975209748984421
0.055120173021023726	0.11371281869149004	0.060567907116055364	0.041807772760239996	0.10120135573943308
0.09187643181185336	0.09643435120741668	0.060052971435094644	0.04528033847216634	0.07205401274200736
0.10116409039046735	0.06847437214706534	0.07441353647678903	0.10552030652337763	0.04062299841725022
0.04728905162181386	0.11571113323597429	0.08970952287627082	0.08714976129821186	0.01373059442117722
0.07117727437730725	0.06909438469554906	0.032045843009891786	0.07241243808343603	0.07540051631219673
0.06163560596025552	0.08810838407611085	0.06111367392822774	0.09091876515638385	0.028319969540329115
0.08085246095581317	0.09828633338191128	0.08548533264961934	0.08678523636458686	0.10707851020281324
0.07392449705136886	0.12316317425178316	0.057539664152803344	0.025103365621674305	0.03763935535000531
0.05591370074451705	0.08983672052533068	0.04531279806592329	0.07950200888743263	0.0912732701812116
0.05308805875179178	0.048920969508866215	0.078950334360731	0.07700391754977766	0.08780824380716433
0.061918781459750646	0.0795925856354239	0.04553846397343989	0.07045164512762887	0.07247172394796464
0.07124911447921142	0.07506521340446387	0.0644681933104794	0.07902863526795123	0.024651227070632935
0.06096488418669904	0.09496270973070328	0.06327306013626345	0.10412141595500211	0.08807042840473185
0.08705532126749424	0.02570589879633196	0.0399705692221888	0.06607559463435296	0.07183988548566542
0.075257623154621	0.06419210560663152	0.0737869557401683	0.041088495220650084	0.07324134917408968
0.08428966714883189	0.04162998946297816	0.07271316721705073	0.095713433247653	0.055012853628435575
0.06751552809549918	0.02707603560907396	0.0917379765157549	0.03750890072141882	0.05152466156199801
0.026468672169250498	0.027480783172790187	0.04989333833011199	0.08248000695773698	0.06491480754040468
0.05577442764696088	0.054554842248095474	0.0728031495673226	0.07461714724699994	0.07589946714586676
0.06388235878460306	0.06632587048812495	0.06553688978023976	0.02057562303729047	0.07068809267783531
0.100815361613512	0.10428174748706788	0.05633739048736079	0.06216421061844761	0.05767663946998834
0.05200408883208409	0.0976237444599622	0.0709708473803923	0.06800175593659416	0.017860298237384827
0.08342002228510939	0.04453782158001406	0.1058714114324732	0.0560962545289724	0.01622426146426138
0.04084818847232734	0.048816526544955316	0.06766871816035933	-0.0012198638446304045	0.015813350687784763
0.024548076122815905	0.07384307526194755	0.04567459513540773	0.11359176142571399	0.06520095090636827
0.03686266320007381	0.038173018842789994	0.0234188731678567	0.06863848159986644	0.044346284591665605
0.06309305368574893	0.04711046464038911	0.04013423938712799	0.06815276760902171	0.05243386140299023
0.05413401245681385	0.021265515875138176	0.01923635693445335	0.08724004569335204	0.09305587576312853
0.07914297740924879	0.04359506048470848	0.1001512771014692	0.07647596091891057	0.08325520104085742
0.04274518459763777	0.07788443555008877	0.06242346652014233	0.018077664649776577	0.053667607793883715
0.044278884170543965	0.06152119677088549	0.07801171842245257	0.07694189383220564	0.04904416606455681
0.06888616816332997	0.08066885006013547	0.0023246493039173702	0.06849801423336374	0.0354985951468444
0.05221292396866365	0.04045898943783174	0.052494472533013516	0.012636496070089041	0.0351060032800654
0.06752978350398874	0.0626408926205634	0.07858149550273177	0.05973261542653123	0.1102038708586398
4.424189109681134e-05	0.07491800215036672	0.10712863683663597	0.061388080961069236	0.011430058724714191
0.06404704827001004	0.04420542449707135	0.06626527964637048	0.053578110855874446	-0.000364655989754545
0.045933707154094984	0.0733216673060124	0.017980706341536166	0.042978239953549456	0.036421684656143975
0.08328828534635825	0.007602367080339022	0.07129824301966257	0.037115044341042486	0.07919348938615779
0.08869933111456836	0.07906437275600035	0.05876623337009189	0.05273264224925983	0.011359019254240266
0.04113599879167148	0.038415923610439134	0.05641922961825725	0.03311988611043748	0.05947982485410265
0.0552313633881733	0.013958880601200652	0.03656262936421453	0.02744570296607469	0.052445474767872924
0.05688439640154305	0.06601828442217995	0.07071268221417043	0.07172512311131428	0.05600010508329296
0.041762804358001775	-0.005072985861279909	0.02620460288662016	0.051826562717999514	0.037484306843176725
0.05038769840889132	-0.0040614042337715	0.06250726777146187	0.04164473629774527	0.04355210405317642
0.03378334242755934	0.05175199004703338	0.025513624621056847	0.03127102489435711	0.061467748905441086
0.07469800559396725	0.008871448036977465	0.06875941362392507	0.049703182992640385	0.009898860935219567
0.02154610342601849	0.018253372066795424	0.03932282176149263	0.036927417058989984	0.06509777703948674
0.03740977561867864	0.048516796549980444	0.06289162444026879	0.031628260685914504	0.03562354613780267
0.024284162796926766	0.05422126303291627	0.03349469833543536	0.03438045508322997	0.0913129814757607
0.03134165579413191	0.021441605709321857	0.040774592321994124	0.026766654824515568	0.04790535137901403
0.05598842913542054	0.03529735224329973	0.019010035106590446	0.07492162725125068	0.022418220266384823
0.06068878408628186	0.021212837695957908	0.026343589501172306	0.05578864212449375	0.015904598542976475
0.04084110282221927	0.04659803139052012	0.06815260045363691	0.03158099947604995	0.07750836815114441
0.025791697605176377	0.05549443148454123	0.027100281676363174	0.06211735775361385	0.021254731442794807
0.042721261764032556	0.05374901103676706	0.05252081960644599	0.03924683457245935	0.005194040692076283
0.07455430075136431	0.021692863131293653	0.02838866880660672	0.033860473755468704	0.0555188815972124
0.056253393936940836	0.006635400713893932	0.0740700568883588	0.0349568988837068	0.021521877661401574
0.04746780591814763	0.035175469446404775	0.01233656263894535	0.03694215836396008	0.037420571593584
0.07480009703391803	0.055640789939914295	0.020390088476417864	0.050680395609317176	0.04841761291655729
-0.015199596413091737	0.020983698324729388	0.014317578490573512	0.04728638610917457	0.015298174079157317
0.0631522324447057	0.07454656558612052	0.04903000678232118	0.06482175926838635	-0.01406054100200608
0.03001802144952304	0.0013324272698202059	0.04756352347805895	0.02447038695643709	0.04821507972327076
0.02818781128946669	0.0333529100655824	0.031559609321835484	0.057429814415136636	0.05514261050720374
0.067174904535592	0.06484265730346023	0.019543506335891803	0.03613732236106894	0.04022346587301307
0.00427611752144625	0.04984565910737998	0.03532175414438125	0.03321148196660295	0.01801638754552543
0.05566498496112868	-0.0014618960674724086	-0.0003356216302686076	0.035668900572111716	0.048393818325721184
0.037921134074837534	0.046180849101735616	0.021261042363261495	0.04238475879399267	0.03624645256997319
0.03654637840354313	0.015782283420815054	0.03338349908899063	0.04616332746758282	0.03702221324583119
0.04817841545895734	0.032924211163481175	0.039951163392900044	0.03404628223452439	0.054983658280044735
0.047611434953813314	0.0363311491816207	0.017563816481366176	0.01849517718216965	0.012478958544689634
0.022512485916682177	0.021740570170542317	0.022767486060066094	0.030861069668937903	0.007932117958235714
0.020649938123397247	0.04576696030109659	0.016799567714140283	0.02842297647965207	0.01613351516856929
0.05214109043655539	-0.006673679671224479	0.03680663045709046	0.04921576924875429	0.05122835065383881
0.027828796384902696	0.014917145971339035	0.04892050691906527	0.009941717276528237	0.019436975737760397
0.043089852349058065	0.010134583052063707	0.011331232437703037	0.06412409892469159	0.023680267674817602
0.014030209588149545	0.015714214848140968	0.057802956017893224	0.04744351080790893	-0.018827407498295496
0.009637330493950866	0.016151755252241155	0.04400724840918981	0.005567888271699751	0.03843588934445266
0.004010136719084285	0.027001641109984594	0.052748681194114876	0.023480619575959545	0.03674679481189333
0.026998597178825537	0.040199111874792554	0.05022120810233581	0.0366995200573762	0.052065382156308015
0.016443758835508023	-0.018008875125980282	0.05169469539033143	0.02658084799607035	0.037394630235352194
0.03155135330461744	0.0009608554446248752	0.013124166530445187	-0.006224081108529936	0.026691054480419467
0.04160734080465304	0.02022567240209653	0.06729490426783585	0.027792653114283403	0.0346007537823351
0.05893630380074296	0.030312365950151233	0.027587604191969397	0.03566397186577461	0.07075946596893222
0.029711971865593288	0.008927678211364486	0.061672346858349845	0.052814854925329044	-0.004027836843018577
0.005210158302910948	0.01582748713249796	0.015829839062304195	-0.0047614809106918	0.02400687473380415
0.02956517466377169	0.05584820235491651	0.0434756975901645	-0.008505903296415637	0.011674561100131028
0.005712687908782165	0.00810617111477634	0.07301659057532403	0.021200908935069755	0.055583776265656144
0.03158021720708642	0.04265303147625218	0.02285604623658329	0.03324003696420385	0.0156438955185439
0.03758785714088872	0.012130976844901102	0.062230262487716514	0.036456349904429655	0.015009658114174422
0.018948738039340055	0.02912533226915265	0.03361407328053305	0.004859959731751913	0.03994412375032905
0.015622693259923874	-0.021676704420347734	0.012832594013874802	0.03906543620440773	0.03948696763305973
0.016133967500806853	0.04817174080784578	0.030695932789733087	0.028532233382304182	0.03251799828202519
0.028366885494225162	-0.006679405344147807	0.04348835822858388	0.012375604729543993	0.026324550288165015
0.06052627785875653	-0.0013741221463757173	0.06399857886831263	0.03385992996799836	0.019086641653424632
0.018903109101273144	-0.007009386623663793	0.03380380778228329	0.0330815563552403	0.027785501825787873
0.04176306430763664	0.01746738612324062	0.05990859388046604	0.059309537160020874	0.034966065733199776
0.05895517478741205	0.023158467697839254	0.03379005901129158	0.019071515141362703	0.019044352279548336
0.015276530634115633	0.03355929211339441	-0.008129033924312882	0.055483624842691176	0.047652793357242686
0.03230830721415235	0.024992152760090695	0.010250342643650942	0.029766121396703104	0.03641719518580083
0.00487978875678534	0.02201940624101339	0.011297116592828886	0.025592474254411364	0.05391877342032238
0.012726225957922634	0.0349972670653625	0.019844234812931225	0.007165821292303782	0.029038058385390822
0.037917060051550135	0.0361599929043009	-0.01060266574785635	-0.017929813808644897	0.028549496851898063
0.03204319075422698	0.008279206748623282	0.05014171647868529	0.03520403396601436	0.021702205480571585
0.008470863772469372	-0.011387885063004439	-0.027608929483979437	0.002150571512680141	-0.00895940080705367
0.05918817946535194	0.03644826898356272	-0.008780182574920876	0.0033210654448760915	-0.00712263868557885
0.040163009714422104	-0.0024448500801375946	0.04255252755310364	-0.004069929654740691	0.06115371065830829
0.035806149108079256	0.030514185879047355	0.006704487503218484	0.010060465174846048	0.03356556807942615
0.020816865074192854	0.026616962482797595	-0.008333163032755506	0.05291422719805157	-0.009599831088031453
0.004912314240465339	0.018414604945113835	0.028465961817502824	0.0464014425605946	0.01574233567530079
0.01763953673219107	0.025831034941214664	0.044540848065186274	0.041368483441405424	0.024304330810462932
0.010786690662316753	-0.013988457462370577	0.006191013344590261	0.012859421448857471	0.0016366603994408023
0.014597639059660302	0.05513072672965386	0.045592555423600814	0.0010769593228040332	-0.009357486297375407
0.021549922399672197	-0.004943202002329944	0.05113761730722484	0.03254698125429096	0.02223945539875552
0.02890848376023946	0.006382683257524018	0.061551029623616235	0.043221326575639714	0.035824993703665375
0.013642894569742246	0.032936713336304387	0.009742875328560212	0.02735697167053623	0.026474384077940494
0.049211260067839345	-0.003985430070394942	0.009715362386225486	0.023634615099548485	0.04765426291764976
0.02003053007557159	0.013325849649721916	0.011572112432938793	0.03980872751629453	0.02127726309845023
-0.018053569209146844	0.044570388550111834	0.02582451066535825	0.05220854313367004	0.038327829660702896
0.009079424617230826	0.050020652071335284	0.03347334963701028	0.02405041379659494	0.06921654462929615
0.014914196100480793	0.02250910802368579	-0.013082521696308264	0.030861494116056935	0.017613004461007793
0.03413409570497823	0.0306997595940844	0.015477797692272158	0.0049165243328039565	0.01989265784977069
0.04062987642760861	0.030280171923788984	0.044647365393904376	0.011968178624421138	0.04987265676970053
0.03834305213541067	0.034227506444161865	0.05336509061222576	-0.007429986301997412	-0.014169625144311783
0.027631440233663693	0.009417771773624184	-0.001227500141597027	0.017482944211256506	0.002292007577847089
0.011693084897978153	0.028502133932667036	0.003201575914101193	0.031372072065436574	0.012199479610599992
0.043704192301817206	0.0274444421097892	0.03070186401427414	-0.010890065557149733	0.011859526207218125
-0.013179561244939905	-0.006875679443875077	0.01763955650193222	0.02540756720288284	0.03371172798046713
0.03954215017397689	-0.004188753309872546	-0.02778572956611956	-0.017507121328917404	0.025107093327326347
0.07691044110120247	0.027012314108561294	0.008669860345004811	0.039557339038884955	0.06588533486143743
0.04021905720708217	0.05836672011866181	-0.002523669796710013	0.004201856088164535	0.01954994646624379
0.033137185048467147	0.02197591812011339	3.523744539875621e-05	0.0394740240560816	0.004998178205816273
0.02317322499236934	-0.0002469222792936145	0.017499399451876476	0.009393082084060459	0.02304342194579896
-0.016916675140297523	0.0447473594680317	-0.02126725156276676	0.016329054480011256	0.026781163720239236
0.03138476758520628	0.022114803612439417	-0.008728393113046257	0.04228928643196148	0.018968971870720476
0.009652393383926159	-0.017659155979989696	-0.0071841840851699975	-0.008351827246036602	0.02380944182031324
-0.005548850763505758	-0.004022903295034332	0.0256607590967805	0.03275760022281328	0.0466948895289437
-0.005420843461688361	-0.0024603516873404306	0.02812316529125183	0.029569042766241962	0.004337532167817331
0.03632658213393597	0.02810165960296768	0.024781267699644463	0.05581226343010725	0.02073975563598162
0.0363888670948091	0.044495599914185516	-0.0018680017793814003	0.011748153685883451	-0.007686593726508231
0.01293017740389784	-0.0045043312169610016	0.034474227989192724	0.05020307871812077	0.027671439467503434
0.007555149532869024	0.026638662026227534	0.03016929643515059	0.02851579176275678	0.013340512812974338
-0.004531110713721233	0.009160969957480627	0.0405638374959586	0.016884605555826937	0.01937966304148381
0.03746297042333224	0.00819239789079055	0.03439505828732944	0.0008241346684927774	0.019817193433318572
-0.012590309553706117	0.0010996619740217747	0.02729646824542384	0.02636081358956205	0.009077716773074783
0.025206291784938953	0.052110091354439995	0.031772517755045755	0.020863811586875534	-0.016204831156965818
0.030573899661827594	0.056555820446593276	-0.005012313061735766	-0.007269012086389253	-0.004636071520518043
0.04635063257300456	0.04624860779802756	-0.008995768888887631	0.018919953366531118	0.0034876841427213933
0.013789120847859042	0.01024686134396337	0.035021934497558714	0.011279195967090124	0.030031453383856706
0.03714370807558712	0.03256601003614139	0.03223574106372781	0.07193332871541011	-0.015173131953636867
0.009227241810610673	0.032379763813246	0.04948546656566767	0.024731986744538782	0.023254399780760448
0.0033167068358690797	0.02977871037475329	-0.01871496503397742	0.03822491033864168	0.021063869982270497
0.007776087732068532	0.04639307434190765	0.0025266302856858888	0.04837219055223368	0.05597777049836483
0.020930694881929425	0.02423530511488785	-0.006662165807696399	-0.021059202514133395	0.024936596210452484
0.016553538897082887	0.030387980093830348	0.004497920683787558	0.015446308415895737	0.023074922132290003
0.037196152352918226	0.035997124875375805	0.048458936851952863	0.025891430636921814	0.01452115120748447
0.013871920621840374	0.01924167556016259	0.03608688467598518	-0.008985988057609435	0.06650156434696393
0.05117704503297629	0.0071087422785050085	0.02466631490798306	-0.007336371624068409	0.0068622334315939434
0.0022573594488118675	-0.006922371682491723	0.0013409350357156949	0.016397546492633048	0.011039413085711262
-0.00624891533478267	0.026699895561534733	0.024976939726765356	-0.042960489457900965	0.013913565688715173
-0.018899335013562592	0.0027804131617791073	0.029801485684554777	-0.0020689132162660007	-0.003310332786531811
0.008263398859170538	0.03456928261555243	0.04155752921042341	0.012925820433425345	-0.0012943844582255204
0.02801255813313913	0.040193980972179966	-0.011181250727944906	-0.0013851712961078164	0.029299441681600844
0.030066044272757646	0.032285301655841286	-0.01884497947285249	-0.004714307217136725	0.023996044957134307
-0.004422557299118767	0.026359369528848587	-0.0029192974638289886	0.030504794469374784	0.014998045247832804
0.006526652053626345	0.01767287806555351	0.024882022562267146	0.03165841878636699	0.01646855402991495
0.015861872687360844	-0.014559611043383807	0.000338521492914347	0.014330443336143068	0.05353535685853065
0.029358442172346864	0.014100432021377058	0.011746238578229644	0.02304889120488124	0.01907322788878193
0.0568368712655145	0.0008879889252231205	0.052888212087666454	0.022525775103972242	0.04825140934249864
-0.023758932842965343	0.02537783988315303	-0.003388627021629783	0.03761670593024173	0.021296559602303568
0.004417670465272507	0.026797049319181605	0.018495029590443884	-0.010269383323341588	0.012310581744403588
0.010111397068475086	0.03142767702400027	-0.029995725746936222	0.01944521349204483	0.03813748919055308
0.04390400131102141	0.0350166648199372	0.05817837097586214	0.05553361049633794	0.04931494816152873
0.05620851051494066	0.08394589109027503	-0.016713066036440495	0.03618335592258809	0.0031924242942352548
0.004456303633545728	0.03342318970503785	-0.018080567799957467	-0.014742702724079425	0.028061948696577195
0.03665783591654544	0.006989475288017178	0.04869026213275773	0.01690783476946777	0.04392245383376049
-0.02367145133863365	0.014324531642566906	0.013167229874064035	0.02814387498977105	0.00893850857844175
0.03971735886535356	0.03730224744543388	0.015061339788247698	0.047675369580447095	0.016453003445987564
0.05293400772091307	-0.004289191486857761	0.0029852381303580307	0.04328925387520748	0.02709131934409087
0.011601643292975132	-0.01308338840995129	0.023279210051882986	0.04486118979539374	0.025216169899543346
0.013656270740643059	0.01558417565535463	-0.027272111822028086	0.0007323957532251292	0.011667775296976404
0.04474849594847301	0.0013495569968427308	-0.007742174454804557	0.008894649110178413	-0.0522801203198609
0.024305413257612297	0.011398543462405802	0.015624815235406096	-0.01181447974701475	-0.0051413136403005285
0.022921722689242266	0.012403506109871154	-0.02251106802317843	-0.017893565772779604	0.04051859340634989
0.0464313914399373	-0.010928380570448176	0.009678555933478841	0.040719489168851875	-0.008628049093468758
0.042982106748629054	0.03188377510046238	0.02689888793322395	0.037340495358211864	-0.014201118155255823
-0.011559493677912307	-0.004830700743869678	0.029107163895901785	0.009129905850528131	0.025430913451247334
0.025821000370421412	0.008213983870716377	-0.02911738830242758	-0.04711623354213643	0.04473869580805903
0.01259518276237618	0.010130602443403866	0.023105656235225626	-0.030937688538958452	-0.013916419498403427
0.006489256428490512	-0.01239773499734442	-0.019807698595021524	0.02100300453104521	0.0005074315705810312
0.02468663514022094	0.06423232974828523	-0.016078000614758038	0.028685262047803785	-0.01623210209806971
0.04171236533155788	0.00021984710611428274	0.025509959252460822	0.010477447633383432	0.01707403672812592
-0.015400980410582592	-0.009509821780712668	0.005829853164799997	0.0012940928984929703	0.02941344851333555
0.028388618156014074	-0.0131984099666898	0.017301135676722753	-0.008663651126100022	0.024420282307326704
0.03878595284140679	0.01669113311393112	0.03257721618275277	0.010116279686017068	0.07594431937042774
0.0048556743265279825	0.03576345914443202	-0.01038188893488457	0.015472351406469948	0.025169706840594663
0.00579571019700305	0.02585830734701229	-0.003728595155413738	0.01990567996754132	0.06033060943907549
0.0032436002357790336	0.002409425299272157	-0.0022506363732545144	0.003201193675562901	0.015140761487406921
-0.006989997275336498	0.028407834677086564	0.015393786880814702	0.004096115878741272	0.03431658018198599
0.022429258223087466	0.03321894013340035	0.051578288267973324	-0.0034467458452766423	-0.00407858377160445
0.04296390289760219	-0.016232768915612705	0.014239364531657823	0.025570142571144313	0.012663221534015768
0.023540956375482917	0.016553934683423484	0.05472676252659544	-0.015144351838542793	0.039183397480249536
0.007293887990371963	0.024190248744930545	-0.016778282516222626	0.02301474912982688	-0.01117395714668118
0.0373033827183214	0.004252136273530449	0.006005954721541084	0.030454196851530037	0.016361064932423466
-0.005281533985090585	0.005149512410826294	0.00698588464336218	0.00044240044798599457	0.009030979951923288
-0.0059594140741738525	0.009407655093531392	0.017207441918478804	-0.008567473446680221	0.02201039489508415
0.0073325965438053985	0.04133550238478023	0.01901510206473587	0.007123971523022217	-0.014220242833294875
0.010587463126199946	0.039963506405598655	-0.0367271786226886	0.04663662398288106	0.018635728366283008
0.03179023590349288	0.059180917213026235	0.023657692612202356	-0.046191265741211476	0.0013193511178147908
0.0484660195549161	0.01142963511911644	0.0008403323902157478	0.024575226732800458	0.04350395894067732
-0.028056677009456566	0.02355522181256186	0.044891936134974976	0.019116778312927615	0.0032076114269258193
0.01844004795237375	0.04156813759767645	0.009559303981682126	0.0031950372818263136	0.06094097624939526
0.034937057768089	-0.0007336340821523625	0.015609147917109694	0.0051885539541875495	-0.003027667065414779
-0.012736290222833756	0.002328830534673974	0.031713866615386055	0.0012197848190460096	0.029103334793919817
-0.0003723640428986161	0.004090515684024853	-0.021454374495165643	-0.015669578947949056	0.029253387791337272
-0.01980232972557767	0.019716116675602267	-0.02876151382620528	-0.007805291124883009	0.011172754164924689
0.012886004107669042	0.0006369525052153581	0.041774825614822604	0.015582574110969838	0.03936900281797743
0.034808548222665284	-0.015485844129453858	-0.0001317406916826868	0.04304045405744519	0.02751823813466838
0.013112076723166659	0.05099246187237752	0.005410276716981613	0.00042475910248708244	-0.006611253295622815
-0.011127770826416347	0.014178164903092861	-0.013639334801931411	0.07899486454868343	0.0439491382282778
-0.00572222172769927	0.0435595301382513	0.05595022168277197	0.011621263300331724	-0.0153446699546669
0.003846327233559028	0.008111500401614596	0.01239656928232375	-0.0029071655908563315	0.018447105754999207
0.005446253916523338	0.014523187255687523	0.06018458279745468	8.637529390596171e-05	-0.003467787695576439
0.027681156706265128	0.010657733367058629	0.002772087485700273	-0.01708519831176718	-0.029307122720718146
0.023129602271136578	0.01552294255588922	-0.01409899642501429	0.022652696002034567	-0.022407383659137574
0.01210953217579444	-0.0023784552964888433	0.01100989352908055	-0.029063610108893786	-0.01759888036698189
0.022428536051239647	0.041659289635465696	0.0092662679075347	0.01370670558005209	0.003150532670771339
0.015503030222378696	0.008954427842809585	0.020954547241464228	0.054434733174600326	-0.0077693622533421495
0.019628690943067243	0.032292695564786915	0.004223930678927179	0.0009809916370133115	0.006576080313736219
-0.018332683153703535	0.0039864100072915885	0.021853837503458453	0.017073874321246088	0.009396228262814874
0.0347667206264927	0.0152073616608904	-1.1080085843712464e-05	-0.029508842996745655	0.0029552712850719576
0.0381600188606648	0.04232562017152399	0.02615502867033588	0.03470214024807605	0.01966424272197326
0.037840688076754524	-0.005088297137804421	0.03374063568993516	0.03084108277042099	0.011053353943044405
-0.02011116002637587	0.008763926244989104	-0.002928537078771449	0.014953690668393776	0.0129764492517121
0.003202930008941659	0.009740463604808725	0.006332422599813383	0.02941969413821497	0.03624241266530307
0.03802358040063339	0.017154684242097016	0.0014410496036898687	0.011492211231144522	0.010679335269844496
-0.011676141758725424	-0.008774296055908987	0.0035805213865795164	0.025060286937859787	0.036435096479279894
0.01688273578894334	-0.010929820727252234	0.004244898341506938	0.009483730083338797	0.003933959036323636
-0.007320522421841388	0.00021520436468907157	-0.0007792391593454163	-0.006769989094629598	-0.018398494553649294
0.03154978369933535	0.02004717014881198	0.022514772844178837	0.04114410971556414	0.03613706204477086
-0.01172244895102398	0.020520643063343915	0.008544615096075795	-0.003185617647320483	-0.0022567332968784774
-0.003864484398581658	-0.007634032172077366	0.015525130425099076	0.014663797051671265	0.012273874013796385
0.015471031873048014	0.025747074774350134	0.009155141206897727	-0.06630481428570711	-0.030328562716218713
0.010264227897371997	-0.003364305550071718	0.030562349566730793	0.010927837110541792	0.014521771060911171
-0.0033882949185570733	0.02272428485219946	0.02272540433737525	0.003949110578822983	0.036594358702684356
0.027505437359654182	0.006213710692347235	0.03165654744028124	0.016269989080947504	0.03703544912519196
-0.015340795153526317	0.03600638732780119	-0.025271602143682	0.05020414467935466	0.02894192600303909
0.014416763515287956	0.02540451295529638	0.026823756988109803	0.01811716527370076	0.010016399924039032
-0.03210988226949601	0.0431742402263128	2.4673403569385605e-05	-0.022092902353940798	-0.01756201498624639
0.005420248841115013	0.03720871936058635	-0.004292839775819171	0.008980174060566889	0.011812269141634732
0.019071371516900713	0.018495119061599827	0.06139166868935653	0.0020401272912521085	0.010662971846972104
0.02691315658134824	0.02097710935179757	0.04692082894580019	0.005566002175700533	0.0209734036119624
0.007817232448806085	0.021740628358491276	-0.02039339029428429	0.01188663100175731	-0.00802230154064592
-0.016215028195736565	0.023371819235201794	-0.012200019908742185	0.01967890606562487	0.04876857630977081
0.017224543885587938	-0.024739451790390245	-0.012403805044917938	0.01167917825419518	-0.009863938839128533
0.028787470459013774	0.031467748175954185	-0.02872691568090789	0.01105006099035782	0.03154867320306275
0.026581585816793478	0.002051850220438917	0.01791326800703949	0.02987025689605062	-0.018505962813011204
0.01307704440661872	-0.024895847272263676	0.018607034415765146	0.027563656469860382	0.009139666062928136
0.007961920565533024	0.02705979254140669	-0.00694107811770015	-0.0020843331346314248	0.04306185981552657
-0.0016695787996228624	0.02157414311503905	0.012467316540237125	0.03229604780261887	-0.026570675592554584
-0.007110740210261084	0.018120295977406557	0.008493879490119713	-0.005230295955702627	0.013034913708056286
0.03704607019451239	-0.033022944502786256	-0.0015778741361137027	0.018307884371559998	0.01940874995466335
-0.018582966800221527	0.0022870345183619075	-0.015266096518447205	0.004334826179252023	0.014778902870790086
0.019662152965924554	0.0008963503274254467	0.0026880084136098386	0.03667282300216614	0.029279188687481396
0.007930493079542546	-0.019423255683060886	-0.02935410690705767	0.020544265525723398	0.057413531748232605
-0.018624241722809763	0.005481375767929183	0.011740054276705523	0.029969851201642538	-0.0328086940249309
0.027506639345133796	-0.04679134078475181	0.026663155538833583	-0.027128264325572415	-0.0030271691856003096
0.04256855200726053	-0.0025204807281084913	0.006667963298339959	0.01372093753308918	-0.017497680715605778
0.03936076597519826	0.04388235671968885	0.04150234966037446	0.02881964515238092	0.0025414859830506713
0.033816427433001436	0.028842548251763956	0.012103789964542519	-0.0021383218049384105	0.017816886084771177
0.028292858649873076	-0.019106606476098607	-0.018138986328774254	-0.014257706684129429	-0.009656821691297567
0.03339057471153746	0.006690681962226886	-0.011226715341819932	0.04849181101631385	0.028355183522436687
-0.033490078998029256	-0.015870075217723136	-0.021604851133817583	0.007989931734329148	0.00684781831923729
0.015499487925214028	-0.011634605866540762	0.05403198560528133	0.008365393232867386	0.010525152975583946
0.01089109787459765	-0.0025536946922718575	0.01184732947548768	0.0004147399212465555	0.007596164614670627
0.006257791301933745	0.0203700335349772	0.006032797268477526	0.005341649250861621	0.025863990005392395
-0.004676071085701655	0.01540607796078499	0.06144296103767445	0.02645255129707952	-0.0036595205818607864
0.009802099060017656	0.011012293108761739	0.008372272523740176	-0.007852699353182174	-0.03978723865732959
0.04142580422930696	0.0022612057578526284	-0.022711585264960903	0.036949964607209534	0.030534076582796346
0.03145746756070149	0.0032270744149916894	0.0104927833655896	0.04050127640489479	-0.009628573529842484
-0.018769450734759486	0.004507052820806043	0.036830320914566485	0.0035280601961097304	0.006620080207450514
-0.010379561870356654	0.03706907915259661	-0.01644835099194209	0.053106338161343566	-0.007090646650132955
0.009531410886837687	-0.030256195139210608	0.018028985506650486	-0.050264125248502406	-0.0020492462958792814
0.010280584023806855	-0.004500556319530516	0.01287691542361082	0.009510662470085855	-0.009298207133153814
-0.022137191356734295	0.005831040752259284	0.022951133942936228	0.02458773363037355	-0.04406304296258513
-0.0031953089476039103	-0.024032675016773506	0.0028487153485562858	0.01904181972535903	0.024164231300632256
0.004601474194832247	-0.010957589977307386	0.011813786237651775	0.012043849729401725	-0.022097843789437233
0.013512361496309112	0.013727024796298629	-0.003589648932746084	-0.0213093138488185	-0.0010929356466264032
0.025919676863916823	-0.032083795959693934	0.0158445782932522	0.02283111479048701	0.0013819535582305937
0.020598795858352514	0.014718923584196459	-0.012597444466342998	-0.005917150139739223	0.04690413214713016
0.024035998360768758	-0.0018235932588711696	-0.01875755820957006	0.014897963065877571	0.011245544783363173
0.00996272385736095	0.012384428098147588	-0.03215973108827396	-0.000770840675722645	-0.0030054436502221656
-0.02875579180130919	0.010198860581264787	-0.024227298553345815	-0.028303187515428253	0.04336338472470361
0.03163298671285406	-0.013155928879135016	0.0029898936894177898	-0.00901727113474898	-0.01656734585117355
-0.005971121809367239	0.01601176802899372	-0.030994002624585817	-0.0011579923956960146	0.012570278072776591
0.011104246634213727	0.0025125396900207665	-0.02104418557022233	0.017310193270601414	-0.016767704349560934
-0.00016876329385562966	0.030832306957530375	-0.0073037389204187435	0.020442315445841193	-0.026744178790268174
0.023241082101700148	-0.00947606717222559	-0.009513742148695615	-0.020503895383193034	0.017913689893642892
0.02890215307020947	0.026157364999203347	0.007191422026929109	0.05300100713885311	0.025332985370859245
-0.0028397903269937116	0.005449784448896186	0.05895592911292765	0.004039698310704365	-0.028281289431695642
-0.031842383293343636	-0.03782881466668577	0.009213504398082925	-0.01248493611127341	-0.008727927588379238
0.0013292199513560783	-0.013793248252095082	0.0007356873336806322	0.004976051713553199	0.016077364343438642
0.00738948398809562	0.00533263480307879	0.03459499201938428	-0.022552650184771095	0.005856266996856979
0.027409050861197076	0.029992378513526187	-0.001877763037333783	0.036404089249492844	0.00861590018982245
-0.019752405437746028	0.0029042614077956232	0.018354042410185144	0.0348698238181513	0.03999905161688525
0.001785970286597667	0.011508183530816818	0.03729433946565307	0.0011190289165428154	0.0022892056723104286
0.008013156218559827	-0.0566808454306555	0.007266099622009938	0.011075048770943523	0.020870222915134396
0.0016529691442618262	0.010462254182452418	0.008507346240469792	0.014324596115611633	-0.0007214916416180776
0.02285430327837043	0.02309000274733147	-0.012192395589168554	-0.03635063850248904	0.021937519768931747
0.007655686723724143	0.015862543971841534	0.0073250035926932	0.017115290067482553	-0.026063044591107178
-0.010950278539499826	-0.019953304337684746	0.005428290770906331	0.06837777463182146	-0.0025510497318405843
-0.020637095125713358	0.025232705788372896	0.02630220106516344	0.008839867857029806	0.02425985645441749
-0.00040880761886080393	0.018454538447186062	-0.011365761247506309	0.006696837261961569	-0.017607455381368674
-0.04236024072104948	-0.027766532103467922	0.010116102818999932	-0.011300829769833775	0.0036259508185047945
0.04361331569133264	0.009702365347231751	-0.032824302480597235	-0.036344787106773226	0.005784869529660813
0.05865071431250257	-0.00881996615305339	0.049042095002110986	-0.031820059607224914	0.035692791194918555
0.008506529109956407	0.028415150817105165	0.004481620085416073	0.011681691876464905	-0.022243093341197215
-0.010342236076913789	0.015422939195251603	0.006874353700851934	-0.04243683248311923	-0.02348342286585068
-0.014530174106209503	-0.019706918801458643	0.028772085030945013	0.0027543271880549587	0.004229595010144686
0.04047320401083379	0.010286883836968345	0.01888695128826193	0.0061361446840001495	-0.005811717329542838
0.007207695424657072	-0.006947733301644201	0.03734417141953514	0.029789171813213174	0.0017817816466291127
-0.026166863514117032	-0.0018120551619491129	-0.01806248808937875	-0.02799548160452661	-0.012368864012262138
0.042900391313123176	0.023414441204555495	-0.0023378483003441333	0.00395140267924751	0.016786150552113743
0.02316274916260472	-0.02980977190931309	0.02984075141148172	0.0033449364163894444	-0.025901259294274642
0.017752364366587628	0.020282424269819063	0.03371112507264165	-0.005608281842241453	-0.012355407945567397
-0.008835591117306574	-0.0023472344308519246	0.023459906132283208	0.03580973736436322	0.03580719593888147
0.009820270409802698	0.02063507388980263	0.009320685511887356	0.006694370301063289	0.02290328500461823
0.02851925042892995	0.009543416114188233	0.03970075254729486	0.02911256128439645	0.005206349325224588
0.0020526854229428668	0.016542232284643115	0.0018699208556996342	0.010421715247112634	-0.004786465479108531
0.011817991395330102	0.027423423619642888	-0.017945121212767826	0.01980460128904532	0.00033635311353100855
0.022911528494407033	-0.01735383928197511	0.003993125498802964	-0.011670370861898116	0.012747691491695095
-0.019874026175122492	0.0006532225316037057	0.03338609895616663	-0.025008740354163075	0.04288690617496471
0.014977463296595168	-0.00395807344688358	0.004568792819423895	0.016199245724860104	0.002581175337314944
0.005809351074743537	0.04377426953197461	-0.021074024187334787	-0.0023072526281875234	-0.01936723620682528
0.02902862588265451	0.021852856177916075	-0.0037740846478369087	-0.02524107303764997	0.026655535878865055
0.019264729650635578	0.0010405483627020729	0.009459665920833256	0.011124767124553729	0.012741106434357335
-0.004113038278907496	-0.012459645118060487	0.018564405889966426	0.0034491665052497804	0.0017756291595728375
-0.0029683018345342104	0.037572596309119535	0.03275497323272552	-0.018475619906927296	0.027323330763715452
0.008562158511405328	0.007588350272500217	0.02339999596644495	-2.7668914113153018e-05	0.019639204254061658
0.001269488016339504	0.01405477091914103	0.028033842119729462	0.0014632511390331947	0.018867335951659417
0.025375363811034914	-0.004780042681684329	0.02999013739711224	0.006422535657227815	0.039728466930351716
-0.0412535345429756	0.005320608653938356	-0.01702652390515158	0.030028730522140584	-0.007392330718430613
-0.05159073305610082	-0.011578601707274006	-0.007978769200224745	-0.008778041520769619	-0.010852991193890243
0.02753306548836268	0.022404170006629625	0.0021064592647240046	0.03863178218063715	-0.021851629848595837
0.022404467458481986	-0.023716698378543358	0.0050816622769705696	-0.019870578522895085	0.04316392280987927
0.02733716169277375	-0.012449465401924249	-0.00424508995049944	0.03851478100280766	0.024915970738658193
0.05269526461759662	0.016346749651338865	-0.009510675421395602	-0.006762325246925972	-0.033690228149364565
0.01273484720822669	-0.0014884279541747788	0.009736267390288713	-0.025362986231663383	0.010241214953383721
0.018621775134764325	0.059289610385747864	-0.04343702065471191	0.007879193943138747	-0.01782240396782732
-0.003263500037012957	0.015351816341685785	-0.006683723799152554	0.013365652062368331	0.020225753999057402
-0.02732625017681586	-0.013137827758755286	-0.022841512503779395	0.04467558663655542	0.03463758548910818
-0.005273797607101801	0.030602465617155024	0.032674073608735144	-0.06511510570944962	0.029257553872092307
-0.02022648401763367	0.06524936071175115	0.0017303995345370276	0.0020019822985103608	0.024656580298056688
0.04707581644630532	0.004424118998612306	-0.022069425698523187	-0.007485697299764119	-0.015342448576820975
-0.010753095446525456	0.021881027170024228	-0.02058942777391184	-0.007854581275388012	-0.04287131066959132
-0.001193264745722524	0.029516557598489764	0.0016592119731211972	-0.03484393639917371	0.0036032034455158574
0.013839000312936462	-0.017903023694184634	0.03294293296894192	-0.011218241858223343	0.0017596505824213926
-0.006929939116980312	0.00917867407111395	0.012061912712458978	0.012496040912692637	0.014125948419407171
-0.020776217140429792	0.0173509748693239	-0.0065099049059115874	0.011370466479329048	0.0060078974080684305
0.007656503864765782	-0.022576240355658906	0.005434954008056994	-0.0030349141585166222	-0.0008391568615800926
0.016526701887815146	-0.001238152354239447	-0.01776954378761727	0.01576413738888554	0.041567347179682586
-0.0016681784861922134	0.039942209351098185	0.01926111834004218	0.010855186594133214	-0.036283715721358495
0.0013010817061773752	-0.019539317849779764	-0.01813689535498117	0.009245185574450683	0.02178855279766198
0.02240097961101546	0.008316291519107122	-0.02768749796226189	0.0034693036956869013	0.019984158058523653
0.04018123732347973	-0.025954010974409955	0.003913752565956036	0.0023455219371238023	0.026753091821765686
-0.011004729835682132	0.01780539955138593	0.005405477719508269	-0.003577416632273075	0.008917499402276933
0.0202073616558022	0.03281760214237604	-0.004615136526001779	-0.0010422306028956413	0.009753015661082458
0.0027175589398661113	0.03986357396295533	-0.008796136090251445	0.018874973433624702	-0.009583379252872887
0.024813375858765297	0.016454447685002798	-0.019426569607465742	-0.0005793797019873438	0.0002911439683878341
0.03299220454488382	0.04166480903333455	0.006145033259002231	0.04864868658037801	-0.00251295368018635
0.0006362835092556659	0.013321148973881827	-0.0238872620512066	0.0083109120094234	-0.014545397375268882
-0.004519579220108125	-0.021490623460835145	0.02846185917698174	-0.0007068294394036896	-0.030169164832122865
-0.05268353679427043	0.021589411061197848	-0.0018329808594493187	-0.023744619981991066	0.024566821877167657
0.006627863857021842	-0.05598591241521719	0.011871528743290106	0.01822116103462198	0.022764150963824965
-0.01666621293986155	0.010441759823792189	0.02517400696354377	-0.030433961721384184	0.040940419091053226
-0.019744252574096482	0.02276866981647157	-0.0002363694037385254	-0.021053321527586658	0.006315272485536951
0.02944898041325037	-0.00982465959372501	0.009595982016007419	-0.01859438218338437	0.0018785376882072854
-0.03741309185595411	-0.004188342835939354	-0.026156982462308895	-0.029802400796251814	0.003033787999032469
0.03482666661775334	-0.02126754227992728	0.011190833334815388	0.04219059263185493	0.039538419224569896
-0.02310129942981417	0.0158498455007516	-0.022075403725228003	-0.015298950161954062	0.025200846759669243
0.005279839717661664	-0.008175245311848472	0.008472096606531063	0.016282254014172094	-0.01470219976197357
0.0037556148523786685	0.05848179441936728	-0.0017479352163747275	0.002420688777774063	0.011432293087383655
0.019900075694061607	0.003979145397387203	0.029707420974409565	0.030738501221367884	-0.030183573292456245
-0.01555500215093912	-0.004041240793051408	0.027919083333534895	-0.0034980079863180208	-0.008381273479666369
0.01672688209218558	-0.025924138902217043	-0.007283647640822005	-0.011844955865386135	0.01675381546392109
-0.017786219938816048	-0.007093322787954722	0.009268435236483012	0.018098855471132012	-0.009951300606581356
-0.014647124264441428	0.04139724007010686	0.02497496520455799	0.015867975493382012	0.005656531589488671
0.005747845911799455	0.0064570574491767205	0.00666654407723594	-0.0005931620054568862	-0.01569744048530802
0.012164468102411424	-0.023467089375839637	-0.01646790356815729	0.007380583694929782	0.0056265109485073815
-0.039969568756601986	-0.01098853580145941	-0.016883371604620407	-0.005679239508542601	0.00970774288711688
-0.01173494061988934	-0.003344527461373051	-0.00025580258109916647	-0.014842962231536938	-0.030715489147630778
0.024709012268125323	0.013238674308829121	-0.035190954128411944	-0.010488129065577344	-0.004929708732224776
0.024843811600221595	0.00993023560705468	-0.005686338105784703	0.027729608656371085	0.015953302719228755
0.0013029263648738209	0.039880254382982594	0.005599607502740226	0.0054915545201892155	0.05516859320546898
0.0038912421039415824	0.009003828952889481	0.007729896413912073	0.017195754564938128	0.061616285078732666
0.012768828426486868	-0.009550921338144804	-0.04110699825533079	-0.0154066481405453	0.0038488749912394347
0.004657816394588888	0.00028031423251910275	0.012108031194211485	0.01687631701469367	-0.011591931467142758
0.007295056975941967	0.02859112442086738	-0.01160718664149335	0.014412489870626937	-0.006161307011433401
-0.002741228463118245	0.021292437620774457	-0.004798676519076141	0.009605833021485915	0.0017738093899071967
0.004965644594240525	-0.008194253464285733	0.04185209251760619	0.031804734874757726	-0.021378156585090406
0.0010938198454106618	0.009244616783211876	0.0010321110573424201	-0.024370464776453105	0.004428794394924756
0.021121154422477223	-0.01964992533294114	0.0165144765040756	-0.009645806047318288	-0.05025249507695051
-0.008995482608749664	0.0004545028835034621	-0.010342340882718688	0.03620730709689757	0.006397531237793948
0.0014215092862917339	0.006526826497680238	0.041977982259727355	-0.02774205056097413	0.01172652250781519
0.0006462508952646169	-0.016624874630564394	-0.0028237380433627744	0.0026823750237944454	0.0007952103108431901
-0.023774862021738806	0.00980129390873361	-0.03974305500594306	-0.00433059882406283	-0.02082164414680923
-0.01934371235549427	-0.0185634545294259	-0.013852778131277659	0.013093235550414823	-0.00834349922792965
0.01832450714052529	0.005204284309758634	0.026932387043716626	0.0555126276995426	0.04746683297229776
0.0120477220157513	-0.033749545636072784	0.011387701880091694	0.003912326490863814	-0.009133229214743781
0.03926338718563464	-0.023057680480508377	-0.008705995698003212	0.028346398278324948	-0.028481238946382718
-0.02059782644453181	-0.0008608500701237085	-0.01774602768362809	-0.03279490214107592	-0.05177107508615522
-0.009298213619887254	-0.06095998523206613	-0.02076833891339483	0.01914409824217969	-0.03345359749942411
0.022464709875347447	0.002641914170054732	-0.02755153531994044	0.015950946539832082	-0.0006421585241699838
0.013656167414667722	0.006580971954888417	0.02207086794950828	0.06739708147326087	-0.0217049929793949
-0.02186689482013604	0.017962867705608496	-0.0047460612740984325	0.03037052767166817	-0.009540015099718436
0.0033799653369402374	-0.0011334529366463534	0.006220787451869429	0.024580401941755918	-0.00042699912883617346
-0.018736029372796496	-0.0039060189565457808	0.03067373807957373	-0.0034056335226862943	0.024434335841841
-0.011607545754556081	-0.0071486084000073735	0.023752883495861823	0.01323503543034471	0.03636784303671191
0.027864650099194106	-0.027102627002895105	-0.01729880124804232	0.06597082891889292	-0.015588557130781961
0.023233197407888005	-0.017983991678261833	-0.017359532670810397	0.0008896285385538265	0.033703031056583524
0.006355491358467458	0.011839857547589792	-0.031073708623185543	-0.025097264566419544	-0.02277392025427462
0.014640799808645633	-0.050866326120631716	0.004040802901810919	-0.002727683661314373	-0.0022031368208924387
-0.06136349490482652	-0.05477075560840479	-0.012674039709118831	-0.011913489676039255	-0.02790562597430377
0.022544156002197595	-0.014279429675506276	-0.005517458629731726	-0.010714437076788362	-0.0331956748485259
0.06312982783628072	0.02842629654125048	0.004424167816420084	0.011380687156170514	-0.011062636880701098
-0.00866842281847635	-0.003267370968241123	0.0016085059017643746	-0.0023825832780107964	-0.004725113960445032
0.006919328077099069	0.014638985049198194	-0.00694132946292482	-0.029921185980042522	-0.015760237837071076
0.012441197958759746	-0.019486508604499832	0.007751696046476507	0.03584356524613787	0.002472703144152869
0.020426649093467305	0.003143974821334828	0.04602173634679351	0.021492861786047767	-0.00772226712713372
0.0031243178635560476	0.014062726608038076	0.03102369255534637	-0.04186097565471211	-0.01018427047949218
0.03530733182697349	0.003468134375503914	-0.00021372028828669717	0.023059631203602896	0.0393677908104204
-0.028003844798893632	0.005727212745019878	-0.018859541929356294	0.003822154384001064	-0.014755132107017763
0.05221881360826193	-0.006129941029036306	0.016884960923487107	0.006477215884098026	0.0024519036037658048
0.02063645882932159	0.04707366772934239	0.0014587955464161083	-0.0025137142218308282	0.005468476633380169
0.009091833445316382	-0.000811594343735518	0.0014578696747495892	-0.013703502313033985	0.028242278867284455
-0.01686402604348879	-0.004471636874861613	0.012909888814619512	0.01975696992346774	-0.009355041520181736
-0.0011896272328319364	-0.0216233382200978	-0.018539368415122298	0.023546565799907215	0.040006705522399016
-0.025543062961303244	0.023144828712028657	0.022001632430039643	-0.0018832997070537569	0.005408254512080646
-0.016040329127189536	-0.003985402840137183	0.03456563720828646	-0.02002763467520334	-0.026758130023768423
-0.00833928086704717	-0.012181883503246945	-0.006040106206212927	0.00945801536134475	-0.002414008292579812
0.01816531033622916	-0.011121956515197241	0.04085863768908531	-0.02667413897357497	-0.023699485055357107
0.006419308588449947	0.029654856780544865	-0.019479281037695816	0.01866229162039084	0.018767890168688916
0.005712971429126064	0.008615610168672471	0.017326231719585812	-0.024670978806476944	0.01818098339312832
0.04378098546439523	0.007787801994621012	0.009239243750113785	-0.018382856722106856	-0.011035646369409152
-0.014034706237851594	0.013038222211642615	-0.0022991801493974905	-0.01585587316404865	0.03763902219430602
0.03314464059537706	0.035034330057553485	0.022340653129762314	0.00693660156859211	0.005408432159686581
-0.012718232824158087	0.0025217649175891237	0.01081573787613277	0.0049798038719971426	-0.008569892982033159
-0.007794593631186689	0.05222441658340273	0.006397261907667685	-0.020380973652076025	0.023544957920453385
0.03148347490486759	0.02506035178913629	-0.010465157175724703	0.024451690633561438	-0.019971598272836122
-0.005209862114167321	0.0345839406190416	0.030047510265419262	-0.055100592146745606	-0.014988910926444858
0.014191673984616831	-0.00845222750836783	0.004858359645578674	0.010332592488471558	0.01191551177338034
0.0014529575571912492	-0.022589911039068565	-0.006989168304402157	-0.01126794854583136	-0.002259307325496221
-0.026291669430195192	-0.0062489838577861395	-0.022270801411667103	0.005510340642432073	-0.003654563418316527
-0.003882055351991604	0.03824344795619229	0.001380252770014312	0.013913032953681976	0.0070507652404617985
0.003707084242162156	0.01199622416743127	0.013261127859403537	-0.03187216174718578	0.005582655081964291
-0.00291578855003448	-0.018529816339807978	0.010235999252060429	0.014186314540660012	-0.0026397302679044385
-0.0367453211252813	-0.0215668254699247	0.0050111378270223115	0.017240894886373582	-0.0077510637876413175
0.011324296381890003	0.006717481729503113	-0.013738247319592169	0.01904976600804992	-0.022410121885483886
-0.00720522587132918	0.00225909905992017	0.024079924127432966	0.005048438122159632	0.012644764905171371
-0.0054332951382954275	0.013672718586021006	0.03764993769998837	-0.0003014616104455941	-0.012066843137269401
-0.009471546567448311	-0.006021161191412791	-0.0017792103156323005	-0.005755544130436141	0.01660434248813239
0.015236343930508925	0.019630684713566257	-0.029016330731039867	-0.010200248339768493	-0.021482522558357368
0.0020351265046654864	0.02225123417560132	0.014838918434091138	-0.02530095227288327	-0.005468761968710712
0.014453075290812141	0.013756989410135999	-0.012455326885144904	0.00905973784458113	0.012659799506696047
-0.003899340149300932	-0.039403120420212136	0.008017008435013614	-0.015398788622173636	-0.004029351808660296
-0.014267729420852089	-0.013455587220992476	0.0024290210009509407	-0.022836890813568766	0.026430458197974554
0.045836564056898725	0.045798420199557474	-0.032516515632269136	0.007083438197988286	0.01129879781890249
-0.013826162344610978	0.004139686573680982	0.006403101992607209	-0.02644832795917092	0.0013768416021805955
0.036497464663145684	-0.004469670366044529	-0.017134647752264674	0.01671893558852137	0.022347844616945067
0.0339690325360134	-0.00667947238663986	0.03363975514439728	-0.007499797069070136	-0.012933756996290277
-0.0023067943400541515	0.003170723065920674	0.018677493037175655	0.027891988355762072	-0.002666972069558368
0.008109171461975389	0.050927907334820346	0.02642426460707676	-0.04722817273513541	-0.007006873062175962
-0.005743712144418333	0.004004852986784413	0.0005566758849443287	-0.03206094993768636	0.023820755009615665
-0.003883015276685991	0.016276195908410833	0.014799871095899354	0.0036087410778674707	-0.029336177987871352
0.03160639861514017	0.025205196005888608	-0.022586038685523238	0.008677898458860881	0.009634067620937024
-0.02689286373421372	0.004142501562351724	-0.029840302969759588	0.011768438382008008	-0.01337177535981848
-0.02449528085771052	-0.0027807305929261313	-0.0018022467351399892	0.01957994380605781	0.02656318536320833
-0.0021522915505123126	-0.018822894534991506	0.007687445702858235	0.01979147176505844	0.0088939318550541
0.015993642267980678	0.004220280521360936	0.009621209189026491	0.023129364917281126	-0.0051648071380088435
-0.014518509855596246	-0.0039341561220418726	0.021362862023551702	0.011619524376412048	-0.0005624791382027854
-0.027434848584119195	0.009267675392534706	0.05041357696370699	0.024901040249904183	-0.02338172851752243
0.0005225900934872343	0.010354920022621741	-0.03255963668771183	0.014889216628352828	0.01384543058068683
0.03879636221144645