UV/VIS SPECTRUM FOR UNLOGGED COMPOUND
INITIAL_VALUE = 350 (nm)
FINAL_VALUE = 800 (nm)
INCREMENT = 0.1 (nm)
0.3892166039337687	0.3576950974131841	0.3539601941384161	0.3540179957593487	0.360005864042912
0.36201926373010124	0.3697482232449906	0.35842372030604525	0.33209444999393517	0.34712137141036176
0.37640931102330905	0.3564240763875761	0.31586191132560354	0.33792698269018706	0.3093886406414688
0.3086733894133069	0.3342511788939372	0.36998063831520034	0.31844017219340626	0.29743558857481345
0.3129572834391068	0.2977227552539384	0.29375027405476817	0.25750001559606267	0.2675116659616803
0.307664181737253	0.32139366408583825	0.31381346980326047	0.3230523100376804	0.2571150266739873
0.27415482726043305	0.2933226050737444	0.29824432238865495	0.282075793074391	0.2431754266605558
0.3043644095587435	0.26578611732758917	0.27094665821363284	0.2872082003919897	0.2350295872273781
0.29942190405136593	0.29347384468630044	0.24421044370511294	0.24525389665541264	0.23282275055862758
0.25756312205406817	0.2610850914475101	0.23766679723487485	0.26918610254090036	0.24929877238696013
0.22687478412145018	0.24841384048576903	0.27748419971168337	0.167270355438609	0.2687145132195055
0.24017437223109325	0.23201791154113466	0.23532351312470684	0.23821316423415217	0.23614184882715963
0.1928195695742739	0.18102205972433302	0.16724585385579394	0.20962274403989722	0.21088212344419127
0.2130837276574743	0.21532004974830898	0.22187074401060453	0.2022229109594059	0.23978169375900285
0.20721625719000022	0.17782790495470807	0.17476473862784508	0.20573846035903198	0.24647530075847104
0.23677878096522498	0.17807229410213235	0.1783601302061289	0.22614549248762153	0.18581479205614113
0.21204831312287567	0.22001097141265408	0.2177235658512107	0.17825880273214983	0.18497636099971998
0.20060038010782988	0.21432685625976733	0.18995030137269514	0.17443240298326934	0.16047279549704907
0.18996755322395473	0.1669870407388892	0.1693270338440217	0.16385989724588856	0.19306775872285634
0.2246887678196116	0.14914847237202597	0.15742708468872574	0.14379232322787588	0.19303681272820583
0.21508171775301674	0.19473943478523797	0.1703289983014246	0.17715345546068095	0.17870047409783954
0.14944170939691404	0.14313850837753456	0.20177574408110907	0.18284262294152875	0.1192257271703784
0.16409071424978505	0.14558568194802002	0.15077637912073436	0.18218978048383871	0.14420563788771282
0.16192046810646016	0.14858866560052206	0.14541123430142863	0.16422975940725104	0.150830257173105
0.15761848406450632	0.11501340287962157	0.1678022057955231	0.16680121346985993	0.1578481019615598
0.15592522466407238	0.1723845719746565	0.12794301840254596	0.12658402892494033	0.18965479810387006
0.16525513841961575	0.11218983642426054	0.15823950330324923	0.1462352263811375	0.12770812116357383
0.15122823160773816	0.09537247676953997	0.15147302216713512	0.15687599649854125	0.13899142384975333
0.14831012646805342	0.1276687353303031	0.10748025117709918	0.14476365495852495	0.17143041261201328
0.15386448176867037	0.09973201722512234	0.10220897470763404	0.14054986399718644	0.11652106389202019
0.1151034798136617	0.10595037920308757	0.10829303148888254	0.13190688418731153	0.11595229247517906
0.09842367989839497	0.12311113601705372	0.15284755760082652	0.08223262703395477	0.15555237223591975
0.15722925492083464	0.10611705807126258	0.08686762726276404	0.11956902017025793	0.09317629581772954
0.12147624153105599	0.13232048421564424	0.12718598932455247	0.08043384145166411	0.08570017313711158
0.13857996508805037	0.06889814025912407	0.06673778653748093	0.09805178446010372	0.1328858774018721
0.10921469267190932	0.0963157577985074	0.1050856779474893	0.13004484148831952	0.10806182657658399
0.11026234581836587	0.10560394741195392	0.10909219556025539	0.105488970726928	0.1236536782233125
0.1042256201292359	0.10595458831328727	0.12441558905444386	0.09880118104437532	0.10193640769660174
0.07093738068407762	0.11447084287529666	0.10536079191610434	0.08320676254746906	0.06065454084564505
0.06043591739038674	0.10868170378402509	0.1269076306797379	0.11383352348065111	0.08752713319743732
0.10385233599997097	0.09870744808065318	0.12484565455102699	0.09009349185693989	0.10417697265137484
0.12787094357697223	0.06545603957018717	0.08993041378115242	0.07334190440839745	0.11763657974112492
0.08750214375082652	0.11097408462118732	0.10491814573499872	0.07655299253847787	0.08917406681420563
0.08826968819295619	0.08487393743929926	0.08799144462784238	0.08141263951667893	0.10206762771001159
0.061057292411522884	0.11727282167871825	0.09531450743500836	0.09102020170865283	0.08105682639482426
0.07683098767612216	0.11011229570969427	0.12801576234218473	0.0776852382678955	0.10563980394355563
0.10659380937245438	0.091517752579561	0.09115242538705096	0.10762335935368755	0.0963713676172029
0.12500507796871613	0.11506178296084964	0.10114615316072194	0.11676009102604247	0.07672961514587255
0.09158864767653983	0.08816874017603375	0.09327783676495177	0.08943572553374607	0.05658485805093518
0.08819602698374766	0.06281610024538481	0.08048167100166673	0.09758014119707047	0.0660469898381448
0.11027442609622945	0.07644840221888842	0.05924306536247177	0.0607755331107225	0.11248954039678542
0.10062551473442119	0.030706568155256152	0.09628480555960722	0.07890211423131512	0.08311000781767194
0.09366352643567073	0.06644572440506323	0.11531931444740204	0.1100411726953545	0.07686510224051012
0.06835767224406118	0.07431274702482046	0.04135325158910899	0.10121210022944425	0.04876971421723449
0.10522387948757157	0.08568677822702479	0.06624512187222965	0.08040630293721382	0.08042137245305249
0.07800766198758355	0.08672127003722155	0.10673979636509845	0.08758434808946233	0.1258803521631179
0.09300327447135799	0.06985966822017743	0.08415087125186847	0.049436477849576485	0.10031976038742185
0.0554526027316989	0.041910368345955566	0.06824326593293767	0.06032524518078251	0.08007370680927851
0.06660711258913204	0.0838644356690618	0.04740498964154351	0.09638031208101938	0.06807668480847848
0.035972723068808346	0.039828710316878964	0.028690704203577826	0.06956325243146591	0.09398237563795692
0.09617893345135949	0.10199363586453424	0.09736924667688882	0.10263606995401142	0.091768218646389
0.06352613530629667	0.06699582472226649	0.1025157743801845	0.05328400113847368	0.10214535535949179
0.06785293930069303	0.08316174275456753	0.04677690929181171	0.0776044825672306	0.05631847941317136
0.061046872042081986	0.07857372564942865	0.059969852664844135	0.06833622135342339	0.10499824369679098
0.08534597842193693	0.08170004781393725	0.04562826791383804	0.055144113617866676	0.058839156044461986
0.06422018372287167	0.08823986054461154	0.10152968735472535	0.04103053471788704	0.05518084385188936
0.07845908330219278	0.0867396505064928	0.04593781245802942	0.0862774861211773	0.04934073950147714
0.11948901963397852	0.1199017559782078	0.058909206670212266	0.09449264024015272	0.04232709226701002
0.028058624125553967	0.05562922949445664	0.04945401864554098	0.12653525295237036	0.07818285210664008
0.06316512581346997	0.058553504417891214	0.1251942707445492	0.07645849146494695	0.1076313635453595
0.09305160203108202	0.04560120364690405	0.09115963550540723	0.0641192690001832	0.061937281643116036
0.053993722915677354	0.08673532262551564	0.09290162101556537	0.09098143442363271	0.05720449759302892
0.0991461786057211	0.06831316369277593	0.12044297901621318	0.10991613685482096	0.08449861153057375
0.0735848043057277	0.10091627356980175	0.07376081013620232	0.07256679981531822	0.06740317413022055
0.0499500624479137	0.06002763614016551	0.09566688073715666	0.10048885291553918	0.06990218168349122
0.04644963708712829	0.09595414561311488	0.01914940435249071	0.029814901404280943	0.0848108242515537
0.08568706488802108	0.11095485165182134	0.0557591570839158	0.02500580340268478	0.08232576739454381
0.09212334110740956	0.10181546411888166	0.03246660166557714	0.05183262369648201	0.08750813371014096
0.08141957298850919	0.0647407211168615	0.0493821764709215	0.08967128183963485	0.060620298425906084
0.06118241883212234	0.07079404108855197	0.10469798237310307	0.06569034682041607	0.0480957353590139
0.049335243867300885	0.057762987610959105	0.10738656513804405	0.04742916352025362	0.07254572544110185
0.07995129271722214	0.09733427557578901	0.1129071424144131	0.0512416202287231	0.05885272716984053
0.03196651951372319	0.033635725522911455	0.07117285772443861	0.06383186697688725	0.09775439184164779
0.07008856713781167	0.07037816649343545	0.06920598179764834	0.061874980534064206	0.06785365429332266
0.03811484536522457	0.03319763391498189	0.06486233134334318	0.07311910033014972	0.06707892363723485
0.0534142518392938	0.06695958509132187	0.0628433845519853	0.06655269045065669	0.09275886506447799
0.08907335839479534	0.07855554324010289	0.03538321438560228	0.03942574744131582	0.05995747670741761
0.050574085175795196	0.0715756610718177	0.08654229678479325	0.04910616864794747	0.055105406364241424
0.03682274475245873	0.014002045064512567	0.0416804769534493	0.05714050760392551	0.07832756659714966
0.04794330241980842	0.05285063683513403	0.08574070237695955	0.06401085091811017	0.0465336114267436
0.08229169187822342	0.09315579129460085	0.06621515618157986	0.07096287249524871	0.03770788092427033
0.046043090825095286	0.036701997961888416	0.06010888899444463	0.06649842264655845	0.09602701787240303
0.06746053507379285	0.04321830667215161	0.08543090163904155	0.09332191026087536	0.051013647644223926
0.03426284038687567	0.07727627304591722	0.05036377762512596	0.09626333897823133	0.05338508213187385
0.06864553705222134	0.06532681577447821	0.05896121381708486	0.07898606232693779	0.05024691489758926
0.06346135829313354	0.05134153282072209	0.07425171493983088	0.07274285534464311	0.04056550930880835
0.015268433271533807	0.015410869217858308	0.07263920700869925	0.04339443673862427	0.03626512076668098
0.04706653479988236	0.0640102628940909	0.09095074548864394	0.02474123791461601	0.06099802283591495
0.051081519670535674	0.10667356665176488	0.03534739123237273	0.10191095547656448	0.06041551327851852
0.044939893634570745	0.06989325337841426	0.061240456822137926	0.0954827633013937	0.048696196440739706
0.06452489945771168	0.04682147490379466	0.048724269148266434	0.04431572773413793	0.07299226323525901
0.08489831346427756	0.05030548212726547	0.07452049458491089	0.07572613932997808	0.08710301422296207
0.04993403422713724	0.05574481694687945	0.10490598136208787	0.04771309481696214	0.07031252231966341
0.0043356830988579	0.03391539960342229	0.07454220295916791	0.09577916831005368	0.05244757168271457
0.036279109054269745	0.09340460294479765	0.048822865868995445	0.051388071567428445	0.10518518174972588
0.04569967837464933	0.08975686429210054	0.06539265414838542	0.10070667753738857	0.05427774961596944
0.09501435466508217	0.05761849332761192	0.0568220068121655	0.08125408454036505	0.058927486195352326
0.026441849609255295	0.04918746766534863	0.04752565429596671	0.04681747312274773	0.03074822927107622
0.05833962390089712	0.044115598111118065	0.05963392233319005	0.13759814328144562	0.056351863208198905
0.10160604388322356	0.05051547665108576	0.0667433771260976	0.07130672192231063	0.05072609545588344
0.02221236891907124	0.03581034232196072	0.06392833900810627	0.0796914765273398	0.024445054066922663
0.04393295461464551	0.06954488584110682	0.049315164232736866	0.06405015827285065	0.0708439549647026
0.11132168428240033	0.07626076374778205	0.0473051081822255	0.062034661953795915	0.05756798925724207
0.07617693524931754	0.07716235956695514	0.03621938261859641	0.07423424302555069	0.08124349978167689
0.07670362512653581	0.07781956483227287	0.06301267041708011	0.08199668963487178	0.06902434674767458
0.06996334401431156	0.0778992989821953	0.05657426656848264	0.0660342873081778	0.05382460417559526
0.057816253679197877	0.08017059948144208	0.05545609012610223	0.09078342985051947	0.07993729119404455
0.0659051257471858	0.07145201807818376	0.07388580918207398	0.050480670196713893	0.05880603076018717
0.06883096381116854	0.029213077165407098	0.08286761435603586	0.04017608741606388	0.09518168110409118
0.056161376079545626	0.0734721233500786	0.041925223685970105	0.07915945065279503	0.057139531657002605
0.08251724794105102	0.025422980435691724	0.040249039936096215	0.023711059169135587	0.061103770609240174
0.059698198219034875	0.08869996448245401	0.07967524120332276	0.06659180569665693	0.050554803645689116
0.0772103781347146	0.09074857909079406	0.08026307454157744	0.05181788270912768	0.06459345863079306
0.058201006266264656	0.0932839798284072	0.07393298529705189	0.05686925509125259	0.0605069415704679
0.07111158560099266	0.06638877773870065	0.09341882494684678	0.06544325790054843	0.09589712208581112
0.06086205204911093	0.09745464264573711	0.09946320933764441	0.01417287732007659	0.09121010969937028
0.0916109954404589	0.03881317130962614	0.09474028638986254	0.04776180387975776	0.04841654391805453
0.060884825993352376	0.05692483439046605	0.09508578377796324	0.07027996823445538	0.12373044690222765
0.04562897883440345	0.08616207169479902	0.07746761534634151	0.0675105109846879	0.07671683936928085
0.07040802259286975	0.05487333287971936	0.08350931507231688	0.05572997090041571	0.11983867436570154
0.03646470622690996	0.0842548287406465	0.09800041375847704	0.07277188153350665	0.05975455903805377
0.04612552278214598	0.07744295904246064	0.10201651953739098	0.056826899310094214	0.057533120156263606
0.09186841757435199	0.05252640678723677	0.055018158085040306	0.1072664367499958	0.07086171279764655
0.0407083326217801	0.07569484097301418	0.07065220250966046	0.06532307660405806	0.1047022262835347
0.06964357511343804	0.10581281418290064	0.06997814495652434	0.0959848883030076	0.10034054164461532
0.0840330154275302	0.08297404352078203	0.10450319235019978	0.04839154017968478	0.0639106027455709
0.0712159066813642	0.05750091505613249	0.11057200116804472	0.07817088857115473	0.11113301852169666
0.09269681317050957	0.10445307715753872	0.042833011887977133	0.032000671097698885	0.04927292493995336
0.06016530850544825	0.062110840901692624	0.11874461671570583	0.10758939145508929	0.09148725329053899
0.08673229984398625	0.09404503571378695	0.09055620220846387	0.09417014924835941	0.09371133305166492
0.014952307561416208	0.07255825892791312	0.03301357531296035	0.05059148077741676	0.04694276881677072
0.07709011528052907	0.08070321508665063	0.08897923251236621	0.05565545180883444	0.07444922218962356
0.08925885003691773	0.06372433495985383	0.05912928564378398	0.11617442518392374	0.09270517891246581
0.09703027100764507	0.07235005530473644	0.11566084802500275	0.06147012079184808	0.1042993874316246
0.09275213722818386	0.0942396820590259	0.10780433775350948	0.06805526466020691	0.08959871377394346
0.10620277865223822	0.08683975409504265	0.053265927044413956	0.08420532340206341	0.07538499378374261
0.09027786589313334	0.1110792183347975	0.07885469690698861	0.09580000913965749	0.05384650573158855
0.08685438883996623	0.11426283399425965	0.08375035085666808	0.07585060600689016	0.09194554901416198
0.05660581966765177	0.09451673165068086	0.08800736090589963	0.08778158629579849	0.07391430184202426
0.0986705575734855	0.10261499380500863	0.07450026626550728	0.09933823761943326	0.09574832875417168
0.12465841130425996	0.08917291713385264	0.11416585896822451	0.07969755792422285	0.11550314374189595
0.11234644376093353	0.07516112797692176	0.0794257642792892	0.10051873710106826	0.06130111614107852
0.09568048501066848	0.09328269031276509	0.09657752595878893	0.05801023301808244	0.11352507999131065
0.0702627917555458	0.11732123587335486	0.061512398221555784	0.11816780757685155	0.09621859801401925
0.03721354315374295	0.07617061035132902	0.13255452110211693	0.08415987031560443	0.08158936423047397
0.12825307721326526	0.11578826205648413	0.05044223304964428	0.08570978412088875	0.0931524995646134
0.12374978386475254	0.09565724064485982	0.11331109252297523	0.07107251088038757	0.10918273412424723
0.11676478971298732	0.07451426178018994	0.11430849197540315	0.11550100591974044	0.07242621555180749
0.12552924091268566	0.08217937651997458	0.09218081528365595	0.08237251196159985	0.13660269715564574
0.08928436931968124	0.12065177111317807	0.12871692477275842	0.12215770492184312	0.06885824067995162
0.08504496386471191	0.09714229658801204	0.10942947392324903	0.08937440461624707	0.10229531878276817
0.12204337913814084	0.11661292269117084	0.08006914774371904	0.10521922094608992	0.06700067198769509
0.0914832651292121	0.08936418369040817	0.11438540187241764	0.10424347315562411	0.11314070429814342
0.14355835514429585	0.09931084301574691	0.0834170990071662	0.10691384473041365	0.06884816127376994
0.13630407941937187	0.10986810369447944	0.08810403323798574	0.12541876657284756	0.13248690049225778
0.11676752925488115	0.09434054748907121	0.14644940586152072	0.1201964588733139	0.08466819966731856
0.11045803807863314	0.11075754657933379	0.10835753784812942	0.11672806186426427	0.1288063879967996
0.12614987188903926	0.12087948874503876	0.12057075429986733	0.15164082125897183	0.13417191444521356
0.092854051367891	0.11954045042841094	0.08316200415621686	0.0776652383283873	0.0984953505896643
0.08702470770784802	0.12922398724013148	0.10044932052470053	0.14703788277990598	0.13160356910004298
0.12461745266057021	0.125412953772373	0.12048230780687026	0.10064479815731808	0.13322934801917288
0.1274788652975498	0.1273347836918193	0.09805763316003858	0.10429916528048626	0.14181416190468166
0.12032910663435274	0.14376303443248858	0.06525291333013793	0.12057929787403544	0.12719901879196896
0.13892672249703558	0.13864517102830048	0.13921509500308923	0.07894279537193619	0.10633933830378546
0.12818754044061084	0.14310752378917005	0.12023504138732898	0.14331935229665607	0.13569882206928469
0.14608432035984334	0.15840413064473632	0.08797393664133125	0.1283542900049238	0.12917618366374767
0.13512542744203823	0.14126180345821582	0.13765238152323123	0.17661099846838058	0.16578224724710638
0.1710519020931587	0.13122825892845283	0.12894828704654385	0.1414923582971314	0.13745554586220382
0.12928076270036679	0.14770709537734908	0.15027982901648626	0.11305576466728105	0.1407736694797527
0.12737278266333316	0.18060513745128762	0.16627061201052126	0.1350417928054458	0.16312093263506172
0.14567463293700722	0.1364971315199707	0.19557800020054067	0.13209001172311183	0.15565389530006518
0.14884416720963684	0.11682342145435613	0.18075270499101298	0.1378778828303677	0.13195817577854238
0.10941090048610294	0.19255725372603505	0.15437528537068376	0.14737039580562056	0.14731745479277886
0.13339943469903243	0.1646723956808042	0.16634088805624625	0.12487287682622851	0.14347161686307655
0.14606131075484205	0.15522099722303495	0.15156820282520536	0.16372180591071167	0.13297160529071228
0.18784645639700354	0.13660292116618764	0.14775655696185458	0.13942425794595342	0.1980610784407002
0.15827032732586319	0.17865886006897266	0.18659160126046612	0.1758460801681843	0.17801560498671992
0.1561507987790517	0.150360850258104	0.16631489213340228	0.1545995221820314	0.19009849073407684
0.14273114011737556	0.18136554755229609	0.16549371795397852	0.14473632454293409	0.20658200825010065
0.16413082235028	0.2030187540314589	0.1692105225400318	0.14956734511043207	0.16527634055079962
0.20173363684277962	0.2068245842280783	0.16765679769390016	0.14901605516009525	0.20823580198276867
0.17335687371256076	0.17409031862945107	0.18539803584426162	0.1883500655251519	0.20549222448523125
0.19714741267801267	0.1912297318871788	0.2055433913237441	0.18872247174837192	0.2154798701692259
0.19385120220068008	0.21867176774752456	0.18325489346314486	0.1985251911021107	0.21494649040145733
0.22486930786098355	0.2210345928526729	0.2476566089589743	0.2479547914679054	0.21722387694289202
0.19682136745269393	0.2486834246668066	0.20261394286693352	0.22364836634962804	0.19979518800914536
0.22824861664830412	0.19572728524013078	0.1918021202919668	0.2482917491738263	0.23970723445472658
0.22537694659463334	0.24082579621965336	0.24391823487262376	0.19860281286318268	0.2568121299606983
0.1950049711275127	0.24212341334491366	0.18746455937086998	0.1943888501771675	0.2408671048009523
0.27435107036201384	0.2262477540931248	0.2475081311929589	0.24228373773033066	0.26735780769585005
0.21421739164884623	0.2233869736282816	0.2841509296738327	0.28864240072348113	0.1891094540119471
0.21011753887879478	0.25960287221818423	0.2512228133691366	0.2621187909554833	0.2715352915752588
0.26704012876956273	0.25793339935234544	0.27423160667667557	0.30109459219061924	0.25198952547753406
0.2759661842953153	0.30569723354081657	0.28306404278392394	0.26094381791533705	0.2784007265873181
0.28489834531650327	0.341608875284085	0.28904358604290525	0.3093357406765381	0.28372660458165666
0.25949034643580915	0.303069802943397	0.2846893539297482	0.2923195830395799	0.3152608908595366
0.2522982628252581	0.27952401258135645	0.2993220662379425	0.2846584936208404	0.32316883763207405
0.2541493195008652	0.3110292690630917	0.30379630753071424	0.3338938573855842	0.3313915658769457
0.32703992195623205	0.28160427224930995	0.31089881303897254	0.2926757165538196	0.3299637384179092
0.31766154341857433	0.3532458349394159	0.3138379047663723	0.29934116802005684	0.32907950395314073
0.35999544949260587	0.3208177147022185	0.32059220415233597	0.3530462818905185	0.3345886662783575
0.32403220428251917	0.35655564425092723	0.33452018622554136	0.372677560660984	0.34271136604986696
0.33119459276245017	0.3593576094711027	0.4037085044444884	0.3543867913739096	0.3880693913376425
0.39058417529613154	0.38621321764976885	0.3852384004648892	0.37581329252351936	0.39651377247639863
0.35548760892179854	0.40050066133370277	0.3989372466918389	0.4084902413489081	0.416625866536845
0.40552742459634067	0.3895382523077308	0.430962084157244	0.37246254591430716	0.4155226764931473
0.43784930370510095	0.45931451043160415	0.41018300072938496	0.4506662607474797	0.48052335629433474
0.43226046574310384	0.45798287458359666	0.46329457925018713	0.42082609125328424	0.4388733350395511
0.46973132783510574	0.49148998805084615	0.4591641135172968	0.4945428609216903	0.4564668833929968
0.48703892777168634	0.49034824211215794	0.4988227548609744	0.559530686756342	0.5237293799164713
0.5095278576989557	0.5542041284836501	0.5236442188885323	0.5363039098569695	0.5645612050486086
0.555257773806471	0.5437243343213555	0.5521115793488021	0.5312691045247748	0.5817834529714672
0.5531025224985604	0.5971228869743149	0.5774023959406351	0.5322047230997565	0.5730788845136903
0.6312438840142932	0.5748481151015721	0.5695728028394762	0.6048629186078349	0.5877143785877285
0.6310222562242983	0.6118733216559895	0.6349931462743611	0.6742021832854062	0.6524944226119945
0.6623735384038113	0.6300813052861776	0.6658078274987741	0.656837645610758	0.6561382981782174
0.6519050317244783	0.6815608918166073	0.6762335455014433	0.6919064590617368	0.6887418249746226
0.7115477297069539	0.7140169485888141	0.7621922704161594	0.742977483016277	0.7233398050242688
0.7700629633426168	0.7556182524009749	0.7821193635835737	0.7625323437512596	0.7985162461685976
0.7648826645561504	0.8036102416426292	0.7718049268894377	0.8298579499302811	0.8139476262873034
0.8398714211846242	0.8573066234744041	0.8723360947171643	0.8699887989242787	0.8461132508108797
0.8675156336344013	0.9289283028218103	0.9043384432246272	0.8947856628759017	0.9058321502895577
0.918602239654056	0.9590511156100612	0.9876006722293631	0.9567520072993733	0.9482763264389081
0.9683346612171838	0.9894947476993857	1.0105562702125561	1.00700259860728	1.0332437160146102
1.0375361389132363	1.0460213115056503	1.0292895355548133	1.0659565293152968	1.0757145225946638
1.1072254588932926	1.0772913167457714	1.1131235912588606	1.1300242613930442	1.1180893157863252
1.1601150178034354	1.1499280094814253	1.1794456347343656	1.1951041476631732	1.1720529218229976
1.2080325847878768	1.2152814325430914	1.2473871542395583	1.2739398633040555	1.275708675661183
1.2736445109750112	1.3179647775905257	1.3135802894722446	1.3188179448277944	1.356141350775773
1.3478794791504327	1.3466803270434096	1.333526667221982	1.4135147337976806	1.4050594642724128
1.390100164161661	1.4338105774842578	1.506206501538316	1.4707845146682792	1.4849847087913837
1.543528815744109	1.5442798918809097	1.5564971860021397	1.562977887304333	1.5462067439273306
1.605926379337962	1.6287993228544537	1.6211001332392612	1.6513043448200748	1.7035443353126825
1.6490144553607897	1.6698270563916506	1.7056265993455157	1.7109957675067868	1.696402777727381
1.7777186401968372	1.766985558970049	1.7653862232693271	1.8016780830005705	1.8217588202914476
1.8372808281695636	1.8386153278171031	1.8378179406030508	1.8476560753407718	1.9230352984079742
1.9290047343626286	1.9115280069309781	1.8969734180904236	1.9513004490181414	2.015427584622717
2.0001393333303845	1.9730824378980887	2.039753221379802	2.0581171851914513	2.0286089368020104
2.1080935722149734	2.0939027474190124	2.1345029536416917	2.076047222100366	2.1244275958927807
2.1194471413074036	2.142039880264111	2.1486625964247836	2.1923925754103157	2.196742205627324
2.2153703860186784	2.2401488958354676	2.236856057650331	2.2074428076520953	2.2590348009132613
2.290273836098453	2.2501564190889076	2.280383330561447	2.2745590136178304	2.2610846353109135
2.3050882121613627	2.2992366283367067	2.3092349816303552	2.3667182260880915	2.2756458103191854
2.3161697041375486	2.3187155650905455	2.3631139415774864	2.316553754767152	2.3256854001996627
2.3296869387769528	2.3467536634200092	2.36055991240663	2.3564746180220157	2.3104529377358776
2.3722650653366144	2.3316548724476625	2.316180704247592	2.3064465490575445	2.3642373606179
2.3511677638526827	2.341772909338439	2.3501552784711626	2.358979810352126	2.308408839924001
2.2994848741498735	2.282168451402677	2.2670207260017614	2.317787864441073	2.2603807262122815
2.2804884947882127	2.278140172562645	2.2594230974531024	2.2350243693645813	2.2312590908402834
2.204818407001018	2.1632718531666297	2.195910728635099	2.1768339277963213	2.152532497551933
2.1693377410886208	2.0944466036663867	2.1267222552025387	2.067186580615656	2.05822499246885
2.0772452295549986	2.055250905024196	2.0237495685195035	2.026650171751326	2.0089079734003237
2.0408007189324104	2.0151933362288803	1.9940209217836167	1.9295706553558025	1.9279433208469121
1.940109354958579	1.9032733095203431	1.8544873766042034	1.8546084394204179	1.877555128759243
1.8229352213825056	1.8049486930648142	1.7977349485067802	1.763089622053853	1.7828449749680544
1.7428980089609762	1.72437983993224	1.757707098298635	1.6820323304508267	1.6953399884861364
1.6798366464786474	1.6504285250286963	1.6441624024545127	1.6124812213164492	1.5846843544228164
1.5873360750955048	1.5660629341325276	1.5745251883466698	1.5287863960140624	1.5052826444986898
1.4944901623572686	1.4890324004628939	1.4595710957763244	1.4565631353747246	1.4656852608568176
1.4558188825523442	1.4165833476052334	1.4145360750557894	1.3520506430010302	1.398340735774932
1.364890229070675	1.3165952166122623	1.324435690769373	1.2930645583480076	1.3270389693754063
1.2925902073579107	1.274805981517702	1.2615941104563604	1.2494789877368462	1.222408912504359
1.2133561161373287	1.1959229707873757	1.1610780503549236	1.1711683902825127	1.1519367500347384
1.1673589670648554	1.1418920741102592	1.1016267856629691	1.1033394374606567	1.1058842346684439
1.0982248293915429	1.0813117228343065	1.0268935806819326	1.0221826666125207	1.0199337102901604
1.039050219355041	0.9970156865514864	1.0014791042905966	0.9665702353428846	0.9851970008954357
0.9643127283210945	0.9497324395575601	0.9667437559113978	0.9507519397168129	0.9375761050493487
0.9167192478725855	0.906406563415339	0.9246349621833388	0.8894023306513081	0.8721726160396867
0.8642709013391385	0.849841420412515	0.8635152153586504	0.8681962004779696	0.8139428813797016
0.8315004138407769	0.8329673893398825	0.8080741265537852	0.8348986169676738	0.7645938727534631
0.7893777033562301	0.7940867329436176	0.7677152680945974	0.7730878379955941	0.7844824936534129
0.6932356350461641	0.727941989093348	0.7206013820785393	0.7402458974318165	0.7010326545380474
0.700373267950882	0.6941197983806251	0.7202370644382983	0.6556072583496056	0.7137218114197096
0.6770931254790605	0.6476667221358078	0.6469418011857727	0.6827870009815058	0.6274324468695062
0.6341389313422595	0.6629049422940649	0.6516139182862106	0.6345057392888602	0.6142826427988803
0.6076044413746791	0.6260027636585546	0.570524107990611	0.5911950215893331	0.5978752674625553
0.579710008275483	0.5686171214350083	0.5510280444002821	0.5689401323824229	0.5505062486976893
0.5194399790176523	0.5533493614093437	0.5596236293631949	0.5748980188671247	0.5050502207628494
0.5103152622855758	0.5035400326039645	0.5164793831810088	0.5106435941369828	0.4972057300511138
0.5181804976673043	0.5043603823642224	0.5328854512246617	0.47683021931533776	0.4841035001593915
0.48483808266545364	0.5011577509958153	0.5332136102248298	0.4652761785112702	0.5090600484701998
0.47747761204481676	0.4637301762438408	0.4498037439281584	0.42140922034174255	0.4200690801807411
0.4140962034290452	0.4611595592358758	0.4812609920251646	0.42516068455882794	0.4157316930117853
0.40180023286521116	0.38103165270167744	0.4211775387870618	0.445490561822905	0.39807476684868504
0.42943844751688925	0.3814267529494895	0.41184936583315934	0.4315314426466831	0.3865727592604604
0.3733018101750473	0.36436373236987935	0.3643202457164695	0.407925910391736	0.39765604792105586
0.35916135669103777	0.40229653391070763	0.348508188444386	0.37437022623904964	0.3668853622977186
0.35484123392481026	0.34131773732368365	0.3719143302378247	0.33785489380623485	0.3623528594653478
0.341976884221152	0.33941223867602915	0.3705627716383348	0.34258805686173305	0.3151264894997333
0.30869976307571795	0.36156716734327027	0.32470525400703343	0.35616441684974187	0.28311941780255695
0.3372307246735159	0.3084590899448499	0.3346905567824191	0.2970654279318339	0.32884989126720987
0.306835451408382	0.29480406511394747	0.32198368486503914	0.2645899456624666	0.3507128362286943
0.30499924287002195	0.2777115675112813	0.2856294329067005	0.29508159428560715	0.2889753950493697
0.29893816364491255	0.2772260333206791	0.28490563958920895	0.2395900796806349	0.31362715248774803
0.25342656333961006	0.30238616258340145	0.3173150207457194	0.2570409622751949	0.290334726011074
0.27134297516287137	0.27489630337062887	0.26838329800094	0.2098132921922716	0.3051654654398165
0.23788983779780495	0.3033264277276777	0.291133088237506	0.25549471935304063	0.25372354539151615
0.2332060508492908	0.2437823657598013	0.30048317519677753	0.2520864428271866	0.21114661054552633
0.24879749879545374	0.28107206396930645	0.24525080241400093	0.2507640260212165	0.20788740090281752
0.21541429290596073	0.26336882263535305	0.19340169066943863	0.23459392908377205	0.23817540135822154
0.21634659426374997	0.24143432589332584	0.2213677734079906	0.2228915858449676	0.22472087088242387
0.20155749475383242	0.22548653597893228	0.20958545839868592	0.20523821376421814	0.22121516873473268
0.2131224818934391	0.20233237521440192	0.17831272006787136	0.19816110810953474	0.20261177086789806
0.18737463276733532	0.20991307731443104	0.22115164967967235	0.21327731913678097	0.19813238787257195
0.17264398038437545	0.18680149271804286	0.18960649735156992	0.1950743740648266	0.1992017523455162
0.21475807298260183	0.1775955176008488	0.20344048677669946	0.15989757907209667	0.18702130731183134
0.1661908394622811	0.17678589248057414	0.16214969460912027	0.14481619062229253	0.17717512214485223
0.1842315665495222	0.2011572939846664	0.19671860605123298	0.19091382395010625	0.15885246605351885
0.16413293857580236	0.17933807140320857	0.1686198673936017	0.18323486544509832	0.21203009877788015
0.17834328054445261	0.15570293907707883	0.14190113760747405	0.17885508239431652	0.16210534839567142
0.18893549813204835	0.17187047536831115	0.15864458233935397	0.18571313710508625	0.18266344686942054
0.15377819173541435	0.19714274465379827	0.13372232625585834	0.16222364532276537	0.15494201167276173
0.13548911396210422	0.15633917866928895	0.12439512969237512	0.16997724674428114	0.13464468115803319
0.1695638971698809	0.20568430440581612	0.1430344380082869	0.20193102367435137	0.15639281795909735
0.1621462053435269	0.13886701894256687	0.16187290012008404	0.11466487266309575	0.16445149593328917
0.14881745618167855	0.15987095394582093	0.10738931980685698	0.12162199516101424	0.12860274107861694
0.12957148583749636	0.1630175007741456	0.18715617132803591	0.14581744448207856	0.1704957234597504
0.1456657975215733	0.15246498800089184	0.16797485093641298	0.16153816333761525	0.14370574701827252
0.1192080151593176	0.12072970011570228	0.13248517469999893	0.11108973544592261	0.10760211103533612
0.11726157967148695	0.11809920403430824	0.10236743354047591	0.1444784403350716	0.14614551869196374
0.11932409301813782	0.11726133830850392	0.12319164786813883	0.1430995698624643	0.11654611958235023
0.14872045153676053	0.11840246350804426	0.07384088576166221	0.07636201561778987	0.14906576330384957
0.09914297974998465	0.09115996095440691	0.09968346842873413	0.15281531493981224	0.11812795272149389
0.10726469132867801	0.16571920791112593	0.126756471938235	0.1171656871404611	0.13636919134681327
0.1301278086023332	0.12242864299455156	0.1301583284199469	0.11535513680936402	0.10691273644802413
0.1310884839123976	0.11361872995527181	0.11134568794363323	0.07852635288953902	0.13185040966816716
0.15229520792582546	0.11543944234062217	0.10650007424094168	0.12003954768372539	0.10244927419747285
0.12643666258460493	0.1483074493325094	0.06304636954269673	0.13659229429955982	0.1360106050840722
0.12436857570647293	0.10141858835386139	0.10318096635612801	0.09262977194245055	0.13556860218480582
0.14872683978705112	0.08590476969200903	0.09332269721650444	0.09612964847555906	0.11067975157117295
0.0863468172976841	0.10881808007178584	0.10769643367098504	0.10904932848287198	0.09696493902871296
0.0801904608055761	0.09081634120287427	0.0915503256825915	0.10055847271832984	0.09384782475568793
0.10280457682864219	0.08892914691573377	0.07535983721158715	0.12163790366172583	0.06037938632241586
0.06720473469782967	0.08756137464795316	0.09479909911553941	0.08995166341420491	0.09947883280861053
0.0683498489101259	0.11305235926496832	0.12591505692458305	0.10175130178514748	0.11512965966107769
0.0453011893456971	0.11745492436883265	0.1305888939285061	0.08321677309221287	0.09939673516942567
0.09947911216842437	0.10103618832791575	0.08114232444935408	0.09173026404413863	0.12433630831725959
0.08556265969395017	0.09750900633635237	0.10868267982361136	0.08337393542040991	0.09827773914363627
0.0599499596551781	0.10890439310666972	0.11401791986929928	0.14138498048789455	0.07305940494427074
0.046910081628398756	0.07505361205764076	0.07851994471484913	0.09973474072242974	0.05916941137798587
0.1060021448806748	0.08278850977723923	0.05794514251791753	0.09361993770085228	0.07750136869754178
0.12757639730306922	0.10240430774416309	0.06136652520391811	0.07790190268034422	0.06120215793392174
0.04451006976527211	0.046297271901253954	0.11293484697711333	0.07478497919243225	0.059313294010297356
0.06670079516835083	0.04768069727331234	0.1006519601835349	0.10386409391290752	0.055848749247627574
0.08890734341686103	0.07171681036835781	0.07452621675866943	0.08017307829828953	0.09838938480415713
0.10186203568069864	0.06319347417251858	0.08730784196462449	0.110624041026646	0.07768160418046123
0.04338427396302199	0.10124973839159138	0.06553268124190893	0.10267434037548862	0.028922731474556162
0.06713900775192486	0.118065395465604	0.07248556225835419	0.06028749621084959	0.054727176573730274
0.06349363282951591	0.0618907833237924	0.080784148320959	0.05776821677603425	0.04517001715891719
0.09058251867975478	0.10527431673277218	0.06737290581340223	0.07928084818506964	0.10962872859483913
0.04062025477727197	0.06555378959774537	0.054605475777223945	0.06935625659898373	0.08568227157225451
0.030174316538611835	0.05346137425220335	0.043092881533482015	0.05737631159294613	0.08204355507341267
0.041736757816576986	0.09210376785979249	0.050114261992512024	0.05112759586858025	0.06532259733274892
0.07541606597518388	0.06131776840723726	0.0658216755201182	0.08807149409876555	0.056204293235961086
0.04493844013868618	0.044144235226218104	0.03881321979347578	0.05161632296695689	0.10288711175154494
0.05961151801362228	0.07772044546413835	0.08440959272597005	0.06086838865530794	0.046280324626483925
0.07089382269855579	0.03758693263782608	0.07703143507157191	0.07612227826908254	0.09118843321941594
0.04528223557445437	0.06564333753685217	0.06501370311798073	0.05237504895696763	0.09183444541478748
0.07761444251861116	0.042633803965375215	0.01863833525066843	0.03653897296772756	0.027975276771944113
0.07485806779564581	0.07703163932338071	0.015969483208373048	0.05110003825657522	0.08152246282751016
0.05903008286876875	0.07313426287428071	0.06991007361615673	0.08743967710619308	0.046914392669838184
0.054419510263906734	0.03688701887649592	0.029226783218393428	0.05291840391796721	0.09269544505769653
0.034548888618225186	0.030506008607812937	0.041413439891175456	0.09475631916135882	0.06915940312754063
0.03467383296827514	0.053228627602236865	0.05415003417359721	0.028446681335954432	0.06126839764895607
0.07938325748061552	0.048206797751578934	0.006031397142044334	0.08824133185355654	0.014212728245365586
0.046630937262830734	0.08788674616217228	0.07109216858537513	0.06342378532568634	0.08762770320841665
0.08104467369191384	0.03686755359002772	0.029539910018534548	0.05519207468459419	0.02612084640577084
0.06112194423718322	0.02623971740923034	0.05580672155148132	0.032853050563443245	0.06833842412233894
0.08712232349044033	0.07092536913058088	0.06762405338939595	0.04240090210972575	0.0674541266353732
0.05358803425011637	0.06307761115508916	0.07627963574171094	0.07249091480094548	0.040567517223599636
0.010960387481904692	0.0593644359673564	0.05939587735522758	-0.007955994664846922	0.042757474645895334
0.012310989235638057	0.04888394487921109	0.08437605631327151	0.0646275445014398	0.047847999861288563
0.045739470894117513	0.015550691957702093	0.04377188646444078	0.054243067434323694	0.0352431237909649
0.08241835235076934	0.03485927741959837	0.07120435121373501	0.039949403417040986	0.05034478280452137
0.0523816845127086	0.061422061890087185	0.03254173147054778	0.031886847263255406	0.05062657253020651
0.05583594435811022	0.015631699466797974	0.03161261727665353	0.030991710636891216	0.031847735468448
0.06520422435779366	0.09715403354749663	0.07528685908682438	0.07016172329020534	0.04937794632056005
0.0616747823472622	0.03146807287750962	0.014271939263768064	0.05777487660451213	0.012735686724787323
0.08048281798846771	0.019587458507280428	0.07526694435556987	0.030104579478314707	0.022247927715425258
0.01853368591257956	0.009241685948090493	0.09531544029020349	0.005191459724115176	0.041699710575321555
0.062105846404833416	0.006415298344252596	0.024479185311852867	0.0003402163315144799	0.04185121821394663
0.038087237762527135	0.05564892142272827	0.03268172402992624	0.026435643874130783	0.04949650366760956
0.029586425745423896	0.039541262737441935	0.05365212325922215	0.02965370775057631	0.06964018047021871
0.047509132889568734	0.03702370661445616	0.014413852292639914	0.016082159144613223	0.03954596519626527
0.020259061608308985	0.042299406511354	0.07141408681152263	0.0350738151658113	-0.010720334502310976
0.005228039086259181	0.05841443244645492	0.007855789536860747	0.05137171255476304	0.02316323273079919
0.048895672220983	0.022270269259978926	0.059940699431187905	0.03659089583182907	0.04134869602130973
0.03326289657278395	0.0096509347375574	0.005664462845680426	0.0667891612578787	0.04685203493284018
0.04691470705999782	0.07388768490137652	0.04855226458480921	0.050145055352090184	0.04471093342119246
0.054997589502303205	0.0724402426396563	0.05170964761318144	0.049104545468893826	0.0059653366421198424
0.04585794699687161	-0.0006062055921089724	0.033868582582475326	-0.019963444874023073	-0.01514582204530418
0.030145081891188072	0.02003546374446479	0.04265044436382031	0.025826054593638716	0.07386090176609847
0.011121202233582322	0.0585528469182845	0.02836852149911659	0.03221147704816979	0.05244343804649886
0.009044749172608963	0.03630734013400896	0.00981743626519467	0.009888962939865173	0.03009027945099016
0.0686966696153816	-0.0010273210047568341	0.028525268669442917	0.0609565823087927	0.030171126390765385
0.041652355361446264	-0.008322015955244486	0.03926554512145893	0.024856012426908585	0.03651152281645976
0.028538185776547265	0.039027953917323846	0.020289914658781848	0.03836457768926259	0.050631513172385435
0.052704493991389066	0.040919415397199656	0.0586830393368697	0.07499428165279129	0.05222008228370835
0.05415012734056101	0.05690735805541848	6.69025215238768e-07	0.04976134523156773	0.06876936632061961
0.035604563364297244	0.03919387509778154	0.020531595136582863	-0.014741821481196092	0.0059554028201415825
0.02187498446345924	0.0429118361774587	0.04709100667691465	0.03428857398969804	0.041446565345333405
0.03535219104723071	0.036665240851475114	0.02176814137977172	0.07605671335329035	0.03050606620904207
0.02262427433302613	0.07403359673280602	0.0026949745542475655	0.013746361588243942	0.08649701225488662
-0.008794546774581292	0.012583034134218546	0.02159830855083436	0.045836439434244515	0.06571528709279263
0.002650442173540946	0.03918136071911671	0.028715161264415964	0.0041815822755023645	0.061103155020695785
0.02079248992419756	0.04653604977186524	0.011751859415806538	0.029971977044586724	0.05854286363681068
-0.0200698783327868	0.04390812559860259	0.015912062996299648	0.00983706767099941	0.05491324464478953
0.04044317766361238	0.024751308167969933	0.019991136933025042	0.0009736818306327263	0.03368184412441219
-0.002894796554569935	0.050912875963660134	0.015022457502889955	0.06033751419134071	0.038643530904433045
0.02457618433027104	0.012734174419764394	0.010264175502078223	-0.013751853057763776	-0.007175353364117077
0.0030755658489149424	0.0406490691197201	0.0071762514522928054	-0.00045616678837350627	-0.005488759670927085
-0.03388912210233658	0.0029441223073616487	0.03646903789869863	0.039931544530380385	0.04153996773545179
0.04927096974915987	0.030197658004013504	0.03783230105869499	0.031870409015417524	0.014522296867298768
0.05178286015639136	0.005795326013760666	-0.0019931019375166873	0.036158941235976905	0.02214672525005883
0.031289395441216	0.04177857819186535	0.060030581720956606	0.008036377729252149	0.025428561414505627
0.01565368084965996	0.024697500707408206	0.024732599498726856	0.019527458639517256	0.0017865781523579514
0.039059555835504745	0.03963266950227204	0.011282207590706295	0.05089404760027962	0.01690017506314005
0.04622895448478576	0.012765718890762258	0.05009062707036001	0.039658176547396985	0.014690229108881219
0.07852851761409219	0.028410218506157214	0.008532903597631886	0.043486164814259286	0.04623233518812569
0.02149832432559275	0.047579168285816376	0.013369048809896459	0.017330671576759975	0.0230523582832131
0.06526662240740072	0.026241819700818982	0.03941900490985592	0.044265880290269094	0.030692041434842533
0.009732017182726626	0.012142977114697688	0.03746780238588617	-0.007187178967673499	0.04825027753674872
-0.019595855777537925	0.028365201914974436	0.058332823270577545	0.020724057363661896	-0.004546166547400009
0.01328248611142925	0.027572628693152797	-0.0029355058325186544	0.0360499585542722	0.011324439590408578
0.025469880551933038	-0.005872220461037222	0.014836065845328452	0.013164276566818667	0.014397494285378874
0.05148837907543095	0.04030737237825412	0.0695996995370318	0.007687159286479327	0.013839609640316277
0.0005394681480718894	0.04426552448400639	0.053739283011891834	0.030185077072348826	0.03846385250204361
0.06350240737378729	0.0536802945976665	0.0383391124968517	-0.028429486510112317	-0.0006318042085223844
0.029061585252372797	0.0013955517291017131	0.03554000971489903	0.021343183047398122	-0.01586684985974918
0.030407332959781066	0.06755439264239417	0.050984715045229875	0.004118261451173543	0.049443329378795614
0.03470958027400134	-0.006320404027500287	-0.001567832265252844	0.0025476179291473292	0.022870418350162416
0.00560700550960529	0.03600070897039067	0.038532630479676803	0.048685296163514954	0.007689211099418069
0.04621498500905984	-0.005643926569743991	0.02490562112434208	-0.015088999602555494	-0.007863659784738242
0.017981541856504076	-0.01032165566256735	0.021175161532636173	0.03750317676477453	-0.010168341062239288
0.05257666666846453	0.005203715238538297	-0.004331732057636281	0.054386227024231355	-0.002072555846923004
0.00603783911600618	0.013245274885774967	0.004578752140486806	0.04469115298296313	-0.01984245966743679
0.025263407992849853	0.03666152692467743	0.02776830552641318	0.015144018718567794	0.026372913606344913
0.03964996678853666	-0.003723055235887553	0.011399220543051898	0.012505811049108684	0.06830549590043453
0.056527817317127846	0.07308804716277248	0.03894126383879662	0.0010835819868286454	0.01679341813917423
-0.013064768494407667	0.013352573632093623	-0.025445821511828844	0.017721885505589216	0.022110384291582862
0.008583513242535878	0.029253447566168368	0.05522132412817553	0.024474451239490047	0.05725503478119251
0.015272386874583993	-0.002411606476775931	0.022870221970069833	0.025974425916539975	0.047443724424378934
0.056519625973261	0.03567194251671907	0.022034819676928396	0.011298751478649184	-0.0050379168019162425
-0.03600512964723814	0.010639967180384964	0.008403482233148884	0.016122232710665124	-0.005034263266888891
0.006757732780187873	0.024967714306108686	0.015335016954784123	0.061537839448008703	0.027737066070901473
0.053966966281520395	0.011246763372540833	0.0051049656902864785	0.026678792633538125	0.027635283008500856
0.018981809688469964	-0.011345231853711144	-0.011140452172353196	0.0578948751109492	-0.020473777427652398
0.022887586362706734	0.0072785088968202695	0.05379396899635282	0.053912041597728416	0.0005095258864612467
0.03915477930513492	0.01577013617610344	0.006287316899517219	0.01373956592532502	0.01117479671679444
0.03383631317288225	0.030238010669984453	-0.0022394674353665807	0.02133708090460341	-0.02155148541213081
0.03224426688172566	-0.010089033258852265	0.018379353966703114	0.01723496697602793	0.031121746299532443
0.024013634484812155	0.03946681039484858	0.05456144207382749	-0.0023709214056883052	0.07058815897150919
0.04032068730381963	0.04858815839222658	0.028324804368794813	0.009182555687248854	0.025062525454950735
0.06835414865528591	0.004277746959627169	0.02001425653318197	0.03311917687344148	0.005710020824719091
0.030305953924155884	0.007369365373622936	0.041624974387283555	0.029251822298251268	-0.0025355129955880584
0.02135016627696245	0.008433903317539203	0.01211351584629844	0.01611646506405923	0.024770472906706628
0.027034405763399896	0.029065986701432595	-0.024168010494272675	0.026645379527645664	0.027115217088448374
0.006566285581112053	-0.005148393134090819	0.035248864979566696	-0.005649366306608998	0.035949092536593
0.02255405034284094	0.009531584947081752	0.04239614770055139	0.011548095911327529	0.004454188902723406
-0.01959542991634031	0.028935868155349286	0.015521513409792126	0.07822518082099283	0.062144712073377704
0.017810295523981563	0.04215511176556854	0.02509823718492231	0.01791476748793954	0.06309345940521177
0.021649856929992935	0.042236579387566475	-0.0007116138056823471	0.013005657629331008	0.016654131501214545
0.014513682548393563	0.015050240959130101	0.038312369312727794	0.03374391241384993	0.015971579542295652
0.015520268038141445	0.020439207891656416	0.024103303449770897	0.00832469956655105	0.05690615875851678
0.02666999096233893	-0.0025791856780501155	0.015145580949831913	0.016307898956681943	0.033613048790313155
0.014781369682985272	0.01776613548266192	-0.004699843541947158	0.012735440028154745	0.028316624737468325
0.032168155935178785	0.045660224054148005	0.024111256670811296	0.0235745320028139	0.014538195795649078
-0.0014525021537569085	0.01421316163260741	0.00125401465230656	0.025458388028176668	0.006981030674261783
0.005085196699091894	0.06346763244470943	0.017865135194020415	-0.014363343536678706	-0.011613762760491296
0.04065863993841465	0.0007148559541125948	0.002926845787974067	0.016466666263537596	0.07952149289143746
0.04832923889224227	0.034423990091619935	0.0034175369979301687	0.03632782390690482	0.01531294256869683
0.050003351400292974	-0.008439504144327913	0.03854986096560028	0.02351750226418693	0.024542010400796156
0.022356067333143374	0.006867808789955824	0.019917998505625645	0.011385169462878491	0.04859308845750709
0.017814297151584203	0.017725248237981005	0.02764213286313462	0.021344053816205737	0.017390328004813306
0.02845466667930574	-0.02408134503956271	0.04155213610346518	0.0015096170606291454	0.06390830926344376
0.012513822020109557	0.014579960819657706	-0.011478127350350373	0.011889043509685907	-0.0015881263737443352
0.009838988122044971	0.0306460091099334	0.012257729954677346	0.013778843617821165	0.009003742645050382
0.01607843210725936	0.02350791697586754	0.041564543470047635	0.016342269822246923	0.01817093708826071
0.008985609218777313	-0.006892303043728822	0.024954441854243795	-0.03396905252458475	-0.02305909333479074
-0.009533302098419147	0.013440518781779157	0.04416704055262689	0.015808877389150027	-0.012119966476540938
0.031582485871710635	0.02702843486333251	0.03151799906352869	0.0017665527966455284	0.04196456297072713
0.03269091847826514	0.0037700424016807155	0.01748081218642347	0.005261737932428809	0.005611001331084095
-0.02579815658341733	0.011381512915113816	0.020213739585983242	0.03040963778993605	-0.024493446903219557
0.027732561545243898	0.040848907378429625	0.0037823294151810294	0.03908026801275805	0.05058641690802413
0.028149640773288295	0.023003486213089962	0.025427049699767033	0.0050571697482784915	0.019008819230921712
0.025716267041801015	0.005892283007505061	0.03221613604724457	0.002291763872955378	0.03578573825822891
0.028604407228285604	0.005612520895752319	0.010843481919899105	0.020658684503638555	0.03567502156395512
0.03531776337207791	0.002051969544644459	0.026516787508136814	0.02765993078808104	0.04997685253707368
0.026277471859584102	-0.0056296733498373604	0.030417515052805003	0.018518071397502223	0.04374637843636446
0.04315297343265244	0.0023376237340156274	0.021134000595278583	0.008191360077723763	0.04029951908564545
0.023447935134055665	0.021234683108692733	-0.012423831940412754	0.0211377060532392	0.03306047750288653
0.016263985392717246	0.03320829677599353	-0.024303795983272307	0.012537169569120146	-0.0015470946556204006
0.02131496081734028	-0.0075686836038412805	0.02517315977118305	0.012453627263638205	0.02788112990952665
0.032497029182864325	-0.013213327131867302	-0.03591211771871119	0.004733415146125228	0.057652681085752944
-0.009325135989719712	0.01064045830640225	-0.017940542813164827	0.019428007310031494	0.024223897663558265
0.02319705848367338	0.014095430445846425	-0.015410694338443002	0.03654740357579146	0.022124594579204265
0.04452924248674508	0.014835611611579673	0.008173919228293625	0.005366875617467985	0.005834931199773732
-0.012268964843040263	0.005743106245663302	-0.0017186403655719091	0.013943418603550634	-0.005768909220530543
0.0039695758435156865	0.027571607607431083	0.0054343167254022355	0.04588851204067084	0.008840069050749248
0.0023117808023074057	0.0364867540901982	0.013894799516885492	-0.01014479078352213	0.007207646391576209
-0.004478972052159893	0.030917192709451757	0.004539686536866706	0.04093990984458904	0.04205420500893818
0.02883788116341167	0.006175812608924585	0.027188543113941213	0.026067397371063814	0.005501454030371387
0.06065451808173991	0.04979025427284313	-0.0011962395428172568	0.01597941874392963	-0.021730437582697177
-0.011883175216791834	0.015201022064326554	0.01843526894686374	0.02000708806956325	-0.006983548524344985
0.010037434479660347	-0.023674932324211233	0.006434592583096317	0.040108991368343595	-0.02681598148236415
0.029572840172179184	0.015137923445662787	-0.0026399219223150923	0.032347602124501745	0.024098887797921964
0.030828930260232854	-0.04062233870634351	0.02002319670285708	0.013624708873848828	-0.00719703868047367
-0.0065572131704418855	-0.012899221499357454	0.001447816138235281	0.050294020194337125	0.02832347710655425
-0.005474440458813769	0.03700520710791121	-0.001162475106697985	0.009424853445749629	0.013575332057280487
0.03644820989781779	0.006498536923845044	0.03985202840745866	0.013836299529069352	0.005564654056943235
0.0086282024146625	0.03098280340826141	0.005964415023782562	-0.03707093221500117	0.007042619968866851
-0.015744116886881	0.027145491472674012	0.03979318874313333	-0.02807492491734848	0.03988538576920585
0.02246669687072258	0.001749754082448961	-0.006043039110039552	0.03176009211502466	-0.0019052117252239967
0.019131867872576952	0.006729889113363152	0.050685037918845294	-0.04636613173017575	-0.04119310900851543
0.009328014467737476	-0.004217775490886623	0.05968090903273208	0.0022213711851862238	0.04835653754800665
0.005073041756938406	0.030664514735117637	-0.005543763980667616	0.0013208378446480018	0.00059386178919958
-0.016803797577226026	-0.03060973678779131	-0.0074791596224200695	0.013180264070276823	-0.012091010345713927
0.00582328255743087	0.010814533229191662	0.0022111263006954467	-0.02476207355975399	0.0017976068913955964
0.0038291106680341746	0.030184430838519738	-0.016866555675400408	0.002926455567167214	0.010118602572801862
0.014423154784779877	0.011564245700528681	0.03047666425588251	0.007641152947403493	0.019393019096631964
0.0031953032589130534	-0.029229430203255836	-0.008865552853676413	-0.003858855438373641	-0.0024670533671594204
-0.02660495874520931	0.04083882532726283	0.0057450112791182385	0.030182302703282902	0.010910995767802077
0.02822202991992185	0.006968531101784178	0.023691787028524286	0.015498160604042686	0.03198738369017209
0.029053032686900557	-0.019348544376753256	-0.005256534638415982	0.014669918014843398	0.04899963574240029
-0.006626348659799953	-0.004756368187520103	0.07263854576102287	0.04914263233625426	-0.010833078025186902
0.0013417222569267803	-0.013397261092897544	0.00485398190596466	0.0012357766169753086	0.0275817728888597
0.006760865522652979	0.007261924695015172	0.020579771834884242	0.02928101978090894	0.03143276282828624
-0.002701951948805463	0.014108414556718765	0.0016938074104519418	-0.03183917294830288	0.005762626963377567
0.013638686081880059	-0.027006496000356744	0.028177268071817453	-0.004063554460527931	0.011726369625589398
0.03360980294902731	0.026187948053581288	0.005522478553750639	0.030675643620583087	0.013169703924076133
-0.007850677952256378	0.00799125951080865	0.022353266176382662	0.002042579368949936	-0.021501692872708488
0.004960014435705162	-0.007110974142545524	0.04278605927043826	0.059331379847724505	-0.02098358103755559
0.0466691800942761	0.004937161049362645	0.005455153242355502	-0.03202010111489993	0.02039115031470864
-0.004826771354443699	0.011378043327149331	0.011407399378914206	0.018545353208993615	0.00773438127482934
0.026616143798021553	-0.009865664636214893	0.03284745149901723	0.0024627454863816083	-0.025402925037360892
0.006363280962046799	0.03580263054352522	0.031216140107173863	0.031678133121278956	0.03249548457025934
-0.0074600303474906295	0.021028408069081666	0.01896361113573648	0.004966132870227439	0.048934638857833015
0.01586206275966299	-0.01211705795854369	0.004164979437805183	-0.01806031711415718	-0.0003203248364458686
0.008613368513534038	0.030366827833529314	0.020139046306949186	0.003196889577710687	0.026752119442603188
0.03993031982288985	-0.018592635377331482	0.032758657332599736	-0.006105120681696229	-0.013473004672141048
0.02961251624715156	0.018404578256921274	-0.015168084229029785	-0.01195401222352743	0.019706932937833557
0.01729842598246566	0.02318557758996316	0.0032168436272926493	-0.014737315486024558	0.023029062491390407
-0.0029023177779674966	0.037470388785600196	0.010890051826284008	-0.0050821062835635	0.02316996542948334
-0.004237355547912387	-0.009198565704407816	0.01638938042706913	0.012987923794123137	0.013782835294414894
0.07485240679728528	-0.011456358190476594	0.06007967267406082	0.01315202147347218	-0.011149491165614082
0.05853319252546933	-0.005433133620061656	0.0025883343800611365	0.01991593704666105	0.047056748216364214
0.015970857044197487	-0.025176722244585406	0.032739055596406115	-0.00804931030102441	0.02637735641836549
0.007538310385389709	-0.008293756440642073	0.02683662586232992	-0.0002361558213518876	-0.030321872243014667
-0.003496456437559043	0.006152129484516416	0.006156705756250415	0.01615286481194251	0.0026593141102356395
0.0027956155437583695	0.0447117207408254	0.013886533934617192	-0.014347414938038833	0.008418439748673082
0.02944826186177859	0.011191925364244248	0.034480141066057075	0.010490180482642844	0.017345723259928232
0.006844265558442165	0.0035538854960340633	-0.014472836426536049	0.010763497045573292	-0.03097876960167421
0.018568699052747002	0.0348343895217201	0.021199033474296254	-0.013101114468770004	-0.004402311711519466
-0.043498030613650485	0.012733338501556963	-0.005918504238476459	0.04107911309804935	0.05301479431683992
0.004574531923491848	-0.0005704106157969928	0.019586881885056622	0.027105510752604388	0.040256719696006624
-0.0023701262239957744	0.01906771768897221	0.022588410173300176	0.011357569728167774	0.021262032190749198
0.06200957202768167	0.03592838804453906	0.037706931682003	0.007547639925717836	0.018940657349880916
0.012088281070633599	0.028672435090440287	-0.007380651350286628	0.026398962676148344	-0.00799079102892936
0.02381999522769423	0.040122619057977066	0.019411471854347575	0.019084807779398576	-0.00727492360990953
0.00783769248723943	0.012577428207483204	0.03400742737636837	-0.03855085425086275	0.04716916219379547
0.046128211144203554	0.0349956756984495	-0.024235343651850615	-0.01280537957628309	0.04767189031787997
0.04931641468076222	0.013767525493801506	0.00016320873626636707	0.028612869166517577	0.011436324349728244
0.01758541751235148	0.011318738779800653	0.02593557751392527	0.0021903682327498453	0.010921011280545494
-0.011841494004951787	0.03162995244517412	0.0029900489490501704	-0.00333774106650727	0.040398115315443725
0.01211677626867725	0.0407738232205071	0.04861686323498597	0.002364872265708912	-0.026823579477185798
0.0034034855205973685	0.014906714095375214	0.03716481641703305	0.03197209502558629	0.02789401219477502
0.023290540144985106	0.023422378841631647	-0.0016572338407899205	0.0003356559674387999	0.01742611891570643
0.011170856032540057	0.019098605464121947	0.048770447056933154	0.0111407727678873	0.010988787968789684
-0.029548894023558904	0.02090821400227147	0.00032818122296228783	0.013939367037742081	-0.0037283774097851188
0.014438301443554725	-0.04796348570411616	0.027324201267224783	-0.005704596134611649	0.06227296242078772
0.008770309271993083	0.018370519402678757	0.007623356684609484	0.03080830640761587	-0.0004441207921336873
-0.007676238527039882	0.0341268224384254	0.011831503492260155	0.02570141586713877	-0.0005786350491953354
0.013407059126008623	0.009755525444803695	0.0027194842752816086	-0.01155746131306881	0.025619199925312378
0.016236973403585053	-0.00795653332784062	-0.037007927805319626	0.017495099989576348	0.010347496530387797
-0.027251539553242575	0.02703401679078468	0.03262912162293404	-0.01797971060881136	0.02642666481162657
0.02256590600617605	-0.004039855026741991	0.020079224078320204	0.016722422294840587	0.022127558356156776
0.007236432505070043	0.02505165029398593	-0.003118247708381458	-0.006054954682259017	-0.006742961234849744
0.01038543437853064	-0.014569926388645658	-0.025624268447558284	0.0385353333896356	0.023297560267425587
0.011629355000129233	0.014866785019707805	0.02279063618400292	-0.013820045586755	0.02805323768466697
-0.010573040581346609	-0.007562979967989715	0.013040119169586712	0.008930589236236552	-0.019822729878135305
0.01855757969026163	0.026018816553302068	0.007834298333394576	-0.007744975188554346	0.01995255607175406
0.019322748284576297	0.03425414526554903	0.05502590724265213	0.020765400375239645	0.01889020313709197
0.013039141695071008	-0.00975737924813749	0.026640845496948156	-0.01724723699124475	8.023122129785683e-05
-0.03234748899232482	-0.0006093948580493027	0.03794903979767013	0.009641338654565726	0.024444378530332538
0.004866216363223491	0.052554402656694005	-0.020969826754892347	0.038265361192969576	0.007370460502851898
-0.025332202245459845	-0.003237378117696194	-0.004682679434594765	0.005153066394879952	-0.004809234350669569
0.04054585207441756	0.02355844682539624	-0.023522006395096166	0.002826214841241315	-0.05063264357792273
0.0007765763972647239	0.011135374831525165	-0.00027901455300520777	-0.0030660759066233117	-0.04413655797833897
0.004396459810165305	-0.0018813260445572477	-0.015949536968451805	0.0038362664287611573	0.009891616127950318
-0.0008591454036646472	-0.02814294448046075	0.010455405515673487	0.019199535913518244	0.03744228433943236
0.04408498116395219	-0.021557569101959818	-0.012848939934692789	0.011192328384963453	-0.008278841735057735
-0.01578279899201121	0.03994457070741842	-0.00649996971200203	0.012378054445212647	0.02484412032729793
0.036137005224417415	-5.56107817688686e-05	0.0031270214290152025	0.02311027685366992	0.03127948239868927
-0.004622814500334159	-0.02305150387678311	0.01082187052465197	0.05582450722233375	0.0039907382219667165
0.012533090284763434	0.0065457761101327	-0.007702608700411933	-0.015601763680906253	0.020574491188409864
0.017450469359710827	0.006316677711265107	0.002929217711028236	0.021821515135733494	0.012372039761684241
-0.0162144313012307	-0.018360034862071023	0.03297040879183754	0.0013615496986043212	0.023242889991842295
0.028519875323978733	-0.01665126423615453	-0.015944532951622892	0.026569667105643194	0.030108292155303334
0.013381044446501192	0.018680133142059664	-0.021218201688870744	0.01396743100429131	-0.001525639789873288
0.019328476817216365	-0.013365788295534777	-0.0017238107015692273	0.012309733828264786	0.0034299611322253813
0.05191863996213171	0.00570168236119311	0.022557055553435606	0.01797770981237536	0.017913849566119106
0.0171148716998763	-0.03318773060627321	0.00039933243257601675	-0.00474196114482154	0.009146116138463604
0.011517003916872482	-0.002563979004432086	-0.025288713365036256	0.004591181852611955	0.0060882022648527144
0.006295194816658458	0.007065164826634022	0.017620696196800092	0.009596306353440727	-0.0036848606919133668
0.03851754796322702	0.01887009580073622	-0.000921469308365867	0.013373548127269562	0.0354844276560944
-0.008572029279826407	-0.007656495669070137	-0.01826291589374881	0.006112919652245693	-0.018523695155011705
0.019442055950717598	-0.01694588601205773	0.07389031913254913	0.0006561681938035829	0.00738146067132939
0.06737850282924245	0.0057169957858717955	0.015376959985414867	0.01768561050387948	0.0510722459397654
-0.006686223567202375	-0.004864666339213168	0.03840236011827658	0.04118944291735843	-0.06282847196612525
-0.007501974052858961	0.003556295539868446	-0.03338377975261808	0.01648539221055434	0.008764173086593986
0.04937808567869047	0.024182015310964936	0.008079194938275145	-0.006186442062421577	0.03570206781804953
0.01180024835734781	-0.0015187299424781857	0.0052821020911436	-0.0010641997019866698	-0.012537939847394288
-0.01043250136927517	0.0021618421819111365	0.02254585585576729	0.008975654886509619	0.002032423079383892
-0.007725635802181507	0.01810389060042765	-0.0016981222235182098	0.017981838217404383	0.061931356690770496
0.0015953414211195421	0.007907955773804393	-0.0087501190205198	-0.018796489157914455	-0.03337025286137448
0.02982321254197788	0.034690518607202556	-0.04163185079653084	0.017068060555231516	0.02102461951119284
0.007435670585590773	0.02993036182540935	0.03015133697268861	0.007034721695702292	0.010823038927499976
0.05456075267919608	0.0011600409703948922	0.021401754146140144	0.007164797200203894	-0.01585096304846699
-0.0003125937477224342	0.0554150155877906	0.027714200313565678	-0.029903590370968146	0.0057290500662289
0.035133220178970526	-0.0019319413076418286	0.037436860344758446	0.050089434833303775	0.0016802197473344618
0.011877209695716056	0.05123035585779963	0.007155523922111294	0.005942486920027768	-0.013179751972619046
0.03713726141575184	0.011786870599771033	0.03558993726100134	-0.02172416265486524	0.017963206431438793
-0.02347012382648214	0.01575420619766521	0.054468473317915544	-0.014269324505111999	-0.01815807101159659
-0.009809066024004224	0.00797779117387051	-0.008623507530258085	0.001301463962378316	0.004762018226573948
-0.009313496581856297	-0.005899611984876854	0.007564565475809085	-0.033569651643692786	-0.011911391178227619
-0.0067647497923143	0.009917017759976957	-0.028409355480171386	0.02304645286637161	0.027117981946244284
0.062165660099022475	0.040569464573156466	0.02885729208104433	0.03694919432584037	-0.007669197471278035
-0.014060609051475844	0.04318648355064003	-0.011930269925864764	0.009912387850456119	-0.013889039913297953
0.012682575634921138	0.023980510312984357	-0.022180003305647053	0.004126227136823283	0.004035100477121021
0.026230061565823387	-0.023557906498968963	0.013148979572790062	-0.02394885258037168	0.02326918787141104
0.013075205426335827	-0.021045085502437257	0.004817917888643997	0.0199449963623752	0.04086765178256452
-0.0032678423354126525	-0.011590486348709322	0.008416318273624847	0.03699246166363809	-0.010763110116539082
-0.026460552151728253	0.00902938391714007	-0.0046665020507693136	-0.002853388354129663	-0.0037475509127128763
-0.028431171627079907	0.004070208617688508	0.011317137037679982	0.032200619074630815	0.014070382998269865
-0.009778002918185705	-0.009581613734063818	0.004065797293617174	0.04215165543251127	0.027685007286092057
0.0261670861495387	0.013727173209225448	0.0014116707586949197	0.03965464084385677	0.012399014312086046
-0.01672660351767319	-0.005841396788431919	-0.039426568330702516	0.039023002760340826	0.028410884891798494
-0.012464765299041468	-0.014379048031568234	-0.009464066091224257	-0.01736313671048812	0.014765853714250737
0.023697864102078883	-0.017150326919349493	-0.00431363424295873	0.04154484419071523	-0.005661799649144904
0.014813875627535018	0.028116128930473362	-0.017583606468902772	-0.04630424759782441	0.023344959462658684
0.02768186865123255	0.02518086267421427	0.01852170831696201	0.046870468445055435	-0.004934050961436497
0.027272072402622315	0.02069825266251823	0.0036644644544981397	-0.020199211436441024	-0.017531235995677734
0.000628008138307757	-0.004955855274285998	0.005620867429849404	-0.021762929401172457	9.72724589847697e-05
-0.026078979632896352	-0.01755907164261549	-0.010095384574856217	0.02871503590920073	-0.011973442987391881
0.033215267555251685	-0.019284129296634554	0.003843304429081612	-0.0032656505363219263	0.014041137553427252
-0.014465067129870909	0.005901323534350592	0.004901534866098354	0.03229194459508213	0.036986705905867376
0.02165065210913708	0.03913909507862362	0.03216820087318683	0.0023936151925857394	-0.052379029295678406
0.039112069941448266	-0.005727138801206611	-0.04463087998397617	-0.0008419725254949677	0.008427562105812735
0.017084142948561105	0.005846244850390236	0.0020571452154442794	0.013342270033286573	0.053045221519221766
-0.014944297436061744	0.04708038858485123	0.02372013589477115	0.02608806613249086	-0.030484738417765847
0.00853878745229798	-0.014441195260924966	-0.03145199253257276	-0.017328258807616657	-0.02479099851875416
0.010374600932024466	0.014321373220133531	-0.0002937227394765344	0.008813860727483459	0.0023366047104137607
0.03632756359222967	0.04121302178245054	0.0013795038248648125	-0.029001830841383514	0.012886771539417927
0.0064048780692800055	0.02059738584359165	0.017271604292416427	0.015096070749917034	-0.0059210879633078035
0.004895426589370158	0.03921446885389286	-0.032989185508341554	0.01771809562867704	-0.033908562681727095
0.027009176927938885	0.028595656388175898	-0.014969421327723893	0.029495369894345827	0.016197022800944434
-0.045227977389605115	-0.025052943640141094	0.03887967087701679	0.004437432749751361	0.017796217168289847
0.0007772647136858324	0.015044964490313215	-0.002931721630261564	0.028374060890154682	0.014678812792831172
-0.023131949204122315	0.019852335449231703	-0.011382111823583185	-0.022619633949245252	0.041470095344081054
0.006480002990057258	0.025604113957557163	0.03471029626221863	-0.022911705861798925	-0.0020726574584909677
0.0345311482124737	-0.005395934555769002	-0.003544227635265622	-0.03012418151605944	-0.05215108084790992
0.011626199734467981	0.036325846643277926	-0.00032361220983462453	0.002798809386228209	0.018097947666299075
0.0015568080006600907	0.02004611383165581	0.023415003349985572	0.03544890868309459	0.06395986367960445
-0.001612874413670906	0.042982553135474916	-0.007553356017208213	0.007809814137702857	0.013700029799258707
0.004461354275684691	0.029460045645256054	0.012910247353599986	-0.004639818882492753	-0.010352127449637753
0.0031331094436590273	-0.0033524146672166454	-0.010884074696835826	-0.0038397862151519305	-0.009951926192422493
-0.015042746154145524	0.03433821004546216	-0.0005472253272954383	-0.04415324364276333	0.02669616564466738
-0.012133812606016897	0.0103685601344508	0.0005040099937179141	-0.020629355647154336	-0.015423358357636474
-0.023197352778010702	-0.0015744731219820766	-0.010022315650334549	0.013127517770130102	0.006077757861675148
0.0004266175468544322	0.03469632655812544	0.010763252299103358	-0.026702819208025072	0.05007996751333799
-0.007396014577146965	0.019008968342969834	-0.00045878347068594285	-0.008566127088803843	0.012996347054222212
-0.0007844547152960615	-0.013421502138994559	0.007793049855505905	-0.012521666584830091	-0.02801733992219841
0.039702258516545165	0.039415440461033985	-0.023761307770220442	0.03369950493541542	0.02868898385957048
-0.0039668351345890415	-0.03067972206101216	-0.01648692786724689	0.02145614346176556	0.026754701753636236
0.01385653915720295	-0.017359347401208588	-0.0014148076169500801	0.00862877480029503	0.061199101481690554
0.03143969515825425	-0.019972376266717436	0.025888734577797085	-0.023132889239157198	0.0015802949247600067
0.039598205961187495	0.012022093969156104	-0.016523307596667994	0.04826627018962755	0.027185023620403783
0.04205540537053138	-0.0021084519850499348	0.0020216517394209543	0.015207878229022729	0.02441576566660069
0.02472677106312416	-0.008017335611441601	-0.01781158246471472	0.050065596561795656	-0.017424075754440965
-0.014023975705426905	0.01936620599278246	-0.021823968253996386	0.01698681808796436	0.028000283628362883
0.016391649443254094	0.0014854606063554729	0.008721152527684323	-0.008974511064016507	-0.019376784784497933
0.003470083667075426	0.00631357440401727	0.0004751110426012917	-0.005213124756982881	0.06916110439270376
-0.010922014207160314	0.0013012269041867601	0.0067542250741098216	0.028229080746588295	0.008556871737608539
0.03169893292571845	0.0004016738605142449	0.030437319873258636	0.04385945929514275	-0.006035963798841183
-0.02908381765622721	0.02801882907730633	-0.0017796030788476145	0.033137439046550164	-0.012473493949738464
-0.016415923513784406	-0.007794753620193166	-0.03954342465550201	0.016946066429892836	0.02933151025344687
0.02114128323038728	-0.013590959931330474	0.02379292305954722	0.019129058070793015	0.03264363513394519
0.028252897969053656	0.001171048560080404	-0.014012297627002138	-0.044294918897370465	0.004915197005609423
0.004171734486430372	0.008138124617361717	-0.03363341739207035	0.013550279346580905	-0.0032640160110859323
-0.004877373500787224	0.000431439597133348	0.014851886695545411	-0.0031896238436671122	0.0022970976115549487
-0.009595768392655187	0.04823698587868748	0.008375164524996289	-0.00850819377699227	-0.04523347836964459
0.015103253871705098	0.017598884888088234	0.020944220811469585	0.022851667933694305	-0.00863570971431877
0.010308005550036485	0.006858906871096372	-0.03961092135228933	0.02033838242276638	0.013572109940031335
0.050125021058449896	-0.014095941757820456	-0.007681667306432257	-0.011829910968933108	0.0032526202355327074
0.04392340531120799	0.0052140959501221695	-0.009398949861137408	0.010697780716347156	-0.04723518832015129
0.015926241967052064	0.038318741475306985	-0.03954236325806352	0.021307526553150314	-0.0035557449176974888
0.012720423451117206	-0.02574970924749364	0.02304589774801843	0.01845190592006308	0.01816264598877333
-0.0045225089799893255	0.008442727363284197	-0.0040771167633056075	0.02024840510275536	-0.02578489230676579
0.05878617191865862	-0.005980304114701112	0.022909380947263188	0.008497252599898513	0.022473676459358948
-0.0017478790271028182	0.00037323185050718716	0.0010361997345542185	0.029824756740471827	0.0020679928264083153
0.02220673129652916	0.001506641379019168	-0.011988640892467045	0.024503674810395358	7.96810364097132e-05
0.04511634399773178	0.022096285909218187	-0.01950874383484066	-0.021198574058615614	-0.0031947309074900647
-0.010062880632345669	-0.0010195586011881807	0.023486862442502622	-0.009674552306952775	-0.0200861234483349
0.02479656705922043	0.011269502236003882	-0.03252160511072028	0.0172650549009692	0.0033500807481426963
-0.008420465935422396	-1.1152213476080947e-05	0.013519875414221071	0.010845491379738982	0.02509010990029456
-0.011697687288564181	0.031409091126721564	0.005285733121262956	-0.010680213651133974	-0.0015293769831593177
0.006033891982879704	0.01462086858346407	-0.06269066656925486	-0.044325514812418344	0.011317122803040605
0.01841801294690098	0.013600844221965827	-0.02154551019408868	0.0009929085358677094	0.0023182596813448196
-0.008572865875014494	0.018303229151048983	0.02400260036725225	0.009917226636314669	0.011529871990175869
-0.014199153657345219	-0.017196336716881606	0.030051590394172323	-0.021936635058177188	-0.013114982455185721
-0.0007314018267252244	0.0030166915356054144	0.0038499189866135104	0.0011846445952340056	-0.0086226142817203
-0.0033082110934966992	0.029640443002136117	0.017024438253312277	-0.0019817414796564786	-0.001569783914981097
0.025256402565570844	0.050026843250163905	0.01462477691173865	0.016141408359930783	0.018327485426887707
-0.004696597170727021	-0.02256872548129797	-0.010869508348126167	0.0025373834034149484	0.011192933189637148
-0.009035993847143427	0.02220084679140412	0.02216569462685026	-0.0026140905700121845	-0.02246306700628367
-0.014656156891248422	0.026064100691348763	0.006428305436775814	0.033012818210688716	0.019366871327369296
0.03812212518650763	-0.01571164068008741	0.013370641545886058	-0.000628755071662275	0.005361573014797127
0.011148784128541502	0.01980467899109837	-0.03761954797060349	0.003964057208134391	0.0043531256770379615
-0.013546474633256861	0.01677338076472127	-0.008532976280380387	0.020398745106214512	0.004813427951582652
0.017146199296288443	-0.014247533441148673	-0.0014977634858600554	-0.010255878283920057	0.025363896575792265
-0.012672703227945031	0.031238121449111315	-0.0413180138577042	0.03064692766721298	0.0022468948117704383
0.0082991447039356	-0.023073335946097805	0.009516493837590952	0.02552824827640347	0.00881682360273608
0.016994915121318434	0.009443133057035603	-0.011295841383401782	-0.030046753846565785	-0.009107726298085376
0.013075855435676294	0.014951491442618491	0.0007840294649431711	-0.019001103460675545	0.004978578906543361
-0.005072349706287027	-0.019433670937695515	-0.004238006225066619	0.01480483559377953	0.011954122365891854
0.024585479964086405	-0.01930348810501909	-0.0020847692294801348	0.039538682383729803	0.004619062006219454
-0.036034643705140076	-0.031134415156039236	0.021696680413073714	0.020941174177362857	-0.03690446026017946
0.0057291700779228535	-0.012769519871610773	-0.01961631762604987	0.048347352717743736	0.0024228437690997535
0.024455503453070244	-0.018063894739694088	0.014287328813323305	0.017161483000665077	-0.013471433059694945
0.036719301763320764	0.009551603634199829	0.005743591773220355	-0.03196412265793542	0.0027991478628844055
-0.005561692350377911	-0.027273944050475667	0.012527600188706552	0.036260597882168344	0.014114224030489175
-0.0038987702752657253	0.01075145178897633	0.015212074150188036	-0.013967225157240004	-0.009659099216392126
-0.016103941928112105	-0.019554936953155404	-0.015194787260728171	0.01655550197227748	0.014019594394963916
0.0023103961845186358	0.005987649681057626	-0.002535972332335404	0.02107658882152804	-0.0233219945561986
0.027671807583640465	-0.0047645035932795034	0.012635594529387707	-0.002276140083975195	0.033032651258243895
0.044965893964059554	0.04209980533899501	0.011213950315560536	0.0070060399576721	0.03655680841396894
-0.007193243962204525	0.015893166419100286	0.003971309888700158	0.03651497485066051	-0.029679759764261723
0.014998028751184422	-0.0022316111955777507	0.0340963693889296	-0.018303645761732473	0.013485590399287546
0.010464277813478907	-0.03186673159376683	-0.00048004537073646986	0.011360608465544791	0.03343120989853458
-0.024909366275569587	0.018305889596328305	0.027426882641662556	0.016159304413379892	0.02355164316487304
0.0264668276074988	-0.007320906515633731	0.015364105716697484	0.015799890824106103	-0.011263406990706186
0.030847930904734	-0.028931322106240165	0.06770523143833075	0.0226843372125679	-0.005033293696010866
0.0005151114495407678	0.03787693354830308	0.01650649430974704	-0.05618195825724875	-0.015389443521347253
-0.017449439322538635	0.025040326567166635	0.03378659256943497	0.028218624444983416	0.017724009084079326
0.022753597241041805	0.015831921091510607	0.02072885742654173	-0.015102301502752463	-0.011262136851683913
-0.006404328101222494	0.01628859252030935	0.006876020506838601	0.022136227699420936	-0.013484996602281257
0.02978464233915674	-0.0005523212982681226	-0.0022695604534051714	0.0017050112342489772	0.007922269502324799
0.0036322802984506573	0.0390746530144124	-0.01065753022824224	0.02478646345155743	-0.006454960564944252
-0.009927338233886389	0.026963428611915405	-0.001287860213139834	0.0336040205673309	0.031721981629305104
0.014037047452053222	0.004195679191358614	-0.034237613061145554	-0.011301306343831018	-0.0077018836961644955
0.014702996262442473	-0.02395791577915446	-0.007715041457579522	-0.0222967863059776	0.018104272693188834
0.01705603638727949	-0.004325682832799043	-0.047601566439592735	0.021116001738057392	-0.03784308838588035
-0.009753073608095464	0.016441207953185905	0.04345099781152413	-0.016321080601635844	-0.000995107926682465
0.04380984806204092	-0.013446233923758235	0.019722430295014345	0.03366524131260995	0.003265155515241946
0.013969885031804335	0.015132093245201334	0.009940780030072155	0.023905589463806054	-0.027424048519111753
-0.025610737451915146	0.032341085195283344	-0.01339449495234704	0.0025879955481307275	-0.048328353380507574
0.03685318701567411	-0.013019469878661257	-0.008538603701178328	-0.014725475465386634	0.0236634068267261
0.0066420409095344565	0.017184974459018783	-0.007395497227291846	0.022118653357474052	-0.00578025499249555
0.02298305955442121	-0.018564246191212337	-0.007081952783787009	0.01470700706619954	-0.016556296437135007
0.03246360732610415	0.017491597879370904	-0.013061965678174855	-0.043769114932950645	0.02317517115906305
0.013002958797196214	0.01367418588834157	-0.003591664599035773	0.027510231011664135	-0.009699456681469657
-0.007812543052687509	-0.009828525826725953	0.027699960808578478	-0.0054262919236124085	0.0166917770322974
0.011589086813737394	-0.04355204369654674	0.008916078531960789	0.02064232807328601	0.01773578976114602
-0.032792770859438665	-0.007723714619306201	0.007951208100560145	0.019633873557555512	-0.04137205930731154
0.046899954151867256	-0.011864199676805694	-0.035691790804723206	-0.037863071558755027	-0.009087091188010094
0.02345732736681901	-0.013881239026437276	-0.005324608417921949	0.026287866840129362	-0.010012324716790102
0.012941267316939932	0.024234273350653757	-0.009270023950318236	-0.0012870846694555405	0.010277263924125278
0.004519014275287643	0.03380551508845892	0.022054405284541882	-0.02549653497120865	-0.005405869592521967
0.010169921900355781	0.02800868978535414	0.012947693868908166	-0.0021870054246562135	-0.012931774160934368
-0.037015997216129005	0.0412557924450446	-0.00318540434217899	0.011169650866847266	0.012847610386873678
-0.009163716503750769	0.01704814612512907	0.03244861159679624	-0.03603442984487132	-0.001781953861588637
-0.0031731153532152407	0.005505135428944328	0.013414025952150853	-0.005926811818818628	-0.008378273244586686
-0.0035783362294314657	-0.0031720752899255843	0.03253044776752026	0.016773813440257093	0.013909302850854456
0.01208957264992886	-0.016466515691206465	0.00606050607891972	0.006468131157237078	0.012802386374512233
-0.004451584164737793	-0.013909434594380009	0.0038499607369230898	-0.02221578049081312	0.01989258889737422
0.03293986939295052	0.021102935962283517	0.013553478487832196	-0.014226957935068271	-0.002139793699790135
0.036203242190933356	0.051856559002860424	0.01880689543458028	-0.0024421345052549363	-0.011606620534359832
-0.012522419227472173	0.028883645658064363	0.015738760785665114	0.02438261269274898	-0.01062257677402443
0.019140274107905274	0.030083987035218647	0.012621652310496471	0.010590228544836551	-0.009001115914338822
0.032819419923424596	0.008008005379626423	0.015073351758127157	-0.05177541327805285	0.008996174870651494
0.015919383397720338	0.005028822604541898	-0.016871324137274532	0.012131579247496662	0.0350970406700689
-0.031015521338841272	-0.004078772791086326	-0.011236731033061984	0.010376694869562247	0.011774099573100296
0.035352611126537314	-0.015067965835730151	0.028434927388933932	-0.03909706253244961	-0.04301825665977736
-0.0006819140907427638	-0.010958431660493782	0.030680400094703117	-0.020224101835839937	0.004880228186107111
-0.0007899209466606496	0.010086736895194069	-0.047528719322310065	0.008453181948045715	-0.0019665594055881907
-0.005282822001222663	0.039533471801689174	0.05981370041003478	0.04581513081384005	-0.008794378236343142
-0.013399933518289067	0.0025267557837431167	0.009811127823591476	0.02106908487321106	-0.03938531462912177
-0.006286487421569135	0.013679886202749243	0.0009350578113421189	0.02123354127568049	0.014940963678803263
0.0327150208609309	0.003760751421603687	-0.016728918132146345	-0.0007985124948040228	0.014826407862700342
-0.004765207806136516	-0.01629364214134984	-0.00694527145826383	0.028460823695847397	0.011563822199870474
0.0042406129588347646	0.010529513073351905	-0.006308425595006062	-0.008999976449517378	-0.01519628002949041
-0.007642492649541864	-0.01880506911155557	-0.025801566752569404	-0.0058470777428870895	-0.011052486513543189
0.0173056229022819	0.02616857332116264	0.01191880262657237	-0.027681479120558537	-0.00543905918481838
0.02056700775234735	0.00013404096163253248	0.0015680224710442146	0.01139218421167731	0.0029812942238463935
0.010497144039667863	-0.0034684998568160095	0.02158750207155024	-0.007595279265069239	-0.0008166251503937366
0.015177911002106723	-0.030631239671165014	0.001953396822746223	0.010420316839443495	-0.02252038272969389
-0.0031079221840519503	-0.021374537153489425	-0.042601024985919306	-9.627858262692673e-05	0.0034228680691742
-0.018376421734709478	-0.00314813709739227	-0.00787937992367845	-0.005375896443189493	0.034571535153035494
0.015496905256702023	0.007145604307275763	-0.02731141632744858	0.004643277931325402	-0.021865569234860403
0.006394738025376391	0.0428788440385941	0.0010241531992248062	0.024925468668731555	0.011719028028275976
0.03251022457636729	-0.013975687544251847	0.020592290930843506	-0.014936010438733239	-0.009917473953112505
-0.02883082391614397	-0.025192143656982725	-0.02180092111667307	0.026076385558672064	0.012334112916170452
0.021016878799210516	0.016504458640812056	-0.015840385683059892	-0.02036955517094442	0.0289302173001712
0.021220764314025628	0.02167103447737275	0.019432173183741314	-0.03913717082356569	-0.01528325310662721
0.0033154396910901854	0.015123754403706405	-0.010267833997325284	0.0027132055537113352	-0.03639894853637713
-0.005020996978394577	0.01795124983764707	0.00515702721670855	-0.010209738930911292	0.0009726528220554151
-0.0160131912077505	0.011701622888978747	-0.012513366040657435	0.03226998312668522	-0.026500387765704337
-0.0008803453375745905	-0.029100251993834238	0.05241374462408719	-0.0018531150295929449	0.009897274450603462
-0.020777030795554458	0.015209685782979196	0.03717585850648557	-0.011582100913324131	-0.007387247089949603
0.0308101601406433	-0.0036121167284046793	-0.00827215815576335	0.016328233982794343	0.007919260616680834
0.013938287835121167	0.04682282254031475	-0.03539639874836183	-0.006781468949129107	0.03681395275939441
0.004149521833005693	0.012362305642000734	0.006425576782027842	0.05105290651241947	0.01909192102809861
0.012636819994777136	0.013076092024326464	0.02052333130635136	-0.020491038447636677	0.01968430089046044
0.022559547099510763	0.029351954238276263	-0.005921376963236313	-0.00397886321127766	-0.015976872187183303
-0.013010585847837064	0.0012616778856339825	-0.010401080567388483	0.02298235895307662	-0.04896114772732166
-0.009118839716377553	-0.01084558916694116	-0.00983859312341179	-0.0044282427595216806	-0.00993568536745491
0.017018250050550653	0.023085110567335785	0.010200320562641592	0.03395530202512034	-0.013480314480401101
0.0015992345867962823	-0.025508044425391105	-0.031833539617036874	-0.010847253472586055	-0.020554819986261345
0.026516202098832615	-0.007854902123005924	0.0468933189155851	0.02010780333674773	-0.0196088215945699
0.024256273976200282	-0.005812243666925775	0.03641069013230866	0.023242259587054663	-0.01588348635644856
-0.005414217185000014	-0.015552877572075813	0.015038211092323436	0.058248671232779506	-0.058090252654696375
0.018464683795613838	-0.004702418128530816	0.0029851234223706585	-0.009898325133777672	0.032961308198248204
0.04225858369033412	-0.007970166218226543	0.01898444146554002	-0.012302231740369995	0.018732544510275072
0.03702627180749224	-0.020258243916669815	-0.022927115947483666	-0.01379274329907589	0.02299373721243564
-0.01955638758528493	-0.006455374592389223	0.015808134791625468	-0.014905487581785688	0.003664622371055589
0.02290959491956545	-0.00238976806473256	0.02801744394375266	0.013005011115292623	0.00471995447586364
-0.015358570440140383	0.012675226874839914	-0.016219529428719733	-0.0102939742545025	0.004548054002178277
-0.017443908710640398	-0.0030697964179555465	0.04467135552914907	0.03570980400951526	0.03134200027043379
0.02912447265492488	-0.007897536059668439	0.061256886924337464	-0.016951232501286828	-0.010053773123201451
-0.005538496914645025	-0.01949891186484113	-0.03365712563721603	0.024990522918126173	0.01873968787983429
-0.01760701188857463	-0.01550935291868189	-0.01706684442053466	0.01845188614429491	0.020132103836861613
-0.027049098664897922	0.011084522272058738	0.015080709250713233	-0.026954170825256987	0.027874086919305353
0.03552986261322477	0.010129757937723293	-0.0084653927808684	0.024158817893944265	-0.0038560034114809064
0.0058346524251573825	-0.018631699109127636	0.023347250615762934	0.009966010318858454	0.02202650018210679
-0.004653456207235429	0.015204284372184552	0.012686536256276587	-0.018155758513986597	0.011395998530777671
0.005465968776957105	0.02517139170389603	-0.030450136809083046	0.009302088983112444	0.0035403111280337563
-0.015804453378033146	-0.004067094525181312	-0.005792512178399439	0.036097204287678965	-0.024571429338693836
-0.013538081555393698	0.0002541554355643613	0.03467760909958867	0.0014585581516174534	0.01332413566995726
-0.002339161153437023	0.012609316925174556	0.031272374492725755	0.021077260950265388	0.01592578696600158
0.0239655858372906	0.005483989704078109	-0.0088036556515886	-0.006312892024241665	0.013856027520759087
0.016916151877925334	0.015772026861769265	0.001255711128349591	-0.00983571220992398	-0.0011376715312271463
-0.006089880172622041	0.0009727070226172837	0.03829195600456305	0.031465729797904234	0.0323156379004656
0.009859096255598339	0.006025340002003054	0.00871641905928972	-0.01809719983377087	0.0297669709912097
0.01454245713999735	0.026656521777308043	0.01238374504150834	-0.03040447443371389	-0.02451282644440416
0.016092509085388822	-0.0003783049527131347	0.018546863636753147	0.020340304109983696	0.013453118680615635
-0.02384273365503193	0.032489893157179185	0.015548734541759424	-0.017612873652346074	-0.0016837459936183642
-0.011604924541974506	-0.015874766946213578	-0.032383060127381326	0.022251912571581538	-0.0019844343949581445
0.019233622614189892	0.01416085829467342	-0.002625268137081356	0.005371221582103663	-0.0415247797747478
-0.012360449227277484	-0.033458401748160976	-0.030704438400952917	0.03130367201168348	0.024926939763126946
0.02488708888269461	0.005612398254044553	0.005842407967520062	0.0028884650231961965	-0.009721649483138018
-0.015144079444473615	0.010259491154118096	-0.03371502456223189	-0.005562255018317145	-9.365558344331427e-05
0.03924609870981003	0.0278513428604329	0.01949205343585342	-0.005538025995253909	-0.017394141503970024
-0.02899994096647423	0.020923792770770347	0.010146473310179444	-0.01731960526333879	0.01619960567314606
0.01710963835932273	0.028516548350678263	0.017110844016364427	0.05269226722533414	-0.010616127428586829
-0.023570915491972967	0.024405848359924213	-0.02176369209286175	-0.0023505238424147883	-0.00695772420066882
-0.00407605422279999	0.02012835907467976	0.0011297055715946795	0.003112993758818508	0.010245640725552238
-0.00712742806758258	-0.01758118796816859	0.02841945387705676	0.013861112145504843	-0.012804910923593229
-0.03160119013571067	0.0109433569389824	0.0030363795243956004	0.006549757348250573	0.004565384794541334
0.019547048551407067	-0.033625995242692726	0.015774053221302063	-0.030154664136364785	-0.019725951458834733
0.020542956064499143	0.0023317462369100567	0.026685513522873232	0.015132593288070867	0.013655095314743366
0.0426551239212343	0.03615586370193706	0.020062143209542627	0.006333848355832972	0.0007296090214314
-0.012868383593787074	0.008406598246270491	-0.018789987511046703	0.003759423675941744	0.0390907189714042
0.0025531538228856423	0.03423872850613701	0.007167000799168113	0.00959300397579928	0.013247296969086598
0.00987792726810914	0.008076341334165436	-0.033183779647186516	-0.03933157934057534	-0.020510533299991134
0.002608301604814951	0.0068338925296992405	0.02089847035831881	0.0009923647718888904	-0.03838991585932819
-0.012827269284472757	0.04371264265467427	-0.0008932344251584828	0.020547029006875633	0.012000469014990306
-0.014854826010137713	0.006559641011909986	0.011683113076767202	0.02009530235534291	0.004195907257163961
0.006802005930744903	0.042759005799619575	0.0024544556630541874	0.002141354804340318	-0.005589549773507547
-0.026649855868262132	-0.008436574904059541	0.0012553558362126084	0.027326922876520436	0.00016580236406658335
-0.0001545633745175662	0.0015019039946848316	0.008038202010957663	0.051531927860592935	-0.001415260556180119
-0.04419370130816906	0.008361978395261035	0.04866442016809527	-0.011887694385282994	-0.020722680323724332
0.02219863588567787	0.014996729478256346	-0.008087886944601937	-0.023603266012691162	0.01313150311081759
-0.009892980943944354	-0.017259903003042032	0.0018166833009292862	-0.0010664759078611611	-0.02598114216168919
0.0009904562615978474	-0.011086611562921275	0.0052723238725532525	-0.007157306035788161	-0.043677483411560046
0.021181445881730664	0.0063112638330215225	0.009955669799951281	-0.023996762883518725	-0.0300142656863956
0.02269241477662226	0.008960938468436968	0.0009006934149404537	-0.032412526305791126	0.002366818712013191
0.003919566440338149	0.023508371145151363	0.00919195980387922	-0.033676004395906345	-0.024724477814195796
0.029630123496190132	0.007931939230909565	0.012906394227477712	0.021486026224641668	0.023023178863882738
-0.00011070111391679326	-0.017790314282001247	-0.0024293531302536624	-0.006403457666847052	-0.01697126761643518
-0.008597505391106831	-0.018193736853772128	0.054768065915128436	-0.033680756716754676	-0.01654822039040026
-0.02793878380182336	0.02042310233709166	0.010131168114315817	0.003748977021054781	0.004478318908357235
0.03870896282500347	-0.025213038004096616	0.02454547086764884	-0.005734573855510466	0.009791327069186182
-0.04497443977634835	-0.018003801633139388	-0.0015442486215225025	-0.030814393355335555	0.013761313944151782
0.02515938412429244	-0.0034253587798393575	0.02102812227138784	-0.021753826199023912	0.029546957430920003
0.01705959900464529	-0.002555877646091567	0.008757693057013634	-0.0008351876338385596	0.0038958051356201106
0.018244370090107317	-0.009308949677737655	-0.010758404529395568	-0.010614413515556911	0.003992418100244366
0.03533739290904226	-0.004769583325437093	-0.017300176012974615	-0.023352982588617108	0.02237379417877636
0.014753130999806179	0.00935165056962056	-0.009370407986697263	-0.009191474945981794	0.04271946916901972
0.011222520401975099	-0.02620472927685618	-0.03456450403409197	-0.011195270885693408	-0.019666660926475885
0.017277974202773362	0.021984580412378562	-0.018651909686790355	0.02736839122068759	-0.025698076386135513
-0.0381245496562009