UV/VIS SPECTRUM FOR UNLOGGED COMPOUND
INITIAL_VALUE = 350 (nm)
FINAL_VALUE = 800 (nm)
INCREMENT = 0.1 (nm)
0.2805304956464289	0.29063453707791753	0.3072255348399683	0.3006038194959006	0.26244238222737704
0.2510558751710476	0.2970656156385952	0.29399233637527483	0.278856933927068	0.28562683659593413
0.27086914209480534	0.2769437694710961	0.2534214069249193	0.2776670304166263	0.32306572588350935
0.26225776330193756	0.2613468556947289	0.25552105474927717	0.23336102292585656	0.24095483284418043
0.2170168397777584	0.25393795728507235	0.2268639728054515	0.2257058507143404	0.22073887266287825
0.22380539045188877	0.24037412067286668	0.20186383518539616	0.23804354319700236	0.2078934206625544
0.24473322893716914	0.2319762633366535	0.23332559352227367	0.26135668293965547	0.1732211358278813
0.2480845734889763	0.1759233560899229	0.23906358603729005	0.21899048212880703	0.2205815957942284
0.22468363468670838	0.22019748786796667	0.17566728811586388	0.18276247791217287	0.18286927654386897
0.19730917666554598	0.21504745091537866	0.18066860672690294	0.21133082735112232	0.20681952048848437
0.20677662805939687	0.18266101783689867	0.16639925792670573	0.21789151459758727	0.17523273588358845
0.21629786985915012	0.18873352554072517	0.18805356178355484	0.1982930950391673	0.1487449965122431
0.16681976877674212	0.1785040966336737	0.1839137716829745	0.15501493599352767	0.16613948417662625
0.1784862561352054	0.17679362751451688	0.19064342312925356	0.16319700732232897	0.1386066617926582
0.166447198081291	0.1371019819686475	0.1696237204798321	0.17730301428304457	0.18152269608176577
0.15603664243389537	0.13579382540482782	0.1806398127335031	0.11809315761218867	0.13930159762230288
0.14256842570699246	0.18055208035992565	0.15164174993794968	0.15298141655249417	0.1416409820273993
0.17477334081228615	0.15475891960450777	0.11630338106807539	0.11533925624007431	0.12872083473208598
0.15923312844233525	0.09737400028913537	0.17029076522882025	0.14348108369193924	0.12091813893616524
0.1401437150213998	0.09945625583585649	0.1176569473970017	0.10329561983881247	0.11918003603801511
0.16138385928199284	0.12892599443040023	0.1710748693067414	0.13599671761265605	0.09760783271858572
0.10224012105754972	0.1020288497755728	0.11193914676713153	0.12415056992490092	0.12220039044440684
0.1376167184100161	0.10196406119255882	0.12813678419332017	0.13427820791641354	0.11614913500915035
0.13596858983147328	0.1123521515342745	0.13970581767057652	0.12952377292407827	0.11516509627859206
0.09737208687503675	0.12277743199802257	0.11780176397496457	0.12561411366589004	0.1301835784920085
0.11741823286877616	0.1370081114990744	0.08435575218545387	0.1155367042456742	0.1356741309433665
0.11853249110293718	0.11996104886030895	0.1539303883351463	0.10072726559990813	0.14119009641605706
0.10425749100434162	0.13350773477519695	0.05990099026986303	0.135470410196661	0.11134481121057842
0.12788073855191429	0.06774943137313771	0.13384965053620762	0.08790123007991402	0.10881956795325469
0.1357297845102657	0.08980890418532943	0.11251361584532826	0.11019151339183204	0.09242898678031487
0.11422996144031838	0.08680459210702396	0.11291391901195172	0.10449422930307382	0.08619473124114627
0.09540323282029116	0.0698500474316717	0.09388593703990286	0.06483341501036012	0.06283201409755879
0.05818805528755884	0.11390669237752152	0.06566587467233244	0.11011076980856546	0.03735439371274364
0.09032667321287631	0.08415499220697852	0.04944983052056837	0.08608832766034406	0.07173017682063107
0.0889215969978075	0.07935936942692617	0.07222237443010196	0.06925831668967543	0.08777140061667324
0.08822808800973422	0.08406390609831872	0.09297280910249431	0.05144500986969694	0.06452565091487497
0.054944315962198995	0.06198426534424773	0.07689303863540287	0.10372995801211696	0.04394595504343591
0.0935510670704576	0.06870682922404425	0.051899593791420215	0.08649901176032786	0.09477517553384081
0.06359298349949799	0.1090198020708435	0.0709814861181764	0.057310641173505636	0.0695738690876694
0.03254158655080273	0.09290559873994735	0.02351267502409593	0.05729752596885211	0.08061939320975174
0.06996369053309348	0.11453062785028065	0.09737003496637442	0.048621985799403966	0.06934572881730802
0.06536226619595392	0.07095885227688478	0.07366465152027958	0.11323758966678607	0.03437608237282203
0.08344197383208815	0.05984874910394759	0.05949866765511499	0.08374222069083796	0.05063490066779899
0.10468961521576338	0.04599892775444665	0.11466924362533222	0.07760362818250717	0.07793938031176814
0.07985696774588485	0.05549909250299009	0.07469603340824034	0.047532425384537336	0.07749633883277013
0.057250859738490686	0.09798942189088011	0.07493725696602649	0.09512110962381316	0.07053765951339883
0.05416895533238245	0.049846854689115865	0.08814530171651497	0.07070446280824828	0.11247760767351359
0.10960235829707791	0.08309111263440747	0.02429143873948305	0.037291410032100625	0.043543442380754964
0.05508632266845594	0.09264287753686833	0.07003654645263041	0.051920297114511606	0.060973173062701266
0.0694808867642383	0.0633035271370207	0.04793757680119731	0.07185794147788446	0.09598317660206736
0.05966356504517942	0.0148544221983827	0.03498425541434782	0.058635788524302714	0.06528628577689972
0.08402480230354514	0.04936544872712001	0.04766365285082985	0.06636334633031317	0.041384459058431494
0.05635819396147472	0.054274222317868194	0.09347939481288016	0.03373657956826573	0.060966034374775935
0.0473246268802827	0.08809963935163165	0.06194603068149687	0.04786882036175689	0.07888654040854655
0.06441558443909995	0.05805308774018887	0.04083245298620863	0.03712013072416021	0.046137849906622584
0.06664105836599708	0.05400058937866087	0.08104941267680808	0.059084780380409097	0.06585670791305492
0.07406938668222515	0.08465160025887099	0.0850917756800121	0.06732320999925977	0.03308848016317553
0.05026495720424182	0.04338646263019312	0.06884251669027963	0.06012284011862161	0.08687300962412374
0.05330726210199474	0.06328945840444013	0.06638305908838708	0.08517887105504578	0.052750047801135624
0.034339898423951964	0.06566266054267855	0.07708983519555809	0.02864294971359341	0.0444161222802094
0.030436900933094674	0.054013780045935725	0.0744770807465999	0.040221762210671065	0.06287743247709787
0.04396761999058084	0.031862948259352035	0.08828987310107832	0.024450680214915428	0.044137299515108266
0.05683161272135537	0.06661921972797648	0.06661387297549037	0.07728862951449635	0.059877949390143966
0.08652541075889894	0.04897952295661921	0.06665662313267795	0.08812350284530383	0.03210367732416717
0.01683057593157074	0.023514805781409194	0.022374063810418683	0.022694234906650665	0.044826308304847545
0.04232730725225127	0.050151791454702284	0.033904783593528325	0.04209531509426889	0.03048006747778634
0.019700373965943728	0.06980815068430125	0.05576125362367917	0.038803990217635934	0.050508258610181385
0.03257019766112822	0.07594250897746893	0.057561708671541215	0.025614436063944812	0.04716650960804596
0.05745958726068504	0.04126284042994404	0.048028310171155976	0.02111595702247262	0.07156207593272099
0.056896616651958526	0.08339307125498688	0.08905530063905967	0.05911592366615846	0.06296818411287736
0.07681509483062852	0.07050977740040144	0.03595898922160823	0.04003798643740181	0.03195813329159633
0.030163704987011986	0.05152158463468372	0.07930578158346625	0.03278611866451711	-0.002401006154431802
0.05072269315749695	0.02557829730509378	0.03939939474762019	0.06269338707315239	0.052876628188670394
0.04793191955019453	0.05498046396930251	0.020405796985089528	0.045680936914993656	0.05485382085889744
0.06878049109936227	0.0399997463278632	0.041212080963699396	0.04825217718939849	0.043099917009516944
0.030164377315431694	0.03266865304775952	0.0034225623205760627	0.01056929586442561	0.03572712218587527
0.06130782209292526	0.08343047151749884	0.019900297656192056	0.04906278589592834	0.0193944041942233
0.015612972985804056	0.019831256433879833	0.03888380683011933	0.013994501498639286	0.02704866440904192
0.03433905643017755	0.05421918872942098	0.06965825935538876	-0.012398574154792917	0.07545213388220022
0.04903104647674057	0.016832719519526404	0.003499866035175413	0.031056727850039486	0.0496268169705904
0.06751474624512628	0.02647836875562361	0.020403153517346673	0.08061499030396828	0.046920583291314225
0.06182923590532005	0.02707820038024695	0.005986562781398029	0.08786271125309643	0.05053662878529844
-0.005924566572482133	0.03860854834331908	0.0642254964442549	0.021770837937618585	0.05530684226708814
0.02871216789420551	0.060520663088468	0.014806081677869423	0.08279685246210063	0.05471389755759401
0.0267054863536483	0.030797346880882627	0.03500183472725582	0.041552009377192084	0.021941720910155105
0.013724184487650268	0.022774407859482263	0.052042231612215085	0.032883410144147696	0.026279473291209034
0.041472362464405096	0.019412309587458723	0.01581843612639892	-0.0072088124318689705	0.04040104448323656
0.05194706349571964	0.0555274942611785	0.06387537844818861	0.05186419018017983	0.04742489322516472
0.034581138709113134	0.03871857727956917	0.012239370554222388	0.03141206772234037	0.04423928158407511
0.01989816644566079	0.027893340839392426	0.041337812307995776	0.025159889629137885	0.05085023415297166
0.018630814388033472	0.04495182968550761	0.0031926817207621194	0.018944947748752078	0.002336596545181027
0.039287297524702815	0.05465827652399442	0.0545757469350962	0.033421884976610985	0.043799577918240615
0.0665064758317399	0.06340581848077387	0.07896320213329269	0.02561760834409976	0.06292202836574276
0.055699654178076784	0.008106973888858268	0.061232452254741894	0.0646719119375227	0.059391809304146906
0.045460629483732834	0.056561632336255656	0.019375167809784814	0.061722908209124634	0.019571964486385297
0.019845138666573836	0.03335218941205169	-0.0038827770496891716	0.06521812658279728	0.006870552348589024
0.05323432420828387	0.06755275941271377	0.0005618884012496763	0.009194589739915455	0.041424686404612825
0.03786308194320575	0.02542290825902671	0.0015246873643865967	0.04681252441160286	0.02146945255369511
0.022672091052589598	0.03481484365074988	0.016987822274410706	0.03171796657920861	-0.014947622018129793
0.010548062148760095	0.017292092845676905	0.0475696739650603	0.06388716907908117	0.032401120368503566
0.03462145679336347	0.03245205931847167	0.039546972405711894	0.017843139043033092	0.005834004553147247
0.021366088950563404	0.04489410181055809	0.008056556059919829	0.037349764634199006	0.027860670079301316
0.017183914569845894	0.00941365202089723	0.030961772422297154	0.009775572102157681	0.011164714201373112
0.049179188487085454	0.04693220271921166	0.019738221710292127	0.026470560592938494	-0.0011428548326998817
0.051552104858201754	0.03038327759285472	0.027134016097696053	0.001751609090601445	0.010747586423161877
0.030877803559755525	0.025068016747282092	0.03227967555722717	0.07143852415823881	-0.004725796738488679
0.061068276723099106	0.03943062598629105	0.04707257318076013	0.07487595133008863	0.061857572150125315
0.02259643941735464	0.01981425118602425	0.04768195247829854	0.004150473382434221	0.008821938138395258
-0.003800703174421381	-0.013885818095986907	0.05520256138552254	0.01876106872042843	0.011346877691435688
0.009183957189931279	0.04282939125249903	0.04437741732502014	0.014238988164036957	0.01797052243187857
0.04221760129498641	0.033582233238663675	0.06105028466876192	0.026272244018851094	0.03820609859147826
0.04516327205844611	0.015173304623681008	0.010559859241009736	0.022089174712174683	0.045173689411872275
0.03990874485136148	0.05825913851168639	0.03425271466759001	0.0243341175388846	0.040839633349175945
0.04399495796549469	0.022444954869813093	0.04009939939868259	0.030851331880746048	0.014086755127912359
0.030809092740948996	0.023251843315689948	0.032025697701508385	0.04165813010821299	0.018299420889545448
-0.003438997137414728	0.052503737411222315	0.04491059207845725	0.04148102713301455	0.04034550061667987
0.025662968846435798	0.022246514714431162	0.010792895115568076	0.04657843267409886	0.045296602564799726
0.04673334978918958	0.012797653529399336	0.013462324953883636	0.03168488267859069	0.0162008321336069
0.06422456911953077	0.0400007555909124	0.015553804406459712	-0.005593367592054937	0.02447578438586094
0.037107823982868535	0.02581676091562018	0.014106794756505146	0.025755018345399002	0.03843915712763529
-0.0030649394837610183	0.026920440897317814	0.061629141379641234	-0.01983707832552807	0.013210029600085644
0.0427701232447738	0.04050448725291837	-0.003453599804531574	-0.004553906202321326	0.011870815142900483
0.07334370205068515	-0.003303245368683606	0.06840737201183479	0.0027999169828148585	0.026268122125770007
0.04299731160303177	0.05317378672780608	0.021590020222844522	0.03676667623333579	0.03772209666039654
0.042696620895145136	0.01697240997059809	0.01631964659898008	-0.005055353036501623	0.054356789439458764
0.039879540707285784	0.008663864517091155	0.01134537341658753	-0.004398355714681653	0.0205976700649762
0.03650108433707659	0.03796090337274896	0.06631467373798117	0.04129231198219287	0.008509419005077476
0.0349783775870943	0.04322955971540057	0.05444884693921292	0.026230785812672467	0.042110326880446455
0.026873998186153297	0.021199622312108334	0.02728000932303809	0.044081715663760415	0.03964073689322166
0.043407764986192914	0.025413517322548422	0.026932804563914003	0.05982795815529513	0.048436003256660115
0.047803581252734914	0.04020936764545012	0.023343966346190223	0.002838486459480538	-0.0039265888235340855
0.055819055171006944	0.01695889976218338	0.007491492106266047	0.031728784840125604	0.06157571538687207
0.0364776422013355	0.01609082486234787	0.044067251725684556	-0.002305177195770125	0.04553190728115192
-0.01578135064882479	0.029244150729560176	0.04346324895568813	-0.00036315300863833284	0.05377064769794841
0.020645323388840047	0.004987941606576871	0.020872579296457826	0.04980274917270352	0.04244474141089004
0.03578774411047086	-0.01761231537547366	-0.035718040598134194	0.0658894801460493	0.029693402226995128
0.04022071199555543	0.05570759794834002	-0.010978024109357323	0.03940642790896811	0.04158345624039464
0.07458793753573827	0.02353035255986472	0.04180281034595551	0.057156628512828524	0.03545467625208369
0.07162160072424885	0.0809305993982484	0.0251682785511049	0.02048914860351951	-0.00598115384133974
0.02788534263104366	0.05522788442428866	-0.007183764218275341	-0.011511976349867416	0.046593175105620936
0.024380798809458475	0.0008528052753711598	0.020390604206281703	0.02218367471583176	0.0780112690155107
0.02765317751323261	0.03472095861421498	0.04431966252998249	0.050064099663001106	0.016721209526560435
0.02748841723205935	0.05792411576029475	0.01683766030369955	0.029210102695196423	-0.0042051541730014005
0.03140787636338381	-0.013158152433558844	0.04349718410359553	0.03547040299336478	0.02460084517452448
0.047564225248847174	0.02723063702737814	0.00995113556800475	0.001457179697907773	0.012635128430665657
0.08463840180331729	0.04840385026644326	0.038892667711534414	-0.0048114535720993855	0.034747229269494466
0.05633464041773193	0.055848080630368974	0.053154215297038725	0.01779960923508948	-0.006756248655575373
0.0277822547062097	0.0290472446869359	0.020878273708679375	0.035438792841396685	0.06092219813634171
0.0620743507488014	0.035976565447713944	0.009535748583012404	0.024003443784094546	0.06575667838659503
-0.005387162642110243	0.03457347882545414	0.02538820150929419	0.03969027938474086	0.03862562523806837
0.061025150261787495	0.018653029065062707	0.023375818979565557	0.02656741268959285	0.021049393627837466
-0.015500917410569031	0.044370119887637144	0.0250357191841161	0.019122077576338572	0.0355572305319444
0.0012359721857128636	0.0059502122104409935	0.009970919265846855	0.035339820602097796	0.015867103592167336
0.07968962126539128	0.05580692257283003	0.019420394580379717	0.03338993095515817	0.01795013676431806
0.01405466932357401	0.06483287199357632	0.024087091592432077	0.03959683536510801	0.04307554311365598
0.018583308528925382	0.050214942177175315	0.00836866611256719	0.03108162735764645	0.03540367284974948
0.027034176761555236	0.02424325699414154	0.013919731731881232	0.047619346368963936	0.018877089875038333
0.0225236898363712	0.02841041683235684	0.014739848292770967	0.055851335043061716	0.044207417478361107
0.02048323491630948	0.036201284681048024	0.0027868637913463865	0.02444579727497055	-0.004383926994224534
0.031070154399526307	0.05248032217034995	0.06278517989601257	0.009027229213993591	-0.02906859537604682
0.04004147540352389	0.04866368773490879	0.04686194317263322	0.02594391948126777	-0.003596542208913897
0.006605526636033943	0.07192195500434526	0.06897969745747055	-0.0027492894687167983	0.03373605936135555
-0.005676421848790076	0.006291948645031544	0.02710995120980621	0.009360546062740503	0.043480000365645914
0.028230754141263564	0.038362160405078005	0.049852347115538195	0.012615043732689485	0.043450490397717284
0.026452861637274144	-0.010518683477745417	0.026190246908738682	0.03174329709927015	0.02064345475792559
0.04425950703779059	0.037972272926128585	0.039293190440462276	0.031024454650158798	0.02169055103254771
0.018476032085665797	0.013437574188676873	0.018504809854893074	-0.02297128868885427	0.0493304535138893
-0.010722787977602647	0.035122652954327295	0.04422815894199022	0.0436843011248019	0.032261003161099935
-0.008536333054266475	0.015305311490333486	0.05507549448406999	0.00813281435491965	0.010458266460746312
-0.005011897043751119	0.038776383586531994	-0.01982237509254763	0.03153656592064134	0.02540538485848379
0.043958582013851735	0.017586045525445286	0.030039087116097294	0.029606455989159296	0.011919357811118353
0.025082969056726325	0.06868910202508333	0.008740462431111415	0.0378925886095751	0.03453616956693259
0.03194663709793326	0.06387058759510834	0.034331350182063666	0.022313239988593747	-0.038604709362793484
0.016420836185730116	-0.007190312205258431	-0.006821357331204124	0.01509882506363802	0.023218379908113783
0.03728446922635655	0.016574785905459466	0.046783659015979855	-0.0003326980082204037	-0.022655646303765167
0.031163107396564586	-0.008762355193721856	0.019549735743333428	0.009469873212497131	-0.005133961616093018
0.042411893865699914	0.02553245463908197	0.013104844698642263	0.017829044721251987	0.06369227947061537
0.024605425738003478	0.02499840291474351	0.05869236661365641	0.028392391031918242	0.057086120526036704
0.05468574645609099	-0.008533696400747283	0.03080677622415053	0.0062207782480986126	0.012855977409597569
0.039617038207477695	0.012945267226177549	0.028957075807024408	0.053343140489957516	0.008952558904962153
0.030004798145070833	0.04365176690974809	0.03623690347672865	-0.006346432647071055	0.016289879898527926
0.049731722908891225	0.04874402722631963	0.04357232386116721	-0.023770044341491388	0.06843954999581053
0.02481744329756557	0.013460060948670862	0.031863945273011486	0.06027998205187639	0.06475660718573006
0.05600133611171854	0.019789411974833367	0.02780413721116876	0.024863664930494484	0.034749031107696476
0.06307048663142321	0.02343088758760005	0.02398445765340795	0.02368832354089623	0.025325313039638045
0.011385044976552043	-0.009620563826708806	0.010342728031897938	0.023003871119195152	0.0180342099953196
0.05285657943574455	-0.0001682893799499277	0.02329326907256798	0.003413983502314509	-0.004914674308785914
0.024810720413325032	0.009739674805493335	0.04270044177103223	0.023728448021439346	0.033749927373482605
0.041781028821458094	0.02522737020261636	-0.01950560119006218	0.03567453580640142	0.035651066392957786
0.056862191563987814	0.05782689950462319	0.06613028104003542	0.01912934066286853	0.027405622922689124
0.05884781364585946	0.06893892137870569	-0.01384359613787762	0.04442319538143445	0.06662441615937764
0.06145583638396903	0.04938608867324816	0.008937525867677366	0.033805935105495906	0.010445901458192219
0.06589453304574237	0.032252996067368894	0.03759532859866477	0.0675020544742624	0.02779045890521553
0.020953749473652188	0.019673594604666243	0.012742372867185273	0.006136069321755425	-0.005924263724442463
0.012089809142270728	0.013451632055948022	0.046534529773683574	0.01651340837615512	0.024275539091642147
0.018462265912276878	0.03886747919127459	0.06618275630025233	0.016291295506476768	-0.0022622017145868803
0.03019741131649615	0.02125447806829913	0.01863588917904787	0.01579246670714924	0.027125289250452142
0.015807035311721375	0.06243269763872129	0.009096355879294101	0.07331749078996062	0.011951818453682957
0.07017893911446027	0.03854674611511851	-0.00369558937350956	0.07409031011136692	0.04674877090424301
0.00437513157391306	0.013778895114112347	0.05252599573789492	0.05090393483006475	0.020325719996387815
0.019544308751039408	0.0344790949541274	0.033591936028956174	0.027575577316791826	0.04124416713000115
0.05770320498496171	0.029726614664007577	0.05099302616870152	0.02517466237177772	0.03719690993550243
0.017409364349922168	0.009428409015196579	0.06289415470724266	0.054003173746465745	0.02683462213073187
0.020783330576895482	0.03866956029598596	0.03952476932201898	0.007743759562512027	0.009932108190329886
0.00013776254563282325	0.0247898991831942	0.006274073785248956	0.018867846992450928	0.02395558652533381
-0.01204989887368887	0.0428564142022662	-0.001149781522255578	-0.00444384141890345	0.041695438419513065
0.017086610121347025	0.04410119441900315	0.02827224227658165	0.0477469411304248	0.005413898722078795
0.04887976217420582	0.007079647200860753	0.02408335759048038	0.02917108969043639	0.02739895236115083
0.04435719393188086	0.014228221926379112	0.05611534878195176	0.009420285122371537	-0.0073081270951718125
0.029454894460222553	0.03685714180523249	0.029440864412074056	0.027147882159885183	0.07048010871462282
0.0039659531552629045	0.031445314498311325	0.009333022827248266	0.011240668894845093	0.011317186894458996
0.03832070403844666	0.028016340568775288	0.06015688565933443	0.018166041153997066	0.029245013585558585
0.003450983672795844	0.02169028980068138	0.015931103203447313	0.031962623384426174	0.021309198024947885
0.04772897936835784	0.015407629064170187	0.055953538881194836	0.02528848453780266	0.06962024515997814
-0.006403817722393532	0.03706039531692356	0.014197931237535762	0.04363299649777559	0.03377050515660414
-0.014945550129333088	0.02274373848834843	0.049522558645126905	0.024376687700627116	0.010423365323048746
0.05397249431512127	0.042494249104287916	0.04244479552473264	0.010930658765112192	0.028708473534106528
0.02559580218410222	0.036589498054953845	0.03911918071226849	0.04526993618950593	0.03324107829323375
0.017013217622814963	0.04113433805942427	0.016662917090794736	0.02417426740728773	0.012164328118686264
0.060624770883778656	0.07988898039836406	0.007605948751274677	0.019292563840630578	0.03347550521557274
0.04407658050145964	0.06208122950998019	0.04281162765779695	0.022596390290018187	0.04584922967211111
0.016070517570390564	0.06058235701427386	0.056622890011684454	0.015917392965695353	0.06932600946765763
0.04405009945141883	0.03407600510499784	0.04333540023864274	0.02919265317577988	0.010759284615570042
0.06200509530876264	0.021111856901762427	0.03303616675174781	0.02234171089648254	0.04353307990122232
0.058521864906398074	0.06478035654437539	0.023221500904066075	0.06478388712542373	0.02777964675399194
0.03194051855433995	-0.004015858824305358	0.019658494543085017	0.04528453432937319	0.005994373154412507
0.008574074349811698	0.030327693012695202	0.0909105488662896	0.034811997986170344	0.04572606198095945
0.013938019253746341	0.060176477237096834	0.036757015122235955	0.07560287222111922	0.03793210451749174
0.03209676237818146	0.006907360221120604	0.035962401317337626	0.0032940491349544975	0.025652027683442227
0.016409403253709653	0.04555983151004491	0.026504646449411348	0.03854397665934677	0.04806360638981619
-0.0026327419972106657	0.02401157667634098	0.04822631345129068	0.004479696588858167	0.052244991488616686
0.073731194106081	0.05681966811234646	0.028052959921839787	0.07465897288414225	0.03977967565498493
0.055100918657320336	0.10339110018713134	0.06419820502455428	0.030598340082975028	0.020040723308574607
0.04864914871451103	0.0035245138471497912	0.025998250179631845	0.05523104633070925	0.07671191025492761
0.01600357619163218	0.024462074704179458	0.03873847660286481	0.034208705980418044	0.039939885189694525
0.009161590101527764	0.08219108206854456	0.00687705358411015	0.021264568457288243	0.03919892543828297
0.07853138067575648	0.0449653110668232	0.0341659239684323	0.023670770190390208	0.023244775688548748
0.04677829548307241	0.0538591347578982	0.06080476085410603	0.020540482050875337	0.031464902206910325
0.04872222046026096	0.04292110255545245	0.044998582928635976	0.04569007152270788	0.00765036371003657
0.05800225580043714	0.012430535786579464	0.055264378500984694	0.01828159294875861	0.054376186300000885
0.04682124356764979	0.01569840194330905	0.07355360758335565	0.008701796229611428	0.04898543405584494
0.013894612312753131	0.022515522241714516	0.03205137569081643	0.026305332986963567	0.08196646062503093
0.055177057262500245	0.008501335598616138	0.0497125989022184	0.0800267159446769	0.02082620227558374
0.047527181158412306	0.051694063847860135	0.03953012253118175	0.05257198259665841	0.062129928956820304
0.02608225927880082	0.003441508816428846	0.02752295721201587	0.03358923083202134	0.026752700609232828
0.022147565299780098	-0.003190393608137141	0.041473672496188434	0.0389393360167805	0.01991083979819318
0.03848226470750761	0.05083317332901644	0.028866993112760433	0.02226556960005717	-0.00828269696134952
0.027129177619823676	0.018398594255434875	0.04644328020061503	0.06976316474528324	0.04806126905884337
0.024712444059855655	0.01703760294097896	0.03099627324210399	0.09330475490481474	0.030171999537131258
0.019501134150902093	-0.0016267440724677985	0.000702773756169413	0.03929931032513088	0.05126196120629457
0.02760156014398025	0.10799321078217947	0.0598426662313478	0.06126796925807246	0.027261703729724425
0.0683434547986193	0.04784033506143963	0.006744089921008427	0.0535214424290547	0.03144781291410699
0.05471053016485994	0.0456893927874979	0.056867672305036455	0.06520824465597638	0.06328046381473439
0.055635325742572364	0.019013621571500355	0.11196994701765856	0.04998133945476406	0.037930563903491275
0.03536013440503079	0.02791317574531946	0.06947147358859108	0.024638766384609767	0.08470137442982892
0.06479951778650839	0.06556170194119702	0.07667291233322848	0.08025209555368733	0.05124575660568529
0.03712044868460659	0.05938978158198721	0.019087163555934983	0.07298734174686022	0.018561870942531707
0.06643282139775818	0.027192059453979782	0.0030101327612221448	0.05094609591818605	0.08547578530604392
0.039230942888672994	0.026428767399155957	0.057344943051983954	0.04820303136914097	0.049463549977391934
0.03355882273295591	0.04958481632685122	0.05697645939301901	0.012544149219973155	0.07575016989376919
0.049186618102188516	0.0020809469708081884	0.053492893725912614	0.024352877244783654	0.057129599287735214
0.05198190460816489	0.05802158052854273	0.062486600954977364	0.03998249144154316	0.04738811240253706
0.04655469658606734	0.03444869698080204	0.05989124292408502	0.04705835094041704	0.040634288496066095
0.024070232922138696	0.10600976348767054	0.07280656885541992	0.05669254565001111	0.0363399198520158
0.026820005013879798	0.021547021073203502	0.041222562136361184	0.06885662818099386	0.033154984579810996
0.05464385154884331	0.03271534109709845	0.05623742224623949	0.07663399158541531	0.059053953025787226
0.0768440220584496	0.0572387320788578	0.04035108235632251	0.02308047127504893	0.05183184640891478
0.06476106473991741	0.04472234231175766	0.03909843015097052	0.08798069694884117	0.057307201288500156
0.03984295440820493	0.0448342741152841	0.028622504138292336	0.0516587613925264	0.05773264861966053
0.01284280520014453	0.07918230878706804	0.05798195220144498	0.027976863315145692	0.06895398930978129
0.07126697670804938	0.047149952000107645	0.023544396596150666	0.04439121807813678	0.08747953209935624
0.04458812057625421	0.08811751015653009	0.0600195968998525	0.06173876063985121	0.06800668174948357
0.040639608707630386	0.08055419603381338	0.06438949132190892	0.07179024543564932	0.04943390465105885
0.0790585712867847	0.030853647743244964	0.049560505733268194	0.06569388436260207	0.07349110082112537
0.026172913845283703	0.06690346495369659	0.040001225310156534	0.08819211953458726	0.06989226821398355
0.01399695207100795	0.06925064842510212	0.05078698001645863	0.07649963235415111	0.04945429503454364
0.05850931661867126	0.06502760835845812	0.03639855933617189	0.049542608555457356	0.07059271248914206
0.02034661618407732	0.07368093352991564	0.07982109693246729	0.062056075234517505	0.06712892971567559
0.06718134111928405	0.03179755800280823	0.0642610357575259	0.06653049265498856	0.08518137986142671
0.07501660638583098	0.055444789812783536	0.06729986059689286	0.08128957796909687	0.051778131457322234
0.07629644436907064	0.031671859764615604	0.0410530815052816	0.0506346596977159	0.07011709448545658
0.036026400425987495	0.0805983601582459	0.08783702068898067	0.10843758251832156	0.04747700562068954
0.07810597853805656	0.07998223019300321	0.07019177922825903	0.0665120104122541	0.08633429765666918
0.09287074347162144	0.042009583836582196	0.05194589467836192	0.0973130794686515	0.041962520035324115
0.09063637887518701	0.07424370039139445	0.04625717709430727	0.04147731986603284	0.08101122387709316
0.06078698948012017	0.052018933981807326	0.06378541439338345	0.08105275913304746	0.05970471573300062
0.0692689834620726	0.08208140498293673	0.04955930583429622	0.08817257668765237	0.1107574261512812
0.09630970457172865	0.03202578225249128	0.0734680267005646	0.09859018171780794	0.056046343065739496
0.04136386718386024	0.050048396996481045	0.06622864838300585	0.11949626642794269	0.09607475764013347
0.06812169174773375	0.060180714188825174	0.050462137908813855	0.059596926366815677	0.04385701540854532
0.10156480262181286	0.07518712352755856	0.11285297216795456	0.092136306766156	0.12129845759071184
0.11483335728799793	0.06733163289279571	0.05688545288666271	0.049223910912613536	0.0743070822485077
0.08278632069375795	0.09246496228341444	0.08991570613230682	0.05144096328849358	0.06193497030467739
0.07787983577654492	0.08135540929392274	0.09476926330742187	0.11574358462818102	0.08317345854479323
0.04937938228070839	0.11142964290985365	0.08277476561250374	0.060139883675283466	0.06717771523500915
0.09318037989124203	0.08681150485078754	0.06367465148669538	0.09430079532672593	0.09148895481178247
0.055271682729490644	0.051547762440529485	0.09919108971797987	0.060355523090237735	0.07289350159443592
0.05809903271261778	0.12498897922086451	0.06315113436459753	0.08991576039036335	0.09274603089317733
0.07635372083830215	0.07908412526087652	0.1026089490226232	0.08697455908417727	0.07657187337949617
0.10724501905060187	0.07129679758527727	0.06688161324292699	0.03886884659863227	0.1015248914790395
0.09953084251912676	0.09166896141539682	0.09503765859538826	0.0932578964481585	0.12594469699716257
0.10961005243115594	0.07185803016131186	0.06682388812124772	0.10781812136397849	0.1264021183426786
0.09704188844160148	0.07297138953069943	0.07173676453856462	0.0981575946572389	0.06877644390197085
0.10083952931867121	0.1331990812531046	0.06642864299459929	0.0787577006539026	0.11870891156756735
0.08597109974294052	0.09541648321095025	0.12193727459034227	0.11059277704188036	0.12392106430036667
0.11264437459993115	0.10723361286880692	0.14697642646573658	0.09953154479365713	0.13713254210388554
0.09711581953580993	0.12679341466977895	0.09979168846721419	0.09792420900026866	0.09553704171185264
0.1370920670807114	0.10011944163653504	0.10552930090763718	0.0810617182850969	0.139624179441005
0.1234160630774663	0.08611575012384029	0.14092043849329633	0.09831911115796267	0.1146440887710915
0.09546576168535356	0.08163536122487222	0.09854103595209318	0.08956703653500563	0.12784474109263655
0.12368541605417507	0.12686388075334518	0.10754141293232859	0.13523163192580362	0.15206585655828675
0.10440481115304487	0.11193994775373517	0.12218691903504722	0.12080841200908338	0.10849445063668334
0.09078395017533963	0.09974112993867411	0.14677040527662044	0.14609227463151941	0.17123130333319514
0.11646035994870702	0.13855699725318163	0.11107088486800966	0.12434464757388441	0.13339355550044085
0.12616521520020096	0.17392757955113677	0.12301985567293906	0.0979692207192442	0.16156580993372954
0.09531039225176831	0.13292278775031952	0.1226467421758459	0.16092672223424628	0.1579095185702426
0.13869965863058506	0.1258317626865892	0.14410273105611188	0.1128772952967751	0.17815895370204157
0.11847656858905276	0.09171207953149098	0.12862940228449038	0.15339307649615805	0.14623320958587924
0.12543706975184232	0.1785685973971766	0.12331210559281104	0.1455797087939811	0.13386674695070014
0.17341412523229996	0.09600153119731963	0.1532595245449317	0.148011138969229	0.16461707621156255
0.16355921527746795	0.16860013320529066	0.17296402515850287	0.15821877385639962	0.1262111786418998
0.19821710115679694	0.1289207778710776	0.1626756023011529	0.127611620543158	0.15847234656586354
0.12583784302683637	0.17323973037295137	0.14936331591166263	0.2003995937140339	0.16897768329434248
0.17696823159513184	0.1779062240324686	0.14508849036939167	0.17679846484543896	0.14478599795355723
0.1904694412121583	0.19952759981622484	0.1742126058845011	0.18404895841164085	0.20000563340225494
0.17954416241767626	0.17504123440614477	0.17587879695935432	0.18400817841767075	0.2074253284101671
0.21903369117564497	0.18540922944152938	0.1914385978580414	0.21111061205250484	0.16507393689887337
0.22257684497241223	0.21308044072479013	0.17733122351995925	0.19580166076207028	0.1850261499875671
0.1946033115857348	0.2131815311158341	0.17358410473641084	0.21518492148338136	0.1823658148123031
0.20601758319402755	0.21945689512376215	0.20296856594025847	0.2100774725148972	0.20919097674648396
0.22374914996325534	0.21576084754580546	0.20943682655641027	0.20546252346599878	0.19138044931384077
0.18360772948683274	0.23876210235038564	0.24331643059684294	0.2310095376640806	0.2274255279079615
0.22938734563378485	0.25723601574441923	0.20116365265492991	0.22570581997256065	0.23874183656427636
0.22048535440619402	0.2279821142246862	0.23579442707381706	0.26332337208080275	0.27491598988631727
0.23578085067921353	0.24516130318451476	0.2689218764383318	0.23931256130868536	0.22026694625898954
0.22444088562076753	0.25205739714118963	0.2267673290132491	0.2713399583463009	0.23622611025711887
0.2407040051486436	0.28580850356283694	0.27302507162388046	0.25556028776743234	0.2529593578174987
0.2878218275820799	0.2976794039995898	0.31499168647742776	0.2561831623590804	0.2613869340467699
0.28163996988763085	0.3101280686810719	0.25894212688063384	0.2772485335998088	0.27231317518328796
0.29766627344373964	0.27122695664922597	0.31595886195755535	0.3116784396686102	0.31315124201791605
0.33277934936661846	0.3086536813210476	0.3108971741882225	0.32295076700418074	0.30224867603107397
0.3041086690945392	0.31318557458368196	0.3522864725477661	0.31879993442927307	0.34215610020731724
0.3742748732119297	0.3420438160197782	0.3653591134785759	0.3281118110423303	0.3144002752611277
0.34731922045811525	0.37664073162599426	0.32662790397128627	0.33155426881819966	0.34683495120385793
0.34732023863243455	0.38441707716938267	0.34420605086481204	0.37659528056070873	0.3812037012334942
0.3761667964028649	0.4247798721630574	0.41937992837823646	0.34598543490859546	0.3817541028425277
0.3909565511421045	0.3810675604685298	0.4157070820018113	0.4049489127689054	0.4250514005622135
0.4029418104169362	0.447418146886704	0.43988981634622226	0.37993102954831715	0.4122773469200379
0.4283307087853192	0.46640718377798857	0.4327903714581409	0.44265408859037303	0.4715042404430774
0.46217402771463606	0.46206790073493464	0.49448993281028386	0.5138713538980915	0.47630864750156965
0.49896749296924664	0.5185039676166849	0.4940981180208249	0.4998061724383719	0.47012247044316574
0.4808571835877123	0.4931297467920356	0.4876209979825411	0.4792478529089898	0.49581134378449354
0.5079225007207965	0.5612868006232783	0.5314927766107975	0.5246326590035523	0.4961433401863397
0.5888854258493804	0.5339454656471759	0.559772617066876	0.5889374598713474	0.5664120214077876
0.5946703687856808	0.5829662758502022	0.6108342073794052	0.5857566449682913	0.6148466033769664
0.6079883464685054	0.6384007466063985	0.6002897509219584	0.6517196176440896	0.6388790555001606
0.678933313927153	0.6648768893341412	0.6886601176784974	0.6863624420355733	0.6708839874468675
0.6650713590592866	0.7014111159935709	0.7241977577746695	0.6789256416841305	0.7470965163966716
0.7378917348393252	0.7717477360592502	0.7765881187890843	0.7465874734790378	0.7982816564391053
0.7616664022615492	0.769137480061288	0.8214986102030307	0.8200608412952249	0.8097078497993782
0.8387071838994135	0.8197396270892482	0.8179829235682148	0.8745267670097042	0.8738170643397212
0.8859917384052302	0.879202745598465	0.8978553724670957	0.9194912450572659	0.963455667197169
0.9248672968168615	0.9634001711305321	0.9515950939540879	0.9282442368466678	0.952919923215066
1.0131953173554096	1.0248107845622205	0.9975597296046097	1.0223612632298325	1.0260082163705775
1.057473797893697	1.0571392133976516	1.0585600132836512	1.060665563117369	1.1313086907768821
1.0890620380030411	1.114511856156816	1.1234335889029736	1.152392551423283	1.1785318517041758
1.1571916165891523	1.2043033791117417	1.196418979877441	1.2067468033695532	1.2169241597458105
1.2514384860897985	1.248827949061807	1.2447832860070276	1.3150606027095286	1.3094265355607009
1.3389838253267685	1.3435297982475813	1.3415371673625571	1.3557734406826927	1.3947140550963888
1.4300985020183326	1.4568355100303954	1.45166235322164	1.4633165279978146	1.4450810419780313
1.5181311256060308	1.480472857369729	1.554282751236304	1.5650579627682946	1.546587477459292
1.5750701656070198	1.573873688445675	1.5816491458294044	1.620183103186032	1.6489960483180142
1.6429613593351333	1.6616018553029186	1.7074355956354723	1.7057604286189216	1.6951376584904436
1.758505014732564	1.776581722165238	1.7642039340775417	1.777152853280282	1.820537918396852
1.857562358617104	1.8345659087064674	1.867835106957975	1.8506733404633584	1.8897864712353694
1.9330592985306037	1.9537313905130569	1.9526843132192944	1.9725765221830145	2.022499678650063
1.9801581295239654	2.0076534823748418	2.0495055290925817	2.04638603694437	2.0359421122918393
2.072923203555518	2.076790355142513	2.1121160963530707	2.082161505941874	2.144142448807773
2.1823508682888026	2.146101433712775	2.1608819064480826	2.14018880056212	2.1660188779266756
2.194565338410694	2.228836871577545	2.177918027905606	2.226521627372611	2.226055923554393
2.186499724619731	2.216057442924985	2.2578241268943695	2.254229286205853	2.1981671662997866
2.274341745164696	2.2514739774751704	2.270836653112848	2.243193931560301	2.191452231018969
2.21185387779227	2.2467307582008327	2.241482854385578	2.2339342373504123	2.2359670265647673
2.2512318003523974	2.2022885655875584	2.2325335119612517	2.197445873557929	2.229777896927097
2.235302353022675	2.1502596948976693	2.1480822903564745	2.210129436675706	2.155287177773743
2.1726465821436522	2.158574670728758	2.151620020384123	2.125559909220296	2.137315662814
2.0785654909845404	2.1043115951487934	2.092936028805121	2.0467073353006464	2.0565797246738686
2.035222311584782	2.0339839979191394	2.0101893653017995	1.9791795598946258	1.9863036539897116
1.9362835786168067	1.9511543751504026	1.9314381395709972	1.9339255006494815	1.8940198303272444
1.8826914110728763	1.855221071537623	1.8591748190291453	1.766874403277624	1.793922169072553
1.7352448971625711	1.7748531516168349	1.760249290997023	1.7621981750982563	1.7051856257759752
1.7001292192199904	1.6986455271307679	1.6558219238456895	1.647671938638835	1.6280948292090451
1.6315355950897652	1.5788744043986587	1.5915405678862322	1.6100745388562412	1.543736190260466
1.557632735400747	1.5075617724016206	1.480981587244426	1.4588785876902501	1.4840204980120302
1.4430108860849948	1.4539177326741584	1.4388894690428664	1.4229216737810852	1.3762002444506605
1.3570906777123564	1.3843716869755025	1.323746291104229	1.3084673352740817	1.2886775604897625
1.2823954846386594	1.2730249046521398	1.2545317386723418	1.21482438579351	1.244732572612561
1.2164561383441355	1.1934315237660513	1.2018958070510635	1.2053582119717197	1.1600805913510093
1.1317459647467574	1.1050908509766306	1.099096190338056	1.0615518790005674	1.084899134692087
1.0850870623386375	1.0629580533550986	1.0217331463573793	1.007932311759679	1.0148249641392777
1.0249219356993569	0.9966855580151261	0.9928390784282575	0.9764781350610199	0.9595293633110519
0.9745991236915832	0.9183688434277059	0.9177300759429449	0.9296872735981553	0.8833528523751032
0.8787458415531217	0.8994312483628357	0.8731269220930662	0.8667978256307118	0.8600716634942875
0.8583120427476031	0.8612067952591094	0.8303434900596771	0.8201628718999189	0.832801437280679
0.8318846358355204	0.7876258407857746	0.7604335336935037	0.759439572271474	0.7511513791854356
0.7168234332399204	0.7392842651345827	0.7232748317341668	0.7130188363999258	0.728925845615568
0.7211974843057926	0.6886965661909393	0.6645718860648154	0.6803728472926092	0.7168918666744275
0.6634794122678627	0.6891074322918926	0.6616029626779868	0.6362986175720136	0.6562270465049684
0.5980991930148636	0.63785244737051	0.6026481438587934	0.609614257782539	0.5940007024233941
0.5775396650902658	0.6104419002166429	0.5817494528582987	0.5728062947437775	0.5919695018189582
0.5496705624896745	0.5498808366684345	0.536964966823741	0.552774160109566	0.5789000432271433
0.5176068050167382	0.5483766590799202	0.5215078213635383	0.5155314055602692	0.5307313842416685
0.5588133845630183	0.5264987145202952	0.4941436827120109	0.44535413971847754	0.474662706886278
0.49464559523659896	0.45645187386293057	0.443900652576779	0.45649183830638373	0.4542552001258054
0.5094299375122134	0.4375626677248405	0.45129285986694156	0.4504104751103988	0.44845958675260605
0.41346144797644513	0.4417304276142509	0.442325241369102	0.4200279263467518	0.39341899722789636
0.39261721077000494	0.4132779138399228	0.43383864353826396	0.4153298344546913	0.37533108560062434
0.4219195828629673	0.40302743709925337	0.38720384711929723	0.40347891840838	0.4194305085224264
0.38422230355151715	0.36692884336893516	0.3773390734535792	0.37474838490369344	0.36377415559909393
0.37837095506929125	0.33151322915622716	0.35921282298194707	0.3509549626462719	0.3418235863705381
0.3284618445859206	0.3770741410249536	0.38575436076658665	0.37560409618818147	0.3474272926842749
0.31900099600162074	0.3586434340035915	0.31533631832052605	0.30148841608136506	0.32259906624618856
0.3574119130333681	0.3061659535023949	0.3277562357274819	0.31190132346466704	0.3297629226269908
0.326013553295607	0.33251030031459156	0.2618208957996793	0.3099845838599433	0.30054670724725296
0.3195251610333211	0.3042245653244798	0.3019210391067664	0.290465809714482	0.3186372758654371
0.3200699358935426	0.337401788026054	0.32656464286040554	0.28108198795347716	0.2757950249919245
0.30164019383187657	0.2763623312646155	0.23765523374595007	0.2612251489288354	0.28543271496202965
0.26125861412210216	0.21311424763621206	0.19701753592876192	0.21637091214371476	0.24561010953931822
0.24424337142375807	0.2707267053452909	0.2628981137847517	0.2556762372710821	0.26921981258728417
0.2124511916085593	0.24996026950247696	0.2631698691426003	0.26241646055558826	0.2380029543646406
0.22432240281930496	0.2718437947082541	0.20261112062089198	0.21595648787296304	0.24029429783759573
0.20117700756727228	0.2044065086333443	0.2508656795440807	0.24719582528243136	0.20371007137430486
0.24303544623887272	0.23378662832717872	0.19944370305893247	0.1763742519923238	0.2272500677411456
0.1841092103851229	0.16074938454424303	0.19181149973394168	0.1885245010094901	0.24004231981381907
0.19987571551344388	0.2201852651746831	0.19180800189395583	0.20668701848584303	0.2110454384851823
0.17885346800705898	0.19851787676897215	0.1978730501732657	0.22332157728110646	0.18450549124567928
0.1672114028061877	0.16914246506739286	0.19670096922217067	0.21896852393947014	0.16695250963839672
0.19487905560514468	0.15124364025175285	0.14227560463983202	0.19165739106701457	0.12489422013928475
0.2043980310231958	0.19663348306101147	0.14387913165961383	0.1708147382948199	0.22305163638939354
0.13071289386709314	0.16020942254384715	0.1803103902923881	0.14262798604068397	0.15845837713355723
0.1766057874865441	0.15354512942341608	0.1855876922104383	0.1486198062730162	0.13587220825649052
0.17545816679869297	0.19048235191304133	0.16699174269714076	0.1575549066099869	0.16858122588246305
0.16887986640378302	0.1428156300582019	0.16377750561888285	0.17505405535155732	0.12959094399351503
0.1489023321692042	0.16072172521376166	0.13451025921531756	0.17693061824012643	0.14698129648509997
0.1727081466863626	0.11260911609450454	0.1410323084352433	0.16325312875357215	0.11227292686809709
0.1555957946677032	0.1721378614042486	0.14685467236970667	0.1415153436015127	0.17948188213814742
0.1719965292367047	0.17653070176729063	0.1150886152203758	0.12799309274394058	0.16446137253521106
0.1401690538207227	0.1892792311586397	0.14644587099953602	0.10538546703091278	0.14901912511529608
0.14221281404693698	0.1289734625171363	0.11669819101579063	0.14998597014965445	0.1299576581278598
0.13764495509759989	0.13302569121433322	0.1786293729120033	0.13084793878201806	0.11541877778794177
0.12123687183767523	0.14100602660437567	0.11353767656161638	0.10660120857586174	0.1536180957953241
0.14082730018223158	0.1345927839453297	0.13715221972427957	0.109304404491348	0.0844102373159175
0.1425221531231798	0.11532254116942121	0.10105214126160134	0.13783486812234325	0.12808087052207
0.0816485745035754	0.12534772194690916	0.08263807057976867	0.10572247699822013	0.12072920789933933
0.12095896534106468	0.11055985098253436	0.125663806274085	0.14328347472087885	0.11726042023630358
0.08286283232924717	0.10893593961852126	0.14438234182859347	0.09981892154607651	0.13146946491014497
0.11548889327559253	0.13521800671808473	0.09420015072997015	0.08420432363945062	0.1020782060270632
0.12056509181315647	0.14604127494697855	0.0912516453886311	0.11143522579163931	0.1120604730971189
0.11722272330152358	0.10358474852672246	0.10740352547475975	0.10140352782091556	0.12992908480065168
0.1185035929070668	0.15621671159232808	0.09252077171600046	0.1342292623518376	0.12190408025157132
0.12587530983563283	0.07574806294120445	0.061855119728827346	0.1000174815873322	0.1281181030396603
0.0804199093691593	0.11207740539087051	0.08348529760845896	0.09309141560805849	0.08495764696465513
0.09251339827331956	0.11525157348394717	0.07275651652136249	0.08443785194817335	0.09033549310337223
0.10872925279522354	0.10575929188402622	0.054411875048321595	0.09646477216228662	0.10436475883378643
0.06392909341049628	0.05719268928612683	0.06762312577429683	0.08631101385604566	0.09543694673966213
0.10644693415657545	0.10294255089878492	0.08567199497904365	0.13806243426061096	0.04796579504728286
0.06819580711553072	0.11398411616791353	0.054179652892993174	0.0785560927893037	0.12942864423554057
0.07189617727777547	0.07048211281967239	0.07543851392044817	0.06909782825755333	0.08157774353097436
0.09201329554145264	0.07988822995386709	0.07309535075559222	0.10155982605958262	0.06365451847194933
0.085481602293909	0.05716890905678626	0.07996532744366427	0.07681607281236037	0.0944685186763232
0.13752898738385372	0.07717081889098229	0.1097297304440566	0.07384757327479462	0.06941099993562534
0.0956232868149213	0.052027192447160024	0.08539456330692081	0.07888619230326145	0.11872368433564377
0.051768668297467776	0.07134184915174442	0.028437737959484934	0.06145407329933452	0.07814639312007308
0.04104389725816016	0.0562574130230481	0.07549009580987798	0.09080475455874754	0.08999478797917441
0.061737396863222965	0.07163612186073165	0.06329771871326662	0.08323228460818172	0.10598741372005749
0.06354917202920997	0.06303675381766274	0.06768629025820891	0.04254823300235342	0.0830213708151215
0.09651359226361912	0.04592494634809001	0.08544278488021036	0.09783457705618531	0.06905549565990318
0.09406060113210692	0.06945423795005065	0.05624336401512343	0.06931835997928656	0.04855764240656756
0.029353318280774487	0.07644158505784472	0.06675398307764012	0.10118746511979063	0.08721193558601535
0.061323899149071284	0.060992528777222804	0.049495679241452865	0.03793140472300862	0.06968196793008756
0.013711005384404167	0.07700982032032269	0.03610648162875588	0.0533424345622704	0.09320460436711732
0.08869173541044549	0.05993513182037394	0.08630496336769852	0.06507525414838491	0.10199421513641133
0.0292065338236875	0.0672303560594509	0.021029991621894763	0.08396852825327025	0.05986397779560669
0.08021277868320825	0.05768257925550325	0.05426406734712268	0.036572864954557124	0.0767020375809062
0.040332467789259516	0.06827764569885031	0.10651470063139493	0.026999368746816927	0.09574558621192461
0.04732280928122724	0.03750171202917135	0.05302437750826637	0.033440457333476496	0.06727328785688454
0.049168815806750234	0.04544331339234139	0.07113796897390653	0.05329474090370174	0.03117631056822649
0.05971293792502001	0.04530008992225242	0.04210635051343264	0.06792732469995698	0.061000233204614576
0.06533227978918342	0.04831859286096952	0.046460911469358865	0.057576481162894766	0.062333072822400304
0.051129422335910966	0.028084993323970547	0.08632284680410557	0.01404163394866054	0.0479362595867142
0.046412001719565395	0.0810918056719836	0.0338121259518875	0.08428128513949716	0.04931899661464727
0.09608285970679281	0.06563428047699502	0.0435742788901616	0.0636326882947934	0.06755443541446432
0.0494938139249487	0.07553655246097635	0.044637483345748935	0.03498119696827715	0.022489588573597695
0.018330299751798503	0.0885447100698347	0.04519510040606879	0.034084549312852125	0.06447200387542719
0.068218935372925	0.019633307988739666	0.034355960929123776	0.040454816576779705	0.019092271742132915
0.057084367048327034	0.045530166632734854	0.05851934025167185	0.03185064229245489	0.00770806806610794
0.040565163077330636	0.05336655620447667	0.0577883990997377	0.005292685919686769	0.018156950831825298
0.0370395512404255	0.07669077930696587	0.06508125427498877	0.0575798472714755	0.06922600009478139
0.062211426053091504	0.02830651449283281	0.03423127523269377	0.03619128276838282	0.0721562955772576
0.009735356648894111	0.08021299996245805	0.05637381928261016	-0.006425058952154265	0.0325625528901727
0.042265618070485324	0.014359863367122642	0.02972674230772817	0.038640969187143145	0.07253833227067244
0.04369640551820578	-0.00014780659256594109	0.06458519616014294	0.06284657897670493	0.05127029876151367
0.03834287979143066	0.06094532328357044	0.029075666349184653	0.011417165395768775	0.05912184369849857
0.06640615191166135	0.04239068788184293	0.027851822986375917	0.05309623195886047	0.010427095259262869
0.07749033037950843	0.09396022837757245	0.037261825341028454	0.04624961273633848	0.06922304778212943
0.026044612620732273	0.0350452546448446	0.027328436002790533	0.06199398873187709	0.011393075503040919
0.07175497969866544	0.05268745132756932	0.03179888411417507	0.004156839637084151	0.03533353290457199
0.04324593903506797	0.034729506799081974	0.050296133646466	0.04837820026670756	0.06337248766941735
0.016656774179598554	0.05691985729523137	0.014894309195581885	0.003471883418317884	0.059126598857812504
0.03966699598565454	0.06559353465311124	0.0557931266127995	0.02793565057475747	0.02938706711519769
0.0571468984369422	0.02911908268791505	0.07702352127475484	0.01586780467174882	0.029097209469751677
0.06726499771873168	0.0486894990159322	-0.003445876379101308	0.053360621293615025	0.06511694873882728
0.03660993360605361	0.06543891087611325	0.05427458024766563	0.02798812190583465	0.05158434343168492
0.044715355000830175	0.03349880427635121	0.05978616979763458	0.033338628721631854	0.06890006584803172
0.03617346381624619	0.0470568426845834	0.045968173383539264	0.04485291744024196	0.03221372650010569
0.03965624535961962	0.0488856199348101	0.017103155140925183	0.02785164949449514	0.09724310527673036
0.016447783288120642	0.020228621967482457	0.09231270924638647	0.03532796059233332	0.050316390524817824
0.04462976738407541	0.040969447657735136	0.019655184303796504	0.003352735107906137	0.04932413769001555
0.05323414625859522	0.018050962371073988	0.009405471558736212	0.02689729998614233	0.04025923295132013
0.036181711403913006	0.01749737091959455	0.013404115382974284	0.025465372601834152	0.014984399273770606
0.03331477664891808	0.025167332453764773	0.0543013611959461	0.019670326845844167	0.05574513878561765
0.026478769653594036	-0.001056974559996698	0.04724010833541545	0.03836476215206545	0.050782453720951644
0.07472130907943882	0.05224606947176117	0.024473805987258013	0.05877808944485713	0.03140686282813673
-0.0036095993167738157	-0.0008338408232920628	0.045736459853903656	0.044086939463166254	0.030862682410160013
0.019381535288753058	0.05541618253261612	0.043322496847467334	0.04469700222660668	0.020915140032004242
0.04166166847501904	0.03980985616867266	0.013857048643233791	-0.008444298844732114	0.039757940802488984
0.016511814254152143	0.05546742562256879	0.06971729729288544	0.06627018959314074	0.0487274631078094
-0.0028683240242717263	0.03512185906303616	0.03035246240930595	0.05690854873655109	0.05171996846517141
0.0018706313557482561	0.04218699461401751	-0.006417146523229815	0.03594851160789558	-0.008685786939927064
0.011048918278772166	0.009970360151629318	0.014640196990180484	0.009298531743791413	0.041838095420573165
0.02907451680860311	0.05790034328751228	0.030823546566078303	0.0673171387153611	0.039530649322201614
0.012885797127195772	0.02367506308895349	0.04374821785462964	0.05858935518148181	0.002503487025302214
0.06642483180138754	0.010192278348064347	0.02518674421691655	0.01856971232775937	0.03089336194646088
0.022786689365730202	0.015079024558423791	-2.9596757095823323e-06	0.03535795687490366	0.05233144278210526
0.003309584397067798	0.06529418294216936	0.019452654515643833	0.06068989315038591	0.04929046857371764
0.03493377922267916	0.04864663313786895	0.05505737953532847	0.04307368827514985	0.04484289492746925
0.03135794418240967	0.01318089294125057	0.042623534381092086	0.017690795557900887	0.05552941218736489
0.04638665741607108	0.008359539615803767	0.0157409535844801	0.010146670535620069	0.016823284752746966
0.03248141427721722	0.02873896316049027	0.024417944435064693	0.012458436109115366	0.02857807173364892
0.011611304428755567	0.041047225839226535	0.036828184404508524	-0.01575274406580164	-0.007738551332418129
-0.010066328170525845	0.03873214087044267	0.04302956527714139	0.02869073164942322	0.024596804297494723
0.019859042417340853	0.03118286471654449	0.006474218587561056	0.02915536488218743	0.038567893908665524
0.04655901245465468	0.044360826619904085	0.03861183321194153	-0.008695501695713197	0.00653856689063466
0.02001652543747444	0.018746251486466893	0.013299039783728837	0.048246487295709926	0.0526358376913195
0.02348951497027893	-0.008321821717877962	0.02173512850829552	0.052430239908097406	0.013383949586135547
-0.02599026489536131	0.01325780852277125	0.036167644143870754	0.0365816461565066	0.01419961530910435
-0.0024996666587255413	0.02993591255488566	0.053248688698100594	0.06432384859680235	0.022205594603251787
0.044974582258896154	0.034935932938144	0.025408692915686672	-0.014382108814628978	0.008043162640897751
0.009917952196124777	0.012310797767518634	0.048735725828446756	0.01718638938418448	0.02125430255229017
0.0318965166291231	0.0040113904151696895	0.027393335860604367	0.025896032086214042	0.006098041384368404
0.003778924152031061	0.03569649891687743	0.021937144047115796	0.019092847060433914	-0.006149579951481847
0.07046974621095285	0.005300220477398901	0.05169761092825978	0.04380212915929314	0.034022755576487894
0.02011551239808551	0.021658814052752218	0.0002602734184643093	0.017195197336716383	0.01984721946852366
-0.030699691692386823	-0.017080527556575468	-0.011117582031507596	0.0428317741909586	0.009110810072350966
0.0069250004870071505	0.004381309730684773	0.017755899966028145	0.06129069137376387	0.05048031381030424
0.034002544926617174	0.07701677389298192	0.03472891606963307	0.06922647634563013	0.0550179177615167
0.013242273735807214	0.038622647610963276	-0.0026806774467761077	-0.029004834041315316	0.04738775951304542
0.029113487032476452	0.025574200885699918	0.03002663927531128	0.03598527595209927	0.01846262195855166
0.05129558515609536	-0.005031152045595547	0.0035876289050027514	0.03157739827453806	0.046277432732456866
0.03370525476907922	-0.00786673057966536	0.04009321962120011	0.013162539737799517	0.03953786669821639
0.056176668038333516	0.05234960335813999	0.023325722631163073	0.028647476320484318	0.01876325606177846
0.04096093245656448	0.020903311455950147	0.06694633788626726	0.0013395529192024112	0.03785114949604063
0.02807078494085749	0.003180325574927166	0.016689450990188065	0.033112283492332376	0.0036161792278992144
-0.012089688460736561	0.003820254696182614	0.0025108820061557815	0.014618127762087737	-0.02466487794341311
0.02448455318943307	0.01097101550111642	0.032983379874659824	0.027823928761536016	0.03334660635048342
0.05733616912054066	-0.03470647650765519	-0.03770266055903472	0.008186811686147193	-0.008441592499883407
0.0174883521619803	-0.0234765717710562	-0.0008131818645641352	0.017957789314100334	0.02813697920527557
0.05893606443002514	0.025834073141908047	0.01301688715866163	0.011016800468149741	0.03635234971949025
0.05715078024952187	0.03324179473974663	0.03829280506570418	0.026487431218471944	0.016786382518620656
0.007049714280650603	0.009697605039971068	0.01135257956252916	0.032772994522817386	0.0056419306252937325
0.052072147416586126	-0.02176160937013518	0.016139001312927673	-0.015369960549347847	0.03314597410588092
-0.013198804133583616	-0.009327160489617277	0.024126272689163293	-0.007400983219196924	0.044557729849113534
0.017842453207286474	0.02757422459494885	0.03427191731978449	0.014586785899992273	0.02270435429404194
0.0574741090836966	0.008434571889997177	0.02181841172432504	0.029476365045401486	0.04463366046800302
0.028893024553911812	0.015730363757155433	0.05622598668613714	0.011762695327588607	0.06271483185288956
0.01830375541952772	0.024937278148711075	-0.02304838908045045	0.03470001396068951	0.0418864841794758
0.007278401626727259	0.02247398152824374	-0.008524218292483825	0.044527956305618954	-0.025616515972296135
0.026679995548818586	0.032237008545748395	0.017564612610079577	0.00413621814245755	-0.007930286335193455
0.02421220206217218	0.03791210236888747	0.041261930579936476	0.022636953970019125	0.012868547265952877
-0.003656507800850778	0.018739219160153076	0.030507351251344607	0.04276991290655657	0.011161467695466467
0.021555313953132434	0.011154796086524766	0.05123084265988229	0.004145527032034312	0.04496438077972396
0.040930437668183356	0.06425471210068662	0.02070737347242281	0.031197928269068562	-0.010486344975178122
0.03438376886537362	0.05656619673675722	0.03894261136605694	-0.006301508380673438	0.02472471366726178
0.012522338788880417	0.030013659664443956	0.018868862644788664	0.015590569141945971	0.029379940244839187
0.01839112138155608	0.04589993881747437	0.02634411223339395	-0.007221848604405421	-0.011822544012631619
0.05513488583291956	0.026698275243612363	0.025731068787059913	0.011084945233737391	-0.036381967281629665
0.021529821650083988	-0.028230330928468272	0.014741379997469212	0.03706695818469252	0.018065672847001137
0.018278833165793644	0.053727064248140305	0.05791048644540181	0.005619681930261331	0.01868350415206602
0.02902631154620673	0.023231050329747007	0.02584669758141773	0.042730345051587064	0.008492369193027387
-0.010094382531931066	0.05889443070095637	0.017678178106472205	0.03395798527632726	0.028634832723613973
0.015540460325497362	0.005819192562570274	0.04093399885798293	0.00026156020408758265	-0.062748777916857
0.02240299420116843	0.05458137545904312	0.0493069080740486	-0.0018871498722103203	0.010403227096690396
0.004962658648736837	-0.0059323949747189025	0.01757384215108459	0.015806650021809865	0.012285111895798166
0.028308833963905405	0.036533857084332585	0.03451688350571422	0.04826464164010313	-0.0003968592016691077
0.009606230870456674	0.06482085696448854	0.036412673480715425	0.061492036132658884	-0.012396215283237188
0.031251326549216044	-0.000511204910679463	0.015073682697930364	0.01492167698285362	0.027707870204529916
0.013514644533455168	0.053688665827386295	0.029671504926648867	0.03286733376740981	-0.0053886242668762015
0.020337831384471525	0.02906287953461529	0.011411255353329848	0.029385071264773344	0.002852652393704802
-0.023455719640688488	-0.023653050943183086	-0.020072701052679692	0.03051947802907492	-0.0032489842171004313
0.01924747880087852	0.024561495010296665	-0.009755816823194133	0.02823312696785108	0.031721297387442365
0.0014635197411156527	0.01771373562831476	0.05167388229140353	0.009537741934751803	0.005052070578896462
0.020842346525264892	0.004426568631410322	0.012435167762627833	-0.011791499985442395	0.023254208366205092
0.0010869079846327085	0.00866145400468097	0.010626056204776385	0.024517429739009493	0.03056396920618567
-0.010909535062467342	0.005357203795727544	0.04775696694024861	0.009983080010863437	0.005224982301352401
-0.0029317362940345483	-0.013664342485047741	0.007926107610326414	0.050196168266010054	0.02229385670758783
0.006495469985704626	0.012675048213108086	-0.012681317963751507	0.02021306314569509	0.011500030096255607
0.026947445331921713	0.014483652983959058	-0.005447588569719561	0.026291589355392588	-0.024815206171736024
-0.02339420509545602	0.0028066553693058913	0.03836888642685629	0.04648810764349971	0.030209459143997218
0.03391093188383826	0.01638953359213258	-0.022032864400159266	0.0463424038321402	0.012258830352993903
-0.00412215886785301	-0.002920262683827409	0.029871679168160185	0.02577483985382161	0.04782277352162404
-0.03230856887855789	0.030198764074688668	0.04675136574442522	0.029412468826016606	0.008034821315330579
-0.01388379416560459	-0.00040440915319692357	-0.026184008303748722	-0.037702754086010024	-0.003287816888815952
0.03903552501238404	0.02490110811287781	0.025757594158049107	0.05644642891941093	0.0025995905927439513
0.05602957502867827	-2.7245985924761497e-05	0.0010762250732927183	0.019208789791864	-0.015684437929624786
0.03646375095667195	0.04804002783414965	0.018720484784626172	0.027620553772455776	-0.008112266542046984
0.022797886572281437	0.03130391398953735	0.006056443608494415	-0.0007306083199512059	-0.014274466824375314
0.01934119329877063	0.012032764673901724	0.026838375589131356	0.0023016063123513673	0.030727501785736376
0.0022945013338578086	-0.012826797874634525	-0.010813017367939609	0.03799566736183358	0.012761680690885839
0.04002217008073707	0.00804831775573671	-0.005533947460871653	-0.007325885013044249	0.018256295325949107
0.03315094990802016	0.002834755268735999	-0.0205028799614051	0.023470679282977486	-0.024064065026957425
0.048747814180285294	0.02231154529718981	0.020255881047398384	0.0022474846708475335	-0.015396788213971457
-0.0071079870484648255	0.024931368328492767	-0.010252746751483195	-0.01112040040033039	0.03300734590781138
0.022092339456766023	0.047014197066949766	0.05575089272657768	0.045566586632401894	0.03741906202866972
0.006996039654375153	0.01381003869503186	-0.010704455341159609	-0.004412439270577308	0.027859474478203482
-0.010607678411766224	-0.00351248361440637	-0.028267289643104966	0.026617164004003012	-0.014586173637794936
0.036506830561114575	0.014548273769813954	0.02133101042710548	0.015286847369846234	0.01991880300010581
-0.00486882179660563	0.010499579520710857	-0.008366623745263521	-0.017532439848937178	0.02835593700604417
0.012278304337695122	0.004350960444941269	0.033966414793039024	0.03076671636871077	0.03467108684860504
-0.018914176956109547	0.02571909327778715	-0.011145821604885444	0.003059476683379128	0.004133202832308724
0.004410114393257718	-0.016395837201394276	0.014563427795610297	-0.01990004251731959	0.011386369423809852
0.04696149968971775	-0.028435507203085072	0.00969990861161277	0.01951248845727866	0.007586088368093911
-0.02002732290910133	0.053286023435258026	0.01012294344852401	-0.000268329698420066	0.03315415017018801
0.025193313428073405	-0.007278850523182125	0.006462377964902271	0.02397012302913477	0.02098253684804131
0.0014438431430764055	0.06020095126620849	0.05243676117289923	0.006357518433874423	-0.010862738062098842
0.05225585112695737	-0.002751742696840925	0.034375708501259705	0.016653855503227826	0.006560927698342877
-0.010660839231835632	0.04292547581285907	-0.015380710741712579	0.03184288226947454	0.01572944290792993
0.010868784949276887	-0.021894785059990554	0.016666687490922726	0.01266167975901276	-0.006532542796417424
0.04074372418218006	0.050653173113978586	0.03822146139297905	0.02338004001121874	-0.00417199992707745
0.008568814225667338	0.008617864811210317	-0.0076516432981419795	0.002180898332182505	0.015262504858047666
0.0009387161829005077	0.0022880909883945238	0.0013236337827786313	0.014042901753585869	-0.008961790741278553
0.016413706700949746	-0.029528416093098343	0.0040972397814299545	0.0017919003635872384	-0.031614193082220826
0.012573960790453701	-0.0026664909756877113	0.03247147687675171	-0.028819330787234955	0.03666884269042816
-0.01413481267378204	-0.003876901643398896	-0.023472611669194263	-0.01171851369477905	0.03215240483110165
0.016364874269278087	0.03163998127972208	0.032308045298940186	0.0037478214582573315	0.03614812677779525
-0.011765038787464422	0.0015876189744909851	-0.013296088984726409	-0.024486930302138984	0.015485064511661635
-0.016200372694275253	0.005691803030541608	-0.0008252074797091592	-0.023681018654368283	-0.03213824471797155
-0.00210948420213603	-0.006533756421430318	0.005180577650053635	-0.0002350255644018352	0.05034319559911044
-0.036856628325037936	0.025399174558397776	0.017759576600817898	0.05625548003651998	-0.03520023018703135
0.0014765689944965304	0.025446243588010023	-0.0022989311105063963	0.007623024832675993	0.030630472568010034
0.024717467850716004	-0.02224381528601714	-0.004113929944825867	0.02727847583006633	0.024846348250615328
0.021567797494774773	-0.007051748522950088	-0.03225038275995566	0.014218871817369881	-0.016662290104006345
0.023897363116802444	-0.0007566681749353113	0.012400827540630968	-0.001736790773021123	-0.0013844378807197754
-0.0028585605083457435	0.007898383694283253	-0.003546775010700804	-0.003639974808155532	0.016758126502867163
0.016140093941088875	0.02004695016028431	0.03526874959655808	0.015336029860392859	0.036994858305959846
0.038504450160669175	0.00952654139845305	-0.006816680164082427	0.02614992390407444	-0.0004013199462043482
-0.0062947064435239855	0.019785500464454	0.04412195183142232	0.02093766941745078	0.0217375596300785
0.013058260156711857	0.00606637161036084	0.010889283624784519	0.04547334859412268	0.013913922813354115
-0.0053355222739143076	-0.005222717000501363	0.023712610068466984	0.03366701755954284	0.009037001091924698
0.018850123600732786	0.007838171977063072	0.030771999097500925	0.04046766427082933	0.004060953305639603
0.019506349547138997	-0.0023239324338605004	0.0032938352632429627	0.019411205703732812	-0.03532114979188032
0.03920391513067232	-0.02877927880290881	-0.02779312527247657	-0.04598180830459528	0.021775370173281086
0.013974277323373883	0.0611090948962098	0.004170924484349143	0.04015532501677035	0.05037436945795093
0.008447027551399658	-0.014290362650800296	0.045339882256294706	-0.008997041424331352	0.020320119109663942
0.011044086149286887	0.006462486741967393	-0.009580615705019814	0.005824526641012558	0.03854594251331361
0.00023741980264120263	0.00041707477803910875	0.025478396620161357	-0.009885931260935767	-0.002795838800968122
-0.015296013443969407	0.0531180412501937	0.009220472966440508	-0.017312115230122976	0.007640519601024072
-0.0014264684990401375	0.044296398641870446	0.04576601389522093	0.027328836667900328	0.006959548868346804
-0.03947630084942085	0.032960992860946975	0.022165582297868178	0.007674422987392545	0.030453496729707555
-0.0313184862637897	0.028424659841352506	-0.007532410444661675	0.004983514620936173	-0.017203736186102495
0.03592328254846906	0.012409273708527168	-0.0014236580204312795	-0.006685421614980749	0.015683092213029284
0.007567703929525992	-0.004145885237512227	-0.04160197091762771	0.041859923577192586	0.004469744210599026
0.023080908550486407	-0.0036324948123143044	0.020854343732895707	0.04372873894010351	0.01626160566631342
0.055921125574342895	-0.021334103960783612	0.04373950498921602	-0.03158261051983819	-0.006698355727197399
-0.012514467810036043	0.037209757059651426	0.0521985951004392	-0.0012999952268336066	-0.015398351331406143
0.00421618195041796	0.016638692806330735	0.03240071973677858	0.011918030661407673	-0.0038958453811147337
-0.0033912789021531085	0.00030360962543020484	0.043231703435204445	0.036326053551860985	0.021417279466690996
-0.0007039543468134769	0.0074736591842069775	0.002123365672810666	-0.008548217600559481	0.011618796520578834
0.02588363911126828	-0.0037723292079361232	0.03099539569065845	0.026543176343263444	0.0285368299664014
-0.01603126880750618	-0.002342170424727013	0.015948358528694178	-0.02132997789359722	0.01018113823096434
0.032755282235615184	0.01291279690875828	0.016148014031701713	-0.023171006988745753	-0.006566437050677388
0.014371813405549405	0.01932929022593733	0.027187040147089447	-0.013732110460770762	0.018124417401736266
0.002722796510195101	0.003522414046749394	0.0034728642366567437	-0.009048900455950682	-0.00543285332972546
0.03313916190596728	0.015523482635514247	-0.000383466441305943	-0.016377517385032955	0.022891344405400027
-0.003685828159661021	-0.02109750878529976	0.031443360902246524	0.022495973119913512	-0.025788209042491902
-0.008211366493618269	-0.023495345645859783	0.0053481503671517225	0.011122040285465644	0.003205484705045456
0.024367549103691523	-0.013937756106535956	0.03098687625709564	0.026378443030988345	-0.009872918099465333
0.03163034037669562	0.009114764597422071	0.0200624476626299	0.025540678492408025	-0.022133298384620623
-0.010032148137241965	0.02086326937352407	0.02929670667918803	0.0016101388600107958	0.03185695850734309
0.004813387097975383	-0.008797582127671698	-0.001057499202256635	-0.007098617195647178	0.03113922951095128
0.013113072749527548	0.009951114727673007	-0.019804575266906755	-0.035217506463759665	-0.018507815448962205
0.046237884438527554	0.01756517115832325	0.01258884718704155	0.06674604767472452	0.033094262300974696
0.031466958528510294	0.025175310480305413	0.012747615376553452	0.019539292609350476	0.02905980923777563
-0.03625685578854987	-0.04350220593048318	-0.004290755704424307	0.00234010993455829	0.012525792881182905
-0.027465985230302206	-0.0003261339137933779	-0.03409875996049478	-0.031288263687216294	0.02665052820794731
0.009574067889430065	0.012906531657445298	0.01850447976681561	0.033130566139527015	0.03864983481949613
-0.0024710144378449327	0.008345267496812952	0.027378804408927083	-0.0073744164293421555	0.0075393714397549
0.0068087171073034376	0.007436052649288794	-0.029309193404906092	0.041167056759105106	-0.0010818746501631716
0.04410666204260161	0.014137960518176538	-0.011457023859534668	0.02683053393116155	-0.013720442978684133
0.021014200714277953	0.023638396014605254	0.010026501902277475	0.03635562541188173	-0.0014055100160446647
0.028254736576265666	-0.006668394429011728	0.0490550580869091	0.0150636676603903	0.003641717721641532
0.03585412179000157	-0.029956341638010888	0.011825543501788716	0.05620781011108621	0.04278897204807556
0.01615787352327301	0.016251967325132004	0.0007820210107097739	0.003538917894928699	-0.003923509855890033
0.022779532334788476	-0.02078084883332579	0.03079619978541082	-0.0005292420523960842	0.004671840203829132
0.02016325832282186	0.025736989020953276	-0.022451251299562117	0.015587875062566377	0.019294471448499717
-0.05904828379729427	-0.005676101556677977	-0.01697809230561501	-0.002079516589311929	-0.001939484471735955
0.00962552716676297	0.02134313352970684	0.005697678395844915	0.009292487429174823	0.012503371500994502
-0.02873240286792592	0.03705021776673245	0.0029013748643389077	0.013386934483136758	0.02926371755268441
0.019035299252101394	0.01992237962972737	-0.010309884261166823	0.013912167780160951	0.025038039337606836
-0.009276220766692007	-0.013176108042166566	0.031182608826152314	0.02286367054697408	0.0010629341656921
0.0077300857036106865	-0.018366299507044347	-0.007531123932559079	-0.012701534166222113	0.01389053556836144
-0.02476604080278204	0.02893259930596545	0.006553806696402568	-0.028288179548515553	-0.005851194178407368
0.021454730998202824	0.023686517558497926	0.023323035560632907	0.032563773363471035	-0.0002564956871099688
0.019174202631200184	-0.02899834473805464	0.0701299422637928	0.011621924469267726	-0.0180243672157358
-0.0035215565005291185	-0.027878180091263322	0.02112100191119797	-0.014963423583293856	0.006267018860319674
-0.005695768144903412	-0.004735263735132471	0.018090863730803236	-0.012261357583940428	-0.009053032948862935
0.01114678951538855	-0.009543102153991626	0.0052314236230817796	0.011275368751729777	0.04194576412090511
-0.01502671555710881	0.006357392333248906	0.000657734452409975	-0.0050278822810004165	-0.0049341717070657005
0.06914828524879912	0.014020144973763197	-0.04474820094690054	-0.012638269827097424	-0.019669217645569923
0.007326894175581175	0.03219645614960043	0.014380678883935405	0.022673917240587236	0.054177861786870965
0.030076321560743358	0.027302864532638332	-0.03743969880315267	-0.02579409332223255	0.020660474620417854
0.002225696378869979	-0.01732822111209585	-0.01216109981605042	-0.005564204430743182	0.014084923207707205
0.015919979560102448	-0.018919465321876612	0.023232212112674032	0.009637731313524103	-0.003941480109638482
0.0002266284635569077	-0.0029930647031782935	-0.011147072170388215	-0.00414680844247235	-0.012078816019487782
-0.014006249124593192	-0.004331889546834764	0.011177450120708275	0.040702970078911715	0.011851269885982557
-0.03416360822995953	-0.00957707263690154	-0.02553091154090039	0.01984062114845546	-0.002762206954610349
-0.015727055116275247	0.04369950787441402	0.009271327891226224	0.008617659139913896	-0.008080689256999455
-0.023945740709882236	0.02756537582336297	0.005963806397814486	-0.010951214883434524	0.004010345673803047
0.042391016764750565	0.03983508705196477	0.019992336294521768	-0.008428901214861843	-0.0027574190528525224
0.039694578584412936	0.033781080976171426	-0.014632926345458253	0.012132198435962022	0.022008411817906248
-0.0023666774167220104	-0.05420867612820253	-0.006924444684783752	-0.006351559442615957	0.01478713077615187
-0.02723177492894574	0.007539019508426875	0.012528294209305256	0.024228926181965746	0.008320916787846184
0.024842888591066013	-0.036655178904494504	0.008005460333152657	0.0026211957282827637	0.020978841385614778
-0.015394308181912538	-0.036340728472313844	0.023984443946142207	0.007342478320906544	-0.0060244995168217234
-0.034889263732492994	0.029660964968593155	-0.00780957243353639	-0.028164459125691207	-0.0006459240095492876
0.01931004846895132	0.055064589525079824	0.024264893841536322	0.02507747510252084	-0.012122073135679728
0.059023035145232786	0.024584099708424095	-0.01567906991230521	0.015413891135198697	0.014768186046628195
-0.0028939602785157167	0.01912282500508937	0.008237014323206846	-0.0003596644776596696	0.01788565647765104
0.033275506879596975	0.019561882866179322	0.002275145622695445	0.029976558269187572	-0.039010026171123556
0.009198433423523455	0.03961634585304114	-0.016465891974233295	0.06461727642584199	-0.003086306764335067
0.0016835367834326749	0.023706150717806122	-0.04094873431352459	0.0018374977785382898	-0.0008634394917858456
0.018676074755944135	-0.01969685200984883	0.013127546995404622	0.011101707855589543	-0.013601566736653576
0.009132869221910069	-0.008873508755421835	-0.023302104441648607	0.033479580544331186	0.0077366769905105656
0.012484615073326799	-0.019861504885332094	-0.00025908871620252956	0.03540824591127764	0.020987348829481705
-0.012086089269621385	0.010561690019557096	-0.01651524322854654	0.0059317337756812	0.0015452606396939642
0.015205122613816287	0.03316693369218744	-0.017778097963121235	-0.021965853424299076	0.010122267843229404
-0.008088617316394958	0.01647287210724398	-0.0044978235409204575	-0.00485329144195028	0.0124343911505683
0.0006776329493418422	-0.009764321163710723	0.000901390535087765	-0.0280103052635571	0.03937897509997466
0.018397315320411865	0.014812591356337976	0.030593712649593742	-0.012671754570221832	0.007276290974764673
0.018567872500574355	0.036595388165702555	-0.03035268260973241	0.049990157423305794	-0.03380830774890926
0.008804261843807715	0.025555726555650908	-0.009394679491943649	0.008159517872774285	0.01563236897982962
-0.020306003437607877	-0.03146555751492601	-0.007885375290055535	0.020733326407865696	0.011180607497673321
0.006574918154414737	0.011091756823040713	0.004337648684635533	0.0034213122177462855	0.008509553718355267
-0.034471492290223504	0.01714779490896929	0.004768863438141572	0.03566658074986588	-0.00031438691800336413
0.05392688062423069	-0.013290987820731095	0.02727144829279496	-0.026767515930787165	0.053751781876206876
-0.0003307821813524404	0.0038063721046546935	0.019485853421337018	0.04034808832961487	0.010585293025541405
-0.0234334489573479	0.03743449168698632	0.022856368110997453	-0.009562738426606949	-0.027915912398087574
-0.00990553876939429	-0.001039330474303983	-0.010605544107768908	0.010852975629143393	-0.003434345592173984
0.01013804976091073	0.023121820212030363	0.030271800807063005	-0.047631652035897185	0.02913036539570231
0.008199447078546002	-0.042956268909772	-0.0005610449218342462	0.007585424071301647	0.007047308217528109
0.010267939176167223	-0.00286037581063262	-0.021151351766241472	0.025455181365716433	0.03080846301610237
0.0307145151065419	0.04036827652606724	0.00648227678434161	-0.02001676944725366	-0.008154630456605128
-0.005366613435147977	-0.021037360529978823	0.005408065686784914	0.027932266476201097	-0.02139246791056006
0.008262460245266497	-0.018056069597319868	0.0014615697555660718	-0.007740797808660205	-0.004589992741432448
-0.03156067464704484	-0.02717995811152162	0.008137221952636386	-0.04109877093691268	0.006035297063489821
0.0003494252297615015	0.018960827479974837	0.00327467252975308	-0.008632378821175986	0.02742234773280863
-0.018185532330075558	0.007398298223581581	0.009298183663183988	0.022417799506912618	-0.02687826623105055
0.03942196550594443	0.04458007598584929	0.055498027548345756	-0.003755311848713522	-0.00951397178238361
0.03884578629021253	0.0020704125598587624	-0.012885505307247793	-0.03287938366439453	-0.00922999465163971
0.003234712693064072	-0.0319423958430366	0.008806805262678755	0.0010920708327583056	-0.005468085497564146
-0.02760200649256932	-0.035334667772295915	0.031022974407476693	-0.0019171279845112826	0.030103301030011416
-0.005795467713115686	-0.017450045638017213	-0.03325896050567408	0.0010260712170933363	-0.011026647278966413
-0.01045220589307161	-0.002509266816255824	0.016086034052190983	-0.007759652991164242	0.03091970536245734
0.0031304891384826834	-0.0016287762980125783	-0.03684724724069188	-0.026060222586562806	0.03991837196763814
-0.0029301984547387373	-0.013973345498250116	-0.03472791782897622	0.00641486605256776	-0.011348039599099928
-0.00832110973657791	0.007296139905550135	-0.03463014008491244	0.013536089803463316	0.022108652369549252
-0.0113572013171268	-0.003819185047980532	-0.005356721210319579	-0.007931907347576286	-0.011487442851845941
-0.02305652042510817	0.035605660619704896	-0.004567023739580458	0.051501348070738806	0.010864388689694238
-0.007678037131332168	0.016840883853803605	-0.0077353804400632315	0.032578278370944645	-0.009945609597823037
-0.033051261153264885	-0.011827676591942818	-0.003940283616230136	0.022434337608068317	0.03693377694908452
0.0405595206365573	0.023708829050734778	-0.019260366895878653	0.021990058157115	0.003840631845941885
0.002623746265611647	0.025078264097144313	0.01515168742510026	0.021650227950857928	-0.01292574582942016
0.011602291324880169	0.024055061201703927	-0.019904591701606442	0.0125187720363018	0.017569736626818974
0.007306506395780179	0.0007797341431859221	-0.024366466379429796	0.008252392627372557	0.02913215537171921
0.01547271404184897	0.045881559113297936	0.024309417062286374	0.019921730302357263	0.0015082509010288384
0.018549625447662504	0.035691934634535606	-0.012046226203269015	0.009912888213710535	-0.0018295756436101404
0.0529702300603289	0.011773311695771017	0.02672310438019141	-0.024517790892290007	0.038644937348740624
0.043550345188861445	-0.053738518175826686	0.0011360873450684018	0.011798038680728852	0.011266658709283346
-0.0002692925534471726	-0.020250786463835806	0.003527885295306836	-0.011442046804005696	-0.010414991330928573
0.014869961719363374	0.004571214671809003	0.009030098057658736	0.004029707806338798	-0.019347276575998
0.015648765548639695	0.020961561338460506	0.016953214537749554	0.0007489210493761785	-0.025997636465846415
0.016926220698524137	-0.024984217400752344	0.019447188652107907	-0.004679155538336258	0.01065510597419841
-0.003596531781118038	-0.03634325892092977	-0.012560697137208584	0.03316112153338451	0.034150338604034096
-0.01204884953864555	0.015210906302149255	0.02756265513199234	-0.012300255451871502	0.05249889132768963
-0.04486700594718607	-0.034313612453263254	0.013628056380636291	0.01680432404057268	-0.0006782294684758777
-0.015686762885806532	-0.007957642378554886	0.01300276974905899	0.03450212991682748	-0.015214222894396534
-0.01436810642647915	0.008309064230635245	0.01968382097057418	-0.015876895089327034	-0.009798656746799719
-0.009699337506684058	0.03254802835188696	0.002725029791064051	0.016127583224726353	0.006506036140188856
-0.006780208714248111	-0.03669693324912486	0.013284518337552557	-0.008983658646399604	-0.018737889790550473
0.007325503111353262	-0.004812921213302198	-0.01667227332128478	0.01152054125777095	0.011617271857091528
-0.011168482936927378	0.03625293583360988	0.06660312506712983	0.022464056632987867	0.007794362372149704
0.010994878791403522	-0.017172738953388163	-0.0008761502448822924	0.011356045313812914	-0.04539505847098149
0.013037270325622179	-0.008565480127463117	0.01125952136393922	0.03897545528604595	-0.0070327094009023155
0.00880870481445412	0.013499214780384985	-0.025520252724881416	0.013053951103643999	0.005559827175139939
-0.026947591554024663	0.024276281771645647	0.013733654427140963	0.01271959030515876	0.013499843534479838
0.025428908265420037	0.02333807964161291	0.013938854232591147	0.05249482493815291	0.008491629564520712
0.010804364351408208	-0.03134354141373246	0.003403924706942244	0.023074340040575236	-0.009781888542122618
0.025712494296303193	0.011092858653821903	0.0018777755503070499	0.02415027203430179	0.012594228149219129
-0.022640406878953946	0.008949600356699089	0.005777422569677537	0.02864372123992099	-0.033140410207956245
0.027505187113306823	0.009648191005127048	0.048015608900833465	-0.011354630825442984	0.029042774098866124
0.030761620995539918	0.003617414261371711	-0.0241262691433593	0.0057374370644208365	0.04783213455833771
0.028730471905775788	0.026582706643116565	0.010007849321813037	-0.01135219856253292	0.009334797722526246
0.005869804528120262	0.019262994184044535	0.05327869733288168	0.01980928539166292	0.038448396889916255
0.02415476589536035	0.02087244443884856	-0.018266402746569436	0.04548504972192246	0.050238674728565
-0.018290111624239692	-0.005176354849558643	-0.0006042879456666182	0.03762241963969471	0.012854326414206904
-0.0024898700486255107	-0.021565751769836678	-0.004261464088673181	0.00933480976300143	-0.020744927929669338
-0.01945380865065715	0.032490519277216426	-0.024982147565571405	-0.00781747392705292	0.04305684135945226
0.006314480287213066	-0.013842543972791997	0.009121253694317618	0.014693914226992684	0.02397830041923823
0.016022054700148503	0.03483838052561274	0.003870948360719228	-0.05815751463567392	-0.041724644130357036
0.008117125723496555	-0.021996013236044644	0.01004555905533577	0.006774260819954537	0.04967890501811118
0.00846791847428079	0.024851010804326057	0.01860584734808654	0.01517790005694931	0.014437012782626392
0.021778662513655345	0.03805488323700497	0.046103917128540034	-0.024543633130416978	0.020338814208290062
0.015954491143295314	-0.0246869939470694	-0.02526582535900151	0.008310182526544885	0.007219342724328167
-0.006152556905024493	0.004602325433521011	-0.003433679599697817	-0.007098636541565381	0.011987292425236998
0.009049673860534665	-0.04770683364727449	0.030661791215422996	-0.02915911007306657	0.039263639407350115
-0.007465789734388268	-0.0012384538581275417	-0.030222069713469135	-0.02077102312792308	-0.012020092857878788
0.00265675330837074	-0.014339315192389197	-0.0027279930043656196	0.007272291273042467	0.021478252114483246
0.03447985275365296	0.014534438299284613	0.0009025352267079886	-0.014511031212223156	-0.016071349860042487
-0.022224966155460574	0.019563632167764886	0.020184099113858753	-0.010738522407391714	0.01354605430652902
0.0083724286122705	-0.03170395889466597	-0.019223281284933384	0.001580412062578045	0.016876117259807318
0.02901307680887111	0.008270242003243132	-0.011177902250743246	0.005246945409721575	-0.03184398972484741
-0.02238761839988283	-0.028404131381761108	-0.0032705871281526154	0.006828713605437242	-0.013032290766259863
0.0066602207998667645	0.01686913176196448	-0.0017459458892777353	0.0026165362827559836	-0.012614019951296936
-0.002956477973758063	0.04371621610208655	-0.005776781044794448	-0.036330002609296565	0.026362827158812486
-0.01750159747241228	-0.01695182661972002	0.0034077526519066103	-0.018318649116127624	0.02064024343855362
-0.0019317878412004911	0.009193994491923688	0.012680646821963805	0.0008960207032411346	-0.03538471129547831
-0.009946275196019925	0.003319092506078109	0.03883080591664459	0.024888316106951733	0.0003068507134508674
-0.015922324486147586	-0.0029372031598459583	0.04149980695102932	0.015978933572989303	-0.00852243218332876
0.02885403438843815	0.014493227574384161	0.008162764091383883	-0.00862306707517704	0.04906577083387981
-0.030862295424359323	0.014688571736940142	0.0010539311328966548	0.0048057002385697	0.011045167431620762
-0.02810207528498636	0.015444736972814574	-0.0025867788051113384	-0.02229113708079325	-0.010202181205959952
-0.016287483066000037	-0.026002356430685984	0.016372691987424207	0.03778953389309326	0.012845347727515773
0.02757398807579709	-0.0045192465201323515	0.007667164837065347	0.0013352028875258902	0.007242345830237504
0.005416111743747672	-0.014197073266710391	0.030887941469249655	-0.006475354121839425	0.035621552530861494
0.05111600768809184	-0.024015760162929226	0.02699804547394002	0.042930580853572604	-0.009935694598567284
0.030463093816148316	0.01011608574817309	-0.014356279862958118	0.015831144961576605	0.012681822428884902
0.027283298909679232	0.03441866887833304	-0.003218115200641359	-0.006937037221069501	-0.020464371618219786
-0.013116525242535666	-0.020781543595012057	-0.009701925002436752	-0.01601664482451912	0.024984695313305036
0.009808084451599726	-0.023423297542022745	-0.026759461695020657	0.02597670024836391	-0.005218567382692996
-0.007824055012885982	0.05513371876488089	-0.05120182395494283	-0.00355658191552406	-0.005547045250239429
-0.03678924101106232	7.960893619656352e-05	0.004905342966897999	-0.02891779734285945	-0.011018255046562427
0.027730306381313827	0.014404819987073781	0.027230207253032244	-0.009963991675792329	0.048771437132967096
-0.013902933341925858	-0.020330989742039954	-0.00966084606001979	0.016985819550615903	0.011344686664281246
0.003544254699725837	0.0037407723949623812	0.0066691485300491675	0.06238644697445378	-0.019754447836462182
0.015757767019626917	-0.02797730491863138	0.0074702708891162106	0.02076456869585021	0.03785075312162896
0.03407489589163786	0.03976876544676921	-0.02695665489238297	-0.01038690874972167	-0.024542497272087557
0.020326903298000493	0.057156922548359655	-0.016474417752688448	0.0011711544617094283	-0.0168745526047843
0.030639824441034476	-0.00568924290181469	0.015197504107913606	-0.0095200905775276	0.0163491628050623
0.027235230427489838	-0.03628021614320398	-0.01847139763984419	0.009307280407803193	0.016140447397063912
-0.01159027642726593	0.0017562579194137099	0.003489725514514862	0.018299451098529713	0.00013476609181899157
0.025478579530570263	0.026459141077166508	0.0186798177076815	-0.0023959550687866604	0.0045730136143490585
0.021282876130192255	-0.014591591164347998	-0.029015738032557217	0.024711625868834738	-0.012496663308639295
0.0032079370343291837	-0.023147108174594137	0.04921006023641589	0.009747896102956394	0.046597315644465835
-0.020900949633126095	0.006785316943373745	0.006554926925372615	0.04591996026957673	0.025740921524031152
0.02500230652009642	-0.047586094627112156	0.009569621135066729	-0.03745269543154777	0.022255372994995703
-0.01688992296137022	0.023071084591344153	0.01247104250463113	-0.006610108857700206	-0.012586519596753803
-0.0011235751727111188	0.0012040584008879392	0.05396195282696453	0.013000186514932361	-0.010453742549490632
-0.03256881240471801	-0.003075196656486482	0.0051141877161691865	-0.029041942333180377	0.03694247318915402
0.03262432591271813	0.022672172687401383	-0.005383440111077005	-0.015939294396757786	-0.01662012941996655
-0.0016703724049122008	0.017480547812230705	0.04876397454078125	-0.022852480327371458	-0.02481055120630248
0.008760634195399415	0.021870704258640558	0.014470646672532183	0.05920425418416722	0.010132248201581547
-0.013072652216473551	-0.0019721983265672312	-0.01987493535407568	-0.005381298098931661	-0.0003738723605851814
0.017252488261094295	0.02287653375401405	0.014354826849753017	-0.00457225177412429	0.015016417861031537
-0.03391176041983373	0.006643114972900301	0.021577585465287652	0.027156214355744255	0.022275602056361095
-0.02002764144837206	-0.030481435984322305	0.009665377359917984	-0.00885401565187726	0.01783791063203983
0.01956381788196477	0.014044233244909894	-0.0048725733823767655	-0.007937735587098482	0.02918336988079239
-0.014821481728594028	0.020366109312407447	-0.020655857656958442	-0.03546832517169873	0.02469595746973529
-0.01196253593517092	0.02466310265571579	-0.0101529279078774	-0.03190307939993448	0.005403012264204343
-0.026140572591145834	-0.03843674891044141	0.015543984712848156	-0.008680131329701992	-0.008321777186011008
-0.03977481969867304	-0.002983231872834854	0.007840107162652226	-0.011307039073847197	0.019982491080773348
-0.029875546013608784	0.01267229399372687	-0.02847701360959734	-0.017547983710836546	0.02815230785284276
-0.037102879268090506	0.0003037298282592964	-0.005395781008068014	-0.05124125194653218	0.02541424168636359
0.04267313796354904	0.0016744986160506271	0.00012092357344736012	0.016241864476498696	-0.013213400930534115
-0.0050929457878573815	0.01273114278567385	-0.03271230908073274	0.006681052021206988	-0.01724185146603161
-0.00010969273861793742	0.01740481284988949	0.014688588388950772	0.029636584377409625	0.00205377866022236
-0.0014810785305498092	-0.04032507737714597	-0.015842646460572835	0.008042587858029802	-0.029942308850645395
0.037079812701970714	-0.015793045814570018	0.011922320628680518	-0.0019653554266034334	0.009600476086206981
0.019498538825445645	0.018500671229396068	-0.009206133096511356	-0.0030327404145320145	-0.007326619059814679
0.01704926973174665	-0.004514637187657127	0.014157633608412726	-0.00818512896099748	-0.015049956592795666
-0.0056558634621413	0.009226829317204007	0.019470996900835653	-0.0038499016526258797	0.005999686987307981
0.006884106931507688	0.011870250517497936	0.0013535186898553323	-0.01556745975419004	-0.006519905745260834
0.01593454239210191	0.05140434532222761	0.011336989606043586	0.012380533265013267	0.0018315785529771438
0.025115433235956514	-0.018853247560157202	0.01453689891813233	-0.021194190779276624	0.024109861639703516
-0.03711591620505652	0.010563953140248562	0.001418072891651443	0.04518203003953062	0.02239665057130213
0.03308871965834567	-0.018650716266096903	0.02807994198283923	0.010870920610881823	0.004159061809256628
-0.007754679980104026	0.05045384558909039	0.012414025167625855	0.017607828541990268	0.030946984563762162
0.01981302462517216	-0.002710148487367045	0.011322612996753585	0.016976107622644124	0.03221394195957223
-0.0048550567462037385	-0.022514422813072872	-0.017157252479247306	-0.05841779177515899	-0.00849683387296769
-0.022612559833285733	-0.020763506043672015	0.0006075909099752023	0.03171423080070915	-0.031017038553498535
0.003742473157881611	-0.009611857649909447	0.01056782436601528	-0.00011691133708657646	0.0063949786347561235
0.019155249895844006	0.030393422114768382	-0.008252373339868072	0.0044613263974326335	-0.023116984478737848
0.02425419343741733