UV/VIS SPECTRUM FOR UNLOGGED COMPOUND
INITIAL_VALUE = 350 (nm)
FINAL_VALUE = 800 (nm)
INCREMENT = 0.1 (nm)
0.07111199111249283	0.03416180298498791	0.05364091534752845	0.07406723787304052	0.07880932456170464
0.023419044488716567	0.07627282250289723	0.05619223085598505	0.046029500696508276	0.08847759759442832
0.018021348558766637	0.09299318115350656	0.0898307107899258	0.08181376138877751	0.1108263136746182
0.08797080562368588	0.07724099406623007	0.10519045274357691	0.04401241419108924	0.06663413945947022
0.04669794700826992	0.07600142414205306	0.061875252252861876	0.055054726630316825	0.06290929640408732
0.1062244217869665	0.07375686616865057	0.08016866900758178	0.08182481414959351	0.10393903363097537
0.050523729571423495	0.0766942525545349	0.08072703600065186	0.08484324301305157	0.0575593675541873
0.05485019619742448	0.05226105721575933	0.03700778058241417	0.07468796701041486	0.06872935660660368
0.03911768057904052	0.09646211508729809	0.033625094536370345	0.03614916229701074	0.05687572055404903
0.03665534871903442	0.09360934421024875	0.05040809938373029	0.05293603305947168	0.08224150504059399
0.043150109682895586	0.06371093164068965	0.06684917332041874	0.07626432713219224	0.015475030372393327
-0.013205717484484875	0.025294051650605033	0.06603247159510621	0.08595955123847052	0.06927917976684628
0.04704069542767177	0.032335658382226365	0.013997214624238112	0.0952386449506414	0.03409215164026685
0.045891320774233774	0.07329532947480297	0.04769196516281021	0.027801216845433827	0.08223263004234206
0.007871598495598053	0.04021748719658289	0.050669862323998074	0.033439139355167936	0.07487861920077624
0.07057945272525971	0.057144263954627586	0.044621595835772423	0.038606124321442	0.03446627703755154
0.09244065171288433	0.05654095768999975	0.0338588156593521	0.06832021360007327	0.06480525548362247
0.06264338761879903	0.02121501969529835	0.09202894641170804	0.0826591724950294	0.08127247011594367
0.06115477795828357	0.008897962802587098	0.03938490725669433	0.026741600232983696	0.020849999475354347
0.05962008644548738	0.03810545518935288	0.02932888334092657	0.04654411054476628	0.05095521174995365
0.08657471593475538	0.009809689202523534	0.03641047834998394	0.04234648644133817	0.055524300067298936
0.0943945651274867	0.03995993212024597	0.08622004741735957	0.03413140554297726	0.09554290146008694
0.06305886061673723	0.05653672879429164	0.05613388383283315	0.04399703263797324	0.039770667059864026
0.05741582165697245	0.02651356625903358	0.05058919674348993	0.005402200713457553	0.026412814893199944
0.0434714750546269	0.06276383773442065	0.05680598519128743	0.04071968245048879	0.031838650752825395
0.05476069580018441	0.0573393808005249	0.037342971117504294	0.028758780735726183	0.014831819836369081
0.0158993995550757	0.0009982377015057935	0.05075819965363833	0.07202417537023198	0.03185557709706645
0.08077707510811369	0.033860824228240494	0.07806207427043167	0.016871271082917555	0.030383673735548702
0.04795562594305112	0.023643127102857184	0.05499797989150584	-0.0017526248260129008	0.02173217954864051
-0.0014104047633792804	0.008724245648090297	0.01711964185948843	0.03595268508727808	0.06095590793513976
0.03197915714745909	0.06834087240777365	0.0038810685165815246	0.06015260221669684	0.0298088502654407
-0.0019062789521205438	0.008583683917314181	0.04546414636242308	0.04945060912843908	0.021897740416662426
0.023042790834134595	0.03754011618284997	0.025263867480425143	0.010589036010360618	0.02940081386509323
0.032364116851223854	0.05134557312537147	0.02515154318614625	0.06685368166004964	0.06668535414904068
-0.008852769071554752	0.035277202794316134	0.020714743481781643	0.03615832780579008	0.05072945655882437
0.048683011224553104	0.05540372089923856	0.025332699752193332	0.026596794856215914	0.03357873747906223
0.04348148342319736	0.006285820146356911	0.0249057757556771	0.012347597708976437	0.0223482018805599
0.0002959238641002458	0.06887694089193928	0.049773741994565676	0.04973715617422379	0.026307942853139726
0.03086293000470696	0.01890283679284051	0.024273982916101423	0.04034392562730845	0.034902633801560244
0.02407672357390635	0.019331595035750524	0.06215911688260313	0.02990120487555059	0.035068259258365805
0.008647763930821332	0.02832583859200428	0.02249650072075329	0.01607294486158985	0.05858242676264198
0.05774072041307985	-0.006976301952341944	0.037319918578663853	0.0478798844701142	0.06175326792228734
0.049432856136706976	0.020228271851422674	0.07689836536234325	0.041582211377974534	0.06875967133079305
0.057524006355832304	0.024560031158846522	0.021865137592569115	0.035589010662856545	0.06785024213698793
0.03608678081900273	0.06437500304806197	0.019563325864025816	0.020925096391251816	0.04790929025050678
0.05767402186960845	0.057011823302857145	0.027183097758122658	0.05472969663089925	0.035695550717971744
0.04392929064548852	-0.002908516444454472	-0.005066715771153955	0.03674974043698008	0.05402007905333074
0.02152617554543371	0.03306755775770916	0.03818415450884674	0.03539059731699195	-0.0009749131352697823
0.06193265179369235	-0.0011376710489177937	0.06980085043814883	0.06603687357901653	0.02740859075381167
0.0698386778865135	0.04468036816918445	0.030292758541117144	0.056297079857502784	0.0581116234047875
0.01855231198839022	0.09376967678356464	0.0398270909702314	0.036689447572890777	0.01095227388423198
0.04698174603507675	0.026721816746455306	0.07516185433039782	0.021524804889314717	-0.011363162961050725
0.02485037144771292	0.004771658881545603	-0.0035305765609967878	0.0477485303929091	0.04880328876008341
0.03538375144189199	-0.020913418680241866	0.05505457625574748	0.009524328042264201	0.06918005203416903
0.001978330838719432	0.03282805492572234	0.08211428842226684	0.04445995516889629	0.024779639869265877
0.02486424186210052	0.024062047962587724	0.033029293739967616	0.03241221276970209	0.035505044360473546
0.04417714758640544	0.020655759242976517	0.008426363304712454	0.04016112904665485	0.03154335544527878
0.03830297084890332	0.03447401616933249	0.013638804454153858	0.024071024460502532	0.03160413055175081
0.056278734045371065	0.05908742603660663	0.06493078098534912	0.04107873094179148	0.0077535663854290966
0.005307537124847151	0.06827134872653151	0.047722558632767975	0.005357962689042019	0.0231343515218702
0.05457162324474987	0.009860719885663926	0.04132731526099627	0.031386256634939456	0.030749086421476016
0.041116690978192205	0.05908083831435208	0.03739877645031525	0.016331637174665188	0.06666181393205863
-0.0006258600501515979	0.03167929548356583	0.0262206750123389	0.025148504833842625	0.0522509405100683
0.0435833181747722	0.00711283719088919	0.0781835776271127	0.0487127916655379	-0.0053836041843598175
0.04208741654568445	0.044707331444628684	0.0466745462822652	0.028684624918546626	0.031919254962292636
0.02906236276464351	0.018760189746019798	0.050547369077087734	0.033576064457671514	0.048752833630049376
0.036247525244225386	0.03897722731385917	0.05111649000116901	0.043053249467941576	0.007239416690691886
0.025209286840144514	0.03045500827306458	0.055335090593270686	0.03457905746742757	-0.013996975204149656
0.0553507078039311	0.040623718127995666	0.057719919458690074	0.04623163129598412	0.007110018945174965
0.041309682056647194	0.029300870227345673	-0.005943108586009436	0.03205561876431852	0.006553946255525804
0.052468163965049004	0.02942360574925292	0.03284737835107724	0.02226634092866459	0.08013289462285211
0.06275387287148863	0.04520758748860611	0.014791121419288044	0.04821297381279685	0.01724002489334881
0.07163821705729395	0.005304663628818396	0.029293680379790177	0.06925404282682071	-0.023953333225552875
0.007379555846673104	0.024594782074210186	0.06076217792048415	0.00611280784612493	0.055234444059165964
0.0026077380460089172	0.046451320033734256	0.020763376646528296	0.015133690539169827	0.024654660446873533
0.01644531371837138	0.04926866980943679	0.03398375908746066	0.020725367106135817	0.012750907877927025
0.05581156222857039	0.013994658461844962	0.028005702855204446	0.03830941759191809	0.03463826008427785
0.01059655141448505	0.022966899782255405	0.03437705189617219	0.01249208223636102	0.05435981168933791
0.07164554178695463	0.051882844975536156	0.06505422774361899	0.01825721401202243	0.04005075397577479
0.039850297122896075	0.019499936528679172	0.03245639202060696	0.027327978545140977	0.06896224250740399
0.01673882538896041	0.0426252120145095	0.029866827611729437	0.0395168306343933	0.0031838466411282223
0.05060621073683561	-0.006333789612957017	0.005220179681131863	0.022220375061577063	0.0012041422601371567
0.07056712451258591	0.045502290563319885	0.03962232690534839	-0.01605247645300093	0.03590452842596132
0.04700401322442104	0.020345140071998866	0.05139559322482732	0.010727648648035541	0.03978729577732476
0.007591587156609682	0.010326756791480892	0.03371972362643922	0.017016209378401547	0.006958041876024298
0.03752920459637833	0.06908882683959194	0.017210288794968644	0.03595239486909174	0.07392734033627456
0.05787219283421351	0.035785494839863194	0.05447702551023559	0.021166017474375035	0.010412557126983902
0.04502030283412321	0.07981114359248828	0.0440617892159163	0.005008263641514826	0.01043656269110681
0.03948046972415917	0.0538197069612118	0.010129988828767493	0.04044069727678617	-0.0048066536291193705
0.030306980207446595	0.05552038969933491	0.06450138570769476	0.017088770091377745	0.06261333513537685
0.05598079716443345	0.021591773052666463	0.03525461484049706	0.039054415122212804	0.0338561816791037
-0.0059765594775853794	-0.011094413060748116	0.015862363116223414	0.0011167237991891584	-0.0009879264991116865
0.04171530780860394	0.0568529388444844	-0.004471212697861679	0.05458504238635756	0.05521048555817734
0.04111565886890547	0.08050614576656727	-0.003736255297912849	0.060510580901719346	0.02296731089408461
0.05259820942100446	-0.0034614757424918565	0.03280656614558525	0.042214069238205	0.03618540460948053
0.04874842181040103	0.08966007580329413	0.04657476898102057	0.02365351182262174	0.02330461117171147
0.0705597577705197	0.034762910057816114	0.05289799884348915	0.011394488169586854	0.059746803894403656
0.044684735395735746	0.05528562599191827	0.015282730319200598	0.048982732084244716	0.0221337621385351
0.011627887467588645	0.03270683884887604	0.025186031495581122	0.05578253125010949	0.06854265095255847
0.021344321244417343	0.0582133424697741	0.0399144636609401	0.07325531656939346	0.02156193384475388
0.035025932396472115	0.04160702591946901	0.034139989207734464	0.04274859530721513	0.03398644721659076
0.04582253930258716	0.05057946365691091	0.05116552653715008	0.060329174199866664	0.049472638812382785
0.0273437636153892	0.09870072142683625	0.037516829945091076	0.05474635602836767	0.07262922579905884
0.015953874042258495	0.058261084415119194	0.00033328577804418984	0.05047350024450864	0.07180402429633634
0.016128085081698638	0.031609561543066836	0.06830948676539982	0.10250964653480271	0.010887244894753102
0.06873675645172941	0.05267795310535482	0.022042909187920554	0.06387591861403236	0.04394828692716591
0.048093470577571004	0.05913137086073253	0.04833395570656024	0.035827440518487796	0.0531984146886542
0.05480067070653422	0.05971368812778758	0.04796273079867763	0.010739715203562948	0.030961022152537713
0.06342654787896797	0.048776920047196755	0.01429989151822655	0.09505327412939923	0.04088969339039673
0.061092631190884865	0.04734331164513166	0.06597537805212976	0.07018733648077659	0.08804170795297606
0.06295374411758367	0.055761293765521816	0.03735259371709272	0.029808758294793628	0.05538250103618466
0.03743722832386237	0.08885618189083687	0.05158622857456729	0.06424958697931019	0.07743698503068722
0.06773854412242897	0.045586640240697175	0.06414270406813047	0.06236308456501298	0.03613006691630454
0.021858718333034613	0.029149919667955698	0.02617493020872298	0.02676807756329652	0.06886040215013169
0.06100409821610847	0.03462048873280352	0.06488084113739202	0.1021733653448502	0.059677777352973194
0.0696530945763063	0.064304906104421	0.038312736438442116	0.06430953999083869	0.026935279740128288
0.010458948890776403	0.03610800382720815	0.05174688273334407	0.04167453845218673	0.012384852327540665
0.05804355744935095	0.04408312587003117	0.04471014834097626	0.057848739713029854	0.01769213890672822
0.030776689520341936	0.003586661170307321	0.08334474081681653	0.028939677355759467	0.06493113468156143
0.07348329741105705	0.029465961012092767	0.07687972847857986	0.03923719998906055	0.032007505507621
0.041399176160043294	0.07129590120447217	0.07861261730399736	0.10095602209127079	0.03154178215352696
0.041934230544815196	0.062309166335828864	0.055979912227504924	0.057338754094280533	0.06155647385413541
0.027275390333473967	0.08123060299534095	0.054031434843485986	0.03406156074018168	0.05688070119622234
0.04525636535207752	0.044684325014934814	-0.009246018747145531	0.05360067310744889	0.05217341513475089
0.044785409757596366	0.07600262357580279	0.022397368531295647	0.06496193622925914	0.05701885628850875
0.05190184026875322	0.05493772355304058	0.03804154569873857	0.060780728970742964	0.07120619288376985
0.07239126014004764	0.03353990215929545	0.035533615542000976	0.044354063168808036	0.046481363804724
0.003749271893488752	0.06171437272842649	0.041299922376241235	0.05073841846892289	0.03895954464352926
0.027686663795643326	0.06196360274935134	0.05114187092338669	0.043013732356992206	0.03251693996398592
0.07910059102744287	0.04832364901765083	0.07517287428376243	0.09666859175030265	0.04062325955509072
0.029058917588836237	0.05210107909809086	0.07366247297187137	0.0529354497396822	0.0652706983026136
0.0546724178461149	0.07087104832913085	0.03510549796540442	0.06676551712970542	0.0852972838406217
0.0669984413082882	0.04745942097676099	0.08151033143062716	0.06358612994357732	0.03653520484209124
0.06752699548584427	0.07863175931162705	0.0865148400764726	0.06464291060961501	0.0341252964477294
0.0574512474306287	0.056746793237560614	0.07355673289040142	0.06047728136661153	0.0547610551959579
0.07274843381623945	0.059128697011254866	0.04430221772272008	0.0557660720218319	0.04630144770386078
0.06074763902262803	0.06440158493596465	0.0478085458616239	0.06547834899122361	0.053796584460148344
0.06029350906423884	0.1023821636503486	0.05585871975654683	0.0760370903531844	0.05389708820363179
0.09001989424075348	0.06258013702077463	0.041230162765307145	0.04509927868238318	0.09214993152907092
0.05303755467827959	0.036402619307100814	0.13050098213093558	0.05290155134268149	0.05453616635504528
0.07091693639833188	0.047595402460583115	0.033489033468419596	0.08036639476282116	0.05562626125839518
0.054246936395781056	0.016019056580449595	0.05847747681880615	0.038734720797363405	0.08365799183281347
0.060186335717847046	0.09257269098281179	0.10849294899480762	0.08025266904311465	0.07087118691587635
0.06344293985782458	0.06356401450960333	0.04385369534890501	0.055570211840228034	0.059425646159585975
0.10149295728071242	0.032464099804213574	0.05387737024686618	0.07990937122278159	0.11255885541545635
0.06989819090528938	0.07914835114926501	0.06827200404849591	0.060320724348362914	0.061912747041075786
0.12351307292257999	0.04435852620458089	0.059790709230870896	0.07444981414510994	0.08483720070296
0.0867499353979355	0.07545771283017988	0.04971606885756297	0.05870603737087545	0.05528790246418047
0.06252570417082771	0.07419194673663654	0.06707879971906779	0.10198566462299344	0.10709269501673589
0.053493721730067535	0.047518604807300066	0.10825882592894154	0.0434869231020412	0.10042727443981017
0.08998456813886513	0.07276814539443736	0.067866993432139	0.05220143054067808	0.04256380624009621
0.0848411651049894	0.07940831889136539	0.08763626326612683	0.0847121270208213	0.12614864693020297
0.07716887011355018	0.06951123061877061	0.06811743295181928	0.042219114488435135	0.06973140198902203
0.06886749444152597	0.04357475254538746	0.06736259382904766	0.056278094600073734	0.052297750445208596
0.06533998041583058	0.06023372676563224	0.06264791610569817	0.08654533297102882	0.08918185742219124
0.07060374060305838	0.0590895502752156	0.07391650790064279	0.05779480928101888	0.06704601997088361
0.053514937355953134	0.07558800363034657	0.07404574047603193	0.068433800527102	0.0790761270971208
0.06350121984751328	0.05567858061259034	0.08273755151944404	0.10008441727117229	0.07462336477030528
0.06523684269459813	0.10596508376063986	0.08631841893047841	0.12339695237448685	0.08612200968505072
0.0656202395413559	0.11277958689418698	0.08984458877893453	0.05957132235477276	0.10213388141922289
0.05470004928204469	0.09300273207358384	0.11740263974024231	0.0851311101349469	0.050412032765072674
0.1074128192209504	0.06547073761806181	0.0841436286077016	0.10100635083490601	0.0867347446769016
0.0814494495593777	0.08817371700150858	0.10399286047393679	0.043831011217298606	0.1073984079354328
0.09845748456306018	0.07521745813106245	0.09972415254493551	0.10071695099262797	0.07672138179066541
0.0884128789535709	0.07454134652153813	0.07190500801845316	0.09847068304407226	0.07359188549685172
0.10215757433459106	0.09431954870661431	0.07980164569333906	0.10377093307346902	0.10249031655940959
0.08949757440547798	0.11579713652460216	0.09150165733247015	0.07008001143496574	0.08844763570174789
0.09455798210698452	0.12024004226333956	0.09303265240637842	0.08997658195846514	0.0889855915533056
0.08188786490523753	0.066026722318659	0.11167409487907053	0.09939516391384381	0.11319074356395192
0.10478183067019861	0.1033234313221443	0.12136224983006948	0.13341722326376468	0.09617730988969218
0.09868906209065062	0.12202656776278284	0.08759683551646137	0.10679852526681334	0.12045170520376249
0.12859477349561924	0.07925709062798356	0.11972155435259584	0.12381448621526742	0.1240132381575229
0.1313326415191882	0.12247158997032236	0.10869580018436559	0.14378697790530146	0.09249322207478763
0.10802796552086007	0.10787731720261189	0.08522349716953108	0.11292792148654258	0.10778836444161514
0.11253686794006945	0.15019107802297602	0.09778635456195578	0.06947018944621719	0.06976261528295065
0.09556875816188644	0.08831474982706597	0.09548566502095379	0.10248227346139732	0.10838669908322172
0.0960337421338946	0.0947664406181331	0.11085061300922887	0.0956836113006387	0.10478348143053837
0.09522300724970777	0.10079271557409358	0.07555233585859687	0.12520653656766842	0.11221904320641736
0.131141777946784	0.1262999936306874	0.11188196179684964	0.141860986984596	0.10857941812208964
0.13843108286704148	0.16972245083610576	0.13945799353474736	0.11733581705841127	0.1335895560282119
0.12011649592479079	0.12939380649014964	0.09952096682163673	0.10202104286525061	0.14429075345856585
0.16502975647650195	0.07012227926240115	0.13547224460927892	0.10178305374295106	0.10129864174581857
0.16979447335838674	0.10932992077615156	0.10910833593302284	0.09555491521640808	0.11105365021526004
0.15352817686867182	0.15372687877327293	0.15466320626797178	0.0991368352272447	0.11406727237611472
0.13337026103256105	0.09483193347436003	0.12098879475163347	0.12332882236617368	0.0658318226806457
0.11169602688732888	0.10678760341644795	0.11812568411865099	0.11991718021058773	0.15403725946881147
0.13919441466458285	0.14573913877175465	0.13751819233999854	0.10787441946841142	0.1455208556163234
0.11542459348575104	0.1475433099162571	0.13177254325521415	0.14167500370522654	0.1752273274220673
0.15440392084832952	0.11611742419137633	0.11112813776188349	0.10383060221816943	0.12543943163081886
0.1395458469316178	0.11515643972930953	0.12262388850481437	0.1316419168058222	0.13735350905020235
0.12969275735384142	0.11215687195070394	0.15647593749865	0.17708986744815017	0.167084269449199
0.15850785748142393	0.17598772871288165	0.17970320924572084	0.17968756942305372	0.1409110602357225
0.15116591282644382	0.16280902387271123	0.18977805040143905	0.1522301719267648	0.1304212766427769
0.18541260867214568	0.160850862398401	0.1247174878444201	0.1258754696332116	0.13367418404712922
0.1415234361572369	0.17975062190045715	0.16417003719376375	0.14058984435403626	0.14595800801037087
0.20096281756044426	0.13779873616607805	0.13704170169808627	0.16590286733226034	0.20927178040754918
0.173355514808183	0.1853581234446652	0.11104422961009758	0.1424841063486518	0.14011961133126435
0.1626220734411511	0.15973823264982834	0.14664424489525202	0.18678023393498336	0.1956230243387259
0.15308538279261213	0.21891994792809363	0.17969981076109917	0.16329303066842762	0.18672305954604737
0.18110773430907035	0.19066380499366947	0.14008110487376074	0.1784428611306058	0.133965848978994
0.13993271548278183	0.19663043988243556	0.19293715239120593	0.13944951561491445	0.16406230179121864
0.17110045679127625	0.18648359537994796	0.19666847377675153	0.13834900583618404	0.13653273905569335
0.1897504281152023	0.18158791703514235	0.18476356659091656	0.18681441672363117	0.20755429318705337
0.17081222969218735	0.15131172435393656	0.1957790464059437	0.16677310804354145	0.19376641722206897
0.21630292027468515	0.19717735548274784	0.18860401044770678	0.1437494561289459	0.19071195800174537
0.20209643012960676	0.20350193994212679	0.16240914311975568	0.20056003476355777	0.17483117528503506
0.20106479905425081	0.1795563637917799	0.16818211419158077	0.19717873767311883	0.2228405429371851
0.19599636350548105	0.18030473267875902	0.19679058620019768	0.19349636274568666	0.18981118571261285
0.18845057456518932	0.21010240595985993	0.23239822757592146	0.2337354955356702	0.2370807709111395
0.2513752756188275	0.23066448452387278	0.2203516583442513	0.2210736204744314	0.24604614420076623
0.2208152265002226	0.22924658792000568	0.2335990264025496	0.23182717335963843	0.26625317535678333
0.2597881909155921	0.1875886753146615	0.20761177343486537	0.26247180121349656	0.2730749207211932
0.2235353312475754	0.19882468386316793	0.183797530154222	0.2547803872114869	0.2316589079680995
0.2598325860771231	0.27733913022571627	0.24406933212429618	0.2151625784145676	0.2648259615604397
0.24921156966025348	0.28047199427325614	0.2691577695199868	0.2812912198459537	0.2663132266456098
0.2858190134490412	0.2272773686429531	0.2324007613682113	0.2090139002411894	0.283560859232662
0.246427452957479	0.266299145047209	0.24868664069027557	0.28463234605955184	0.2903307472730081
0.2314811006557634	0.2737408795216664	0.236499295532524	0.251935169815093	0.260162485298784
0.27919876612144034	0.2968777906187427	0.26143699799206793	0.29501712508237204	0.28106754154163605
0.2829495624946827	0.2844985468012859	0.2852302726000098	0.27528372722272826	0.25387646486040816
0.2826302678631615	0.2413140752712024	0.2783967837137142	0.32720842870134104	0.27590275635446687
0.30227294277501626	0.2957147681885723	0.2854580083659065	0.2531864868223212	0.2787048293973207
0.2835358717581031	0.3026696308222649	0.3355702073908479	0.3025697629204567	0.28125797486517523
0.3236787840906331	0.32304852742510703	0.32441391907354755	0.3038894927713837	0.3253887111123822
0.3381801384289197	0.298692978452868	0.2890828581406975	0.3581532346844613	0.33146770944914755
0.3450496500238576	0.30238472321809035	0.32352914179727366	0.3176338318331902	0.3706049086582916
0.313288021304619	0.31593622475918964	0.3414163032692457	0.3308373667114094	0.3416990045833815
0.325903019419224	0.3878265427384879	0.33009780561501495	0.3566664231798439	0.3859845642051027
0.3845315080553986	0.35964094376653505	0.33152037148353847	0.36939362749225646	0.38463308905009214
0.38632968348671193	0.3907012872925484	0.3716076908856888	0.39131708414716937	0.37648345122419635
0.39907933829671005	0.4090541785187775	0.44126982774419193	0.405071071577719	0.39155103894959387
0.3987476653224054	0.4336795013382446	0.3903293491586333	0.3996442007023701	0.4178268540516971
0.37698428837617964	0.410916998820568	0.41436890283484806	0.4101935896133377	0.4360657009799769
0.4108384913455892	0.4098504340347314	0.44730805756044023	0.4410144036260177	0.43699231218292445
0.4699197870617309	0.41308080916134754	0.401073577264298	0.4742404253957183	0.4542479002361508
0.4795080314876752	0.4482872901749932	0.48932499946905683	0.43613197792504854	0.4704149447332386
0.47582588863123043	0.45765724000965796	0.4909793576512662	0.5063663895532425	0.4716082616198786
0.5030134495250731	0.534810953274695	0.4920549167046436	0.4895002932711962	0.5339209930226124
0.5302488660228718	0.5141349663772824	0.47138713772818785	0.5612028445476672	0.5095831605890518
0.5169605775303334	0.5217287252448765	0.5623829284175007	0.58685615535858	0.5803011415371797
0.5805295604505155	0.5514153620512391	0.5639328418317514	0.5591583658883369	0.5701345321733005
0.5583596482081753	0.5535549215497625	0.5911601429707678	0.5850087773652224	0.6020883087657356
0.618856223693271	0.5848740053269644	0.6315120968609828	0.6088537460048767	0.6498948569017865
0.6541599770336304	0.6285209683402138	0.6621393708057967	0.6121152619788177	0.6459862289284072
0.6602289339628759	0.7038316285115146	0.6668050106404576	0.6898208980266186	0.6509993454084434
0.6782190302215866	0.6898278044863959	0.6779591355588186	0.7046237112711204	0.6970728720403445
0.7049436277211866	0.6999230941926361	0.7171346461479782	0.7503422198113	0.746549595898048
0.7336162139536462	0.7616551749659894	0.7733552851373119	0.757551668252758	0.7655132112499832
0.7517871838680203	0.812742081707237	0.7660689112067294	0.8217794640330021	0.8012238020139161
0.7828190492630026	0.7846458862463757	0.8581111832758597	0.8315098546153615	0.8574344564619872
0.8577718731059287	0.8852724833614832	0.8926784994933673	0.8967969809863952	0.8885407095166576
0.9031345985182724	0.879771375463812	0.8963368917967885	0.9261237530724362	0.9131589454721833
0.913563303278728	0.953825188726244	0.9472150693907866	0.9997677344963144	0.9400845518463951
0.9690419520423752	1.0244134957617408	1.0244105372596015	1.0061320856256435	1.0325127212315655
1.0055987719449258	1.0488994531356188	1.0697876396338115	1.0752073493525187	1.0756626818302475
1.0628249119363555	1.103142637015922	1.0975507117678516	1.1094026495688822	1.1248738776037197
1.1848695747885858	1.150769887630257	1.1719825053901678	1.1626316999815856	1.1634801152159795
1.2339767659864669	1.2017785246206754	1.252040079706161	1.251096483336446	1.243785643373987
1.2530052016436835	1.3015584843816905	1.3000895188076196	1.3035578867190893	1.3282099289014082
1.3759614159480633	1.3526858930999304	1.382186901621208	1.3498410292736058	1.3698467119288604
1.4430462380380031	1.3973961052206527	1.4330307014126213	1.4462238528939995	1.506099753884413
1.4625234168013863	1.5339760410174734	1.526698562534097	1.5367708244451856	1.5582819722533952
1.5792157646877065	1.5823853251830602	1.615176450121855	1.6481054913839828	1.6820542252696964
1.695021790630736	1.6995167067389896	1.6857508109251056	1.719814889367455	1.7692903401964586
1.8004410474817856	1.8144934777967683	1.841169864860345	1.8420085640621537	1.8586805624493243
1.9316841067623005	1.8878896012764759	1.9917476710675515	1.950826861583332	2.0210618821890654
2.013275906484855	2.076263312640559	2.053469478762654	2.0708402601915967	2.1266758962079173
2.1444451802774216	2.171385307175829	2.202389557184417	2.231687239890653	2.2313535749726565
2.285441239216857	2.296496572873973	2.3455702039789745	2.359015576251982	2.3661698578296946
2.430276050775294	2.4359711035543627	2.475271606215531	2.5295197352968826	2.5702241117605826
2.58939534911631	2.6324157864020217	2.642710888797282	2.682077747498389	2.687293105487085
2.729233006838217	2.7868023668154636	2.79303554548528	2.894542466707167	2.844412490311119
2.943399043500173	3.0041390004759494	2.994589869954347	3.04258396741843	3.088496346548757
3.1350143100550674	3.142595327012883	3.200699164489866	3.1975946775758004	3.2175579878264924
3.299288133061252	3.3282052472244255	3.387407105492466	3.4522220609476464	3.4661546475892866
3.4825892707486776	3.5600021567711875	3.5819089389323517	3.596516050727895	3.6706052721685207
3.715172080404842	3.699985814990783	3.7776241808666238	3.7890658593050546	3.882089397499753
3.897692066869437	3.9754186575586314	4.006850193877113	4.069083294620666	4.072002148247207
4.111758002327313	4.135860607141283	4.211525184364785	4.268672133477275	4.295758334805741
4.300714178750776	4.314383944833494	4.3796044273589505	4.430457604423466	4.46418498133088
4.492892363178074	4.532543016637745	4.598647164160091	4.631649024376266	4.6533950410391824
4.670676022313687	4.683528694653912	4.740378251877232	4.769095093462774	4.810139580635545
4.8471233337082715	4.832451822378456	4.858055185816265	4.922196268649458	4.966546503859514
4.951612464706881	4.9729954095157725	4.985263645332849	4.976892258975063	5.084622466124029
5.057434487517474	5.0675777551106576	5.034176077975111	5.09249329510323	5.094151356844163
5.088433329859079	5.12869547216085	5.099315213019141	5.078962478945324	5.081643538274653
5.111653437605537	5.112231338485507	5.113412089576193	5.088659428131342	5.121016665155053
5.101460620422785	5.090482406988877	5.054331945682425	5.049684141186351	5.046157210259452
5.032130598587047	4.975717001667049	4.964935796883606	4.986471793666766	4.9128638544374255
4.9232064574416246	4.896967065969999	4.87320492231188	4.843379488280898	4.844637504906973
4.794032578786903	4.7841861361454425	4.724740248872841	4.687328522596802	4.658716497990583
4.641313379284236	4.614310347684361	4.605404337791903	4.535146255463877	4.507494516160402
4.419487316034869	4.4342691352646995	4.363535109897013	4.3306632999598245	4.325573527713954
4.246414943436015	4.192949257184205	4.178598874799478	4.120874510423662	4.134168184483911
4.045753442958929	4.013121417783387	3.970934731162998	3.9563134389617796	3.9116482443942058
3.815648388200612	3.7941383352416316	3.7561907175632374	3.727469230974043	3.680334341592845
3.6494685700679446	3.5742184104166266	3.5936478557521077	3.5084879300581675	3.444527700353687
3.4554344871573006	3.394758738898791	3.393047099131561	3.2807012982331045	3.2997556199546865
3.2516334948401457	3.205923330380131	3.1591451626851956	3.0938763747995948	3.1132432014437437
3.1031529216086056	3.030868835874956	2.975314576260158	2.9159575046349357	2.864446255924509
2.8343318873683514	2.822897473463397	2.7975880561793387	2.7240635581635115	2.703257658911993
2.6903495758220872	2.6960661858073056	2.6370513846193555	2.5703202801825134	2.5577221684632874
2.556918367379385	2.497166609055007	2.497370409513224	2.4335198261299347	2.442149203068034
2.3755999261190093	2.3732818962818603	2.33727545829681	2.2671348330344485	2.240677379606524
2.249663731835156	2.272195669861675	2.1705552306937523	2.1443224033652037	2.1015442702188833
2.090764909598712	2.087962826181411	2.0528969526492893	2.0406752181612977	1.9961808974305804
1.9954402098736916	1.9598511324721697	1.9295094876288086	1.955183419281488	1.8768923581857342
1.8201362880241432	1.859123336125418	1.7995806108809975	1.7946938187816097	1.7745781688128353
1.749112396526373	1.7118559641445088	1.7156868094275808	1.729698595964873	1.6419366490630385
1.6715807225407477	1.644030795693497	1.6155520685668892	1.5980105527186041	1.558054801383738
1.5468574517223235	1.579308045169975	1.5274006818729964	1.5193681885430232	1.4933396429237231
1.4602591459049838	1.5036536305790713	1.4066969496265016	1.416271521087332	1.405898899438828
1.4079689247291713	1.3894912592355126	1.398347308715655	1.3272970002411026	1.3189686123131528
1.302573574137988	1.279086139480988	1.2731647887936655	1.274427207250967	1.2306232385846354
1.255767337193174	1.2263628952591072	1.2300723703330745	1.1981361021823638	1.162169749043293
1.1559868209568285	1.1889936238531307	1.169705947934624	1.1358744799749851	1.113602762473458
1.109143028712411	1.1101085367685917	1.0403770023971466	1.1280011635762437	1.07562351682642
1.0680954513632634	1.0702214498507079	1.0465400583889244	1.057615135326358	1.0411839362586113
0.9904829126197854	1.020119327293907	0.973119424694037	0.9839303509821662	0.9941666771847038
0.9853691527680716	0.9703551390536204	0.9260796693619179	0.9090846927294199	0.9543150420107568
0.9218992478231057	0.8972052529727496	0.8807254920636103	0.862003981187913	0.8587948777008828
0.8918503144688927	0.8416141815558944	0.8600608934751993	0.8750314147240006	0.8552988737832637
0.8332223636827206	0.8445214447030677	0.8585411927818764	0.8135939004260714	0.7748160510813604
0.8112289609738603	0.8197922674510425	0.7765694015813482	0.7861032140821181	0.8005447213991478
0.7739744106679394	0.7410940984440657	0.7017293000212609	0.7702299462543977	0.7275578906013955
0.7550420769722289	0.6879800327385526	0.7172124444212359	0.7182846954346752	0.7236605642227987
0.6931013276268273	0.6640878420063285	0.6597729462360001	0.6513552284809655	0.7135210959916369
0.6682167509581668	0.6610201219141979	0.6639182676412225	0.6597405435487604	0.6669426146616152
0.6650196184210038	0.6419555876191558	0.6352807959168306	0.6075265447013101	0.6154764669763297
0.611395544824624	0.6128183120098183	0.6164262915558915	0.5991132437030396	0.5647193944250063
0.637951144628516	0.5971541239112147	0.5782148201909014	0.5828301792771693	0.5698260369228452
0.599080197537578	0.5687663358514524	0.5929258545280495	0.5348367783873139	0.48742340838211407
0.5316399457652858	0.5633824169919339	0.5226435550935401	0.5489555304445679	0.5225805497119046
0.5137272609385473	0.5249302534410394	0.49663622304197175	0.5136905261819931	0.5514699861552077
0.5219855251632094	0.49930771247954214	0.49867260475322683	0.491355264100943	0.49374944725995285
0.5028768404571209	0.45044045483966955	0.4814029663318161	0.49501905764356274	0.4599934656408578
0.4472868277820091	0.47809082040064615	0.44551956615477684	0.4603364957961146	0.43286100642431746
0.4444811897192443	0.44489988086496013	0.4681784707932226	0.41025034992607956	0.47406260470419975
0.448929315506155	0.443044126005443	0.45610323892712323	0.4196438751793695	0.4250559230002166
0.40512099866971846	0.4198809330022917	0.444703535346506	0.43857751997435396	0.4015157327027426
0.42060447671716095	0.4187389289996849	0.3782265885639526	0.3917809023784191	0.39248484440442366
0.3887200895444727	0.3915523207706972	0.3960289097513154	0.376972081391249	0.40169400030657315
0.3643724012443555	0.4125042603964208	0.3456763075625375	0.418442438287869	0.37056535480227026
0.3562740688396143	0.3882790235095778	0.3824109268271453	0.36950688242817487	0.3864341995707323
0.3438603522278124	0.36031677550901886	0.3262836778214579	0.40317354653651594	0.33674183155248516
0.36919769241799627	0.3799265372874206	0.34638978462969705	0.3694914643197961	0.35825194157935597
0.2891302674303586	0.3406019735304253	0.3274810544333268	0.33132818107037487	0.33681267953617866
0.3436024962000361	0.32677231501759446	0.34601250174086223	0.31802907087271265	0.2903837435814774
0.30133496246711733	0.2989462501658707	0.31205564470213043	0.30382505025228385	0.28592989717692685
0.3084560096698455	0.32370664616802725	0.30707687332775513	0.31566585999764457	0.2965741519015262
0.3145244901899746	0.31456776608753023	0.2787988149150937	0.3167020289821004	0.29584941693176703
0.3070829221202335	0.30055195770964876	0.2775703203550967	0.2872877974784992	0.266640524938418
0.25703455563216865	0.29281611885844616	0.30329004836100015	0.2629076315753195	0.24263707092006057
0.2575293214118509	0.30958679380356807	0.2664574056939212	0.23687182299891335	0.2911421414760381
0.24983429686737063	0.24441597441342056	0.26469843408536725	0.2378185673154708	0.26125673008554734
0.24873569226541692	0.2920986481134517	0.23954398322323014	0.2224421749305738	0.28280553073709075
0.2768132920950287	0.24285943339789104	0.2495461682239742	0.23866986430002332	0.23601283818252114
0.2524133844541984	0.23207248711440004	0.23887133019293488	0.28931276869799905	0.23761774532761148
0.2071614517061573	0.21689973692017359	0.21973093095996632	0.21057638091775774	0.24596622835996096
0.21964085460521574	0.21176525069487429	0.2609663525978498	0.19230899514774752	0.24793077410922043
0.2241666273955677	0.2430381279875341	0.22157084487051842	0.21684436587338288	0.27080272020739327
0.21104300619753424	0.23601893144872257	0.21172394439407322	0.19303546209278624	0.19031421537009963
0.19786206783292937	0.2333374035335556	0.2330082619745418	0.21517408118494627	0.2351920381679833
0.19150812494977829	0.18748511430378836	0.20859144635595206	0.19760143833055718	0.21558220770550243
0.23620574881665918	0.2018170807560335	0.22231102179945117	0.23278593265892197	0.18106133596993618
0.22176826091165366	0.1855732888532428	0.21906943835562998	0.21492285544717937	0.18696455016449504
0.1640838521811333	0.21760052591585338	0.17804530742489158	0.2514670517172343	0.20704578509250715
0.2237464651292164	0.20076839204844885	0.22828764808963806	0.22243980044598632	0.21774846203308804
0.21262059835708233	0.1537485510932311	0.1837195613482145	0.18479382204489575	0.20843524028360583
0.18344978313710827	0.17791872886897334	0.14301119625365713	0.133739623040676	0.1907837646204804
0.1970184434813034	0.15995351380085357	0.19562949842713143	0.18265121621723987	0.15552153740867375
0.18130746587540378	0.2029927268075735	0.1844953968352578	0.1598025010032172	0.14944480410262898
0.11940920514451286	0.15253506323938487	0.19412554240269714	0.15235128578002102	0.19696634342575065
0.1651542921048598	0.1279704105119211	0.15041726296927146	0.21956167803124324	0.19231570088199032
0.13458430015316608	0.1474916575192125	0.18371153087865985	0.15102708783090446	0.1718693358615916
0.18451645654480828	0.14140788481617309	0.18280536725013155	0.1228629333187481	0.1840826626130739
0.14993421179052666	0.14734131907943906	0.13630749451158894	0.15424260617402707	0.16300638717789573
0.16459928419323472	0.15140775865668513	0.1350619138211619	0.14373565976123792	0.16065679739796296
0.15530958987871285	0.16539941573702324	0.14970957590056314	0.17279207074591224	0.11850905350323088
0.1265974084249426	0.11999996653971434	0.18166476461959993	0.1381074547303216	0.1993002825704452
0.17411803930197728	0.14977870289650513	0.13166986541842587	0.164176537081872	0.14739955818568495
0.1295422352657917	0.15603249858242155	0.14356352383011914	0.1120749168005915	0.17807203582809417
0.17308969509741776	0.0982832306006077	0.14105264916451657	0.14643720458724752	0.13733413173140724
0.12049593178657132	0.1310368045303213	0.11983264772058629	0.14622065040768278	0.16318371474430735
0.09660667788847652	0.13672013612691045	0.09767589387916653	0.09474823646349155	0.145600670926032
0.13186919686487208	0.1193278457808604	0.1200038660805564	0.14929300574426319	0.08851405831806612
0.12348064469474046	0.1506597318920521	0.08331698453142154	0.094973105012431	0.14550276754072938
0.09541667533623976	0.0909250476467703	0.11658191224973151	0.10444928295345512	0.10936606964797468
0.10728284256645851	0.13145374291868894	0.12094108842908083	0.1513054309569587	0.07928943383452439
0.11842776384409186	0.09831979070693242	0.13886792166840772	0.09734068863748944	0.09598101800306233
0.12247209293300787	0.0827156441727199	0.14760454124323996	0.12493720787886822	0.10338031455142317
0.1103412611873897	0.1371060978578591	0.08891045982258933	0.08976485728124074	0.13969898355491503
0.11778251124448336	0.12631724090175273	0.11498720525401582	0.11144197941212715	0.16844519769932406
0.13955569142034155	0.12244858203748929	0.15214145476892055	0.12217607173568884	0.09228904025007663
0.13144455006290887	0.1247679615474388	0.11701233132394165	0.12855583916752955	0.12023732476529939
0.12160484296944857	0.08751790762955577	0.09072076009046073	0.1521220639569319	0.09064838826468267
0.11585997397576007	0.0797847233323122	0.10261676753097256	0.11363189380692615	0.08498355851153083
0.09977336701697208	0.12905687302483038	0.13872922163476542	0.10341377165149447	0.08771271412219174
0.0945451360912304	0.10073863608388306	0.0852885655837743	0.0973329676491491	0.0781502278449205
0.15970043108192944	0.0731328309736732	0.10996201793811892	0.10549490403798802	0.08773798781946297
0.1134563703944019	0.09986512934299542	0.09977511809107115	0.10010533863872961	0.08898369154628134
0.07797464212079477	0.11006558031140466	0.07534158738344676	0.1263542311813731	0.08373715664118925
0.09039598569487656	0.11266102640356757	0.09359301859834089	0.0718418879413009	0.07718846542913982
0.11749986148804634	0.1377260323051992	0.0984021350788993	0.11158821624297817	0.12840224076709295
0.07989998491269153	0.11392317592928186	0.11239887984816534	0.09922247224989694	0.08486451589964802
0.08073541749194334	0.06497071558755595	0.12737629309298412	0.11794227240956931	0.08373198302899536
0.08819905882366445	0.1297574899053713	0.11493688133160974	0.12289151332184521	0.08112979419936941
0.0852730398761813	0.06417353564556944	0.05867137182648248	0.10616147268815432	0.0878253347329865
0.09080705702734058	0.05667728017616851	0.11965698209591356	0.10091842367998788	0.06961279015413374
0.09553401159991048	0.1192315041616838	0.0837803984937728	0.08430571278915676	0.0705547116863123
0.08782012373897445	0.06340101803577276	0.08152693437465142	0.08973135433151282	0.07936086962615306
0.08951856343463271	0.08324073858752415	0.09055987089812295	0.07482837618690179	0.10178324370093293
0.0821177891450352	0.09167957932060983	0.09512419202124561	0.05805403933424355	0.05088737697607245
0.08413747359232197	0.08086476953599031	0.09213111749582378	0.08911322849641415	0.11916618452178557
0.061682381215526556	0.04500221914605034	0.054535202223545645	0.09704602690297502	0.034585355937386444
0.0679986935502742	0.04214227693584203	0.03089469253237933	0.08948206543121123	0.11296181526025117
0.08535444903979995	0.04776395974212136	0.0796952514618959	0.0669932691953502	0.10109678671509947
0.06129445882633177	0.040910936085073284	0.0506296231819233	0.05567464509714436	0.08972841416416333
0.08104377581220941	0.06690874799549174	0.03555363543900872	0.061767980742231846	0.10102333775950342
0.07792596136060641	0.06851451767938879	0.05249327850409472	0.06854961426315534	0.09449165092319266
0.047232652972371336	0.06842134314682327	0.031600662248550695	0.032682625037697234	0.043726068270073276
0.09584835157967035	0.10530767255746756	0.06021884593659022	0.07815627438998497	0.05831437680999853
0.037625730989321454	0.094090404133844	0.07908691093020798	0.05932493075536901	0.05718332585258715
0.06410333879213867	0.0796233808738974	0.061242410396350776	0.08467575410059751	0.07432835883729492
0.046652324842369204	0.0774287486455224	0.09170270602255666	0.03419856583295755	0.07694478877091386
0.06679900864369798	0.052749358767147314	0.10129282162234073	0.10940401044045621	0.019762490634693368
0.03169063683532085	0.08077089223077956	0.11097292068825775	0.0612403520029156	0.05751265206416032
0.02924638773295777	0.048911005941923366	0.0881706409882116	0.08021583321400325	0.06377142370991101
0.05287433177224284	0.0770601382266179	0.05740003835122659	0.06064215115204833	0.048780739439275425
0.05101731866507044	0.06973094283771149	0.04197932016794324	0.08924198975615918	0.07064446947051184
0.04954872878961707	0.03025864977779659	0.050140092548255175	0.07771200832630641	0.03653959769249347
0.06637270692796615	0.05286032978813981	0.10632007346141056	0.03823227213434159	0.07292081586989259
0.04872735378518158	0.05535726274473072	0.10506140451292995	0.05961024088136958	0.02814132430675865
0.07555495661199568	0.07678649155869717	0.10794893854068385	0.03304181464135643	0.060526188136433
0.07282964443933852	0.059377402643066964	0.0218156385252411	0.06917899107909711	0.048002433326903064
0.0768341843594729	0.06134784094631142	0.06899619225180388	0.05747136961004583	0.08017887372309483
0.060414502883732915	0.05984243550807517	0.05580151598405867	0.04234930836314005	0.042293354519190085
0.043268805411437454	0.05662216604905994	0.04164360410140051	0.04290084196363752	0.05011553314641713
0.08409409404266424	0.07764833658240715	0.03486682738590546	0.026604364676627752	0.06272661418000385
0.046291547050473364	0.05203604714374577	0.08768175828581302	0.07161953411247654	0.02591418348792011
0.03893007067977936	0.03594906511690828	0.06799692631968526	0.05712304308266524	0.049458244446026985
0.0833989761013787	0.06165202999230524	0.03324334900165015	0.053194888015617614	0.08437979831199553
0.02710022347009592	0.05376574640425906	0.06900265497729773	0.0719912268111599	0.074847572299073
0.040388607423343555	0.02094356820025537	0.0499744191360064	0.02827639649384864	0.03672635243757674
0.06440687469663292	0.04465472633454881	0.049922108139971756	0.05856213015165761	0.02666042680390785
0.07634944572379976	0.044569025600982505	0.04220589298600315	0.0736023515192429	0.06266475950951038
0.051331710316339985	0.06616999309859875	0.06966409246065973	0.07233808066443134	0.030615991151325697
0.040022510561294786	0.03434457385198425	0.05705194065641748	0.05799234391939215	0.03932159824074371
0.08441292522594443	0.00038516217370157795	0.07896826891772607	0.036783289321341915	0.08375060871726477
0.04808006421102623	0.057488655909517475	0.013853096864927432	0.08788455299174307	-0.0008584481908063667
0.019471224086474868	0.06543047864773124	0.030103501651632336	0.041574438871691516	0.047669858592723796
0.08151890322829053	0.04248914108221731	0.03780686830412227	0.05056882603331148	0.05052898065952023
0.02817185517900005	0.04445818545556188	0.048467862042925115	0.036788051674686545	0.059284465430524035
0.026472485862493428	0.06631211647953307	0.037384741876837796	0.017724740381681	0.0036811028211093614
0.03912558132842776	0.018194995966550713	0.06792262926040982	0.03309347897337649	0.06625640465595216
0.056458662442732746	0.04957860415847654	0.03589781414983546	0.048492296836367056	0.01611181315075496
0.04380050366410685	0.02217430333757898	0.04798423472008774	0.0389120954025	0.0432842545785885
0.061659648406236396	0.051622653777233386	0.06492699749459753	0.05088260436875127	0.033779716761025966
0.050941960946913195	0.04809386731694248	0.07094757570329756	0.03613600255908781	0.01702917943577693
0.034855186489874374	0.04053481337807851	0.08476935471668899	0.01547817085413593	0.07865811660589048
0.055079346483163205	0.0005118148823045144	0.018745717557512254	0.025599485633396615	0.07772683358905833
0.05224004769293559	0.033961150465649244	0.028123097326358412	0.028189108672730532	0.03618953559591913
0.04920632438527297	0.05748743080965323	0.00250331071533021	0.041540817804047565	0.00037458783442087876
0.03300314066518126	0.08412436159885137	0.005088688280027795	0.014460256579679686	0.022608173121668403
0.03946509186181791	0.03707389212941121	0.05418835815794649	0.00790881500300414	0.0427545871435853
0.026406769373915662	0.04604700178649625	0.02736747783243229	0.04893617214857713	0.05957668012606625
0.05510195997395996	0.004021678667063296	-0.004745986478682638	0.05149343865112879	0.00763129899949505
0.0681859922425805	0.02296514620429817	-0.014142053385876622	0.055479949348879294	0.03575653909418801
0.0196769035637829	0.059384535804384096	-0.013165051880884238	0.015967002182227314	0.02484512444375409
0.02267023798853417	0.030001224479022974	0.058106187093801276	0.05144098336122644	0.022125617671698003
0.01629980481492557	0.018062940070792816	0.06224398809630454	-0.014581466934285432	-0.018568571576532446
0.041279625316290945	0.03555718550995079	0.007155841958703243	0.031230682821801078	0.0497382542685493
0.030197201247452884	0.030563590121154352	0.042685936185733006	0.050773314151014916	0.08739761580483274
-0.011256491598047955	0.042695002419276276	0.01786617352242506	0.027613154369446884	0.035683521240911086
0.03634026748162791	0.05502127506274934	0.05734572748160838	0.06389522321745716	0.030814888992326733
0.025799804545505765	0.016949688574929993	0.02934525066701131	0.033909603374428145	0.04306592421681377
0.04675306723843976	0.04394980899237292	0.048080508457619374	0.03574343992646957	0.02189755903001653
0.04334167613548478	0.0695944457823974	0.017990470506964843	0.03317110141845452	0.04667932116122048
0.06678037176883916	0.013161046372282874	0.015495487974489764	0.02331196677231642	0.03908975341307854
0.037078064086070534	0.025405765985842207	0.057519528356002464	0.028116786722476573	0.02009581445050044
0.07778385693298236	0.011781514192988781	0.04413932679462572	0.039954052953807585	0.009372040578347358
0.008456176104849921	0.017317702829976928	0.071435190600971	0.06743806152488753	0.04212998240647581
0.0182110954914605	0.023456064744848387	0.02344484759314728	0.042056193183714834	0.033749434032627555
0.022292320887466282	0.005075291443070241	0.006052718553758721	0.013155467630572832	0.027792103179945016
-0.0007340003454450739	0.053640376400851106	0.07312721157926537	0.029403825951468482	0.02600917436521018
0.01139026416165069	-0.021002326783642528	0.0204873711675424	0.032665786318428244	0.03756192871205589
0.04397959972303202	0.04733441166437212	0.026804334625771708	0.04330620072768007	0.03900953341302883
0.022719690123060937	0.04521651055808243	0.0237160292669435	0.08497645027145967	0.0037325068986618437
0.037718215908497214	0.044625989771066264	0.009512690387491673	0.08677669664904833	0.05816041765798159
0.014254434905100281	0.030400639837601086	0.05512535199708969	0.07090169209871713	0.02225732615969369
-0.01168082725383486	0.034064732493654847	0.06280369186670749	0.028704886416439968	0.026707084725997948
0.00936436891387268	0.05110934520606228	0.04712252711953377	0.028738395288084737	0.03601307568662586
0.05135102448209895	0.08427277391397457	0.059994801754589135	0.007804041320464422	0.04354663132058045
0.051176038486669684	0.042278233805607274	0.04767488084164777	-0.0024768918022869263	0.014952125414541436
0.05484555172042294	0.04234554859513396	0.005516807294684539	0.0527621372035402	0.03899371061255547
0.013127900574023268	0.015713425582470332	-0.006048368699050418	0.02876337378293159	0.026821813654633132
0.020287826374751475	0.03017618309991374	0.02744802598895712	0.04682662493791739	0.00942632927817991
0.0763696591095929	0.031344111456354073	0.02812389970029009	0.02754760200440417	0.05019495176333052
0.04028160555351177	-0.004233272463416679	0.011999033845885755	0.020986387766834175	0.06086731612658197
0.0289067936511455	0.015161276889898712	0.003014443468533611	0.05517474905836717	0.00720857490067064
0.060365415160328874	0.03581426043870445	0.030568204689216023	0.04439924103792492	0.019141915193881223
0.042291082966675386	0.06554991986583285	0.004775202766338415	0.07084320404605104	0.007325592360310732
0.040718010848414865	0.008257998986979183	0.008100936288440393	0.06267574933207029	0.0407336633592879
0.04034846775050787	-0.0015118714068759077	0.017004618246186737	0.0447863818770746	0.016256038197035416
0.024924154482628063	0.016002669780771615	0.00935240030190238	0.03757124088062923	0.009835939164551381
0.028684970201107156	0.062133786348655344	0.04769942410016671	0.025780459768886668	-0.010336413005432556
0.04062160041006961	0.05003532539727814	0.05970785292375483	0.062113906717292895	0.015438320404315637
0.09167488295189798	0.02055869553137966	0.01573843718614754	0.013954567698186576	0.0074982764012210485
-0.011797295381471725	0.07817785862487692	0.024215127301317634	-0.02371042616885242	0.012455390270239085
0.02905796114459399	0.011234042595974873	0.03463940939657009	0.013051777504385177	0.062022891461012336
0.023900323740699746	0.038038975448916046	-0.007938787695134267	-0.0029256042461661275	0.02750091264084128
0.036245128150452874	0.00579888691475791	0.021758953162637682	0.002043426833106884	0.03529199320759202
0.06283758320256315	-0.000695390232643138	-0.011628475113242179	0.042478868017449926	0.042247951380918664
0.03494591053967393	0.03789015266640018	-0.005634860940379297	0.025617678361472326	0.049484257973253176
0.0178875438663071	0.001210564353187154	0.0035731803974326337	-0.007252763819073126	0.007722343299725952
0.02953557386309604	0.007294168175359917	0.011266562933086687	0.03417360832657193	0.0409377098087195
0.03900526697378354	0.02477192598887796	0.05720082616740247	0.03691300335907927	0.02094714295118507
-0.0010263168142664253	0.05158840892851556	0.03159320584813924	0.005970953187857581	0.038119773045292855
0.041066890541934305	0.017012110563499595	0.054394541751150036	0.0031249466084408133	0.015598028207040484
0.003908024433762471	0.008042093212572207	-0.01111888746666832	0.011809383481568386	0.019108095285244892
0.025063944548622624	0.03197591470993262	0.02518317448519472	0.026518589061548588	0.03961467435923808
0.0026353030885610407	0.04548260248508229	0.020158826666364784	0.038468750994040166	0.056778644862788455
0.022995131931132805	0.03892232696463116	0.02733369598673268	0.030402708088516958	-0.020508252697794677
0.026753530947721288	0.04715639069912182	0.03705478992420207	0.0038279714520450666	0.04146822455094015
0.03226288384350062	0.04554379764714714	0.050822309311243735	0.057498782526699696	0.03820777386910457
0.03321792270797128	0.030971409190743183	0.006716290408796683	0.0013758873769622731	0.02948523338702613
0.032449840970139636	0.02385215147013281	0.05161464563968948	0.021942465718629487	0.007344114882135366
-0.00121123113910011	0.01369336212992937	0.05613600105516341	-0.0170931260271003	0.004713797467234817
0.05407848388134556	-0.0026322685049936035	0.028400590606307317	-0.00449735988961647	0.014436312856041363
0.06693128892863455	0.037842798786987035	0.005422883399958739	-0.021686096425323972	0.021573349046679825
0.022277605336291393	-0.009348050216939557	0.00030343624145124943	0.013060788925496957	0.06960234903342952
-0.009581633068205786	-0.013880218495560218	0.02331654347424992	0.03253045704571505	0.029865705053260996
0.06913027790702937	0.007516604154632821	0.006331037268242415	0.02563695724295394	0.037225979028525424
0.007657111057539299	0.01627902517226202	0.03971493185318029	0.01980671920280375	0.02977553875474462
0.05195608973099008	0.07712174469756927	0.024876388983207987	0.03418163552296076	0.015322189561342972
0.019617289129283365	-0.022202716636357804	0.008023069184363634	0.036355124592732074	0.03502354796606562
0.006404846337869985	0.02358140946684667	-0.04479139020884042	0.020305382814665825	-0.028967000812756712
0.03460011050328736	0.022790008865504915	0.027974569630016405	0.05549368205472298	0.018924006106423735
0.02725820148059452	0.037383942819681874	0.0012857289663527807	0.0465878495692314	0.02925823981168876
-0.0134495994847397	0.015737357088726124	0.02038057488045925	-0.004816551018748231	0.026139916343179734
0.024211860085318462	0.029476288440438633	0.02084287506738418	-0.008304279093248696	0.025722432976787078
-0.03152003587130005	0.010012685620117895	0.03072524283020666	0.028864892192767104	0.03514618257881675
0.050318725604816844	-0.0019239800240336748	0.008231522861675063	0.06368467919035509	0.04845630497833406
0.021485066645144817	0.04686659151448659	0.0004961886643045348	0.032202403639191565	0.02272045982349352
0.027429893125408434	0.021777762548589378	0.025795323691070796	0.03705603940279101	0.05843112843132268
0.009927970029600173	0.032169427475181755	0.04490094261388549	0.004587245493342526	0.021143175013427593
0.027683398080710395	-0.006243846268313001	0.008598478942584057	0.03500916276143627	-0.009320358029098133
0.005602425326457699	0.039647479166939316	0.011393906632613124	-0.005946090463590732	0.009392958143561643
0.034596871136194626	-0.0035148032603261226	0.01585571743158631	0.03261569886607355	0.003915015019676013
0.06313159355718964	0.05957321349592702	0.0006773031497614244	0.05684919912193133	0.023179164481342177
0.016485777877340735	0.02042287425040033	0.015983691307972565	0.009089826244796921	0.01582394746207152
0.011825860271007583	0.044310686338563034	0.02395810493064389	0.05161025782206627	0.019024937454738135
-0.00011430785225508694	-0.02348916414467676	-0.039298499643785095	0.012613792866775156	0.028976094899391874
0.018501960066403932	0.030311239262218972	0.04674327650827414	0.015256826274133599	0.02138507838184185
0.028369610028479667	0.06012873030519811	-0.011947715609022379	-0.011793657745058982	0.07767898255542191
0.003780013273903642	0.023909293696756942	0.006288046301028107	0.020986041927102586	0.036074836491074465
0.02726735775001031	0.009353597682267598	-0.014160544923801786	0.03145027624995989	0.017881902364174477
0.05551723549482633	0.02622029935195179	0.011421960947115391	-0.004222983505118149	0.021826547545900875
0.017298630844693384	-0.035047427558479054	0.01347319264340875	0.015554673472270575	0.02498025010681799
0.031337602434394554	0.042088543563967504	0.008861349212347231	-0.010464121904861944	-0.01820010050774763
0.0009442249732023247	0.003927811556710049	0.035533249413077506	-0.002666946283368359	-0.06672723177802423
-0.0005089587174212911	0.04834046772512869	-0.0027819788429168167	0.035826425863739436	0.0014271717736790424
-0.0008045568544469478	0.02846830423833455	0.015683297991293154	0.015163866189839777	0.02257444694994034
0.02010274062217965	0.0501126875110643	0.009159215278990777	-0.030662520784214144	0.010073375544527668
-0.005588858025609044	0.013231527492966112	-4.0237196662714584e-05	-0.013157125600691192	-0.0060334423153403215
0.062434430459447174	0.020309307240305496	0.026165563768755767	0.026753585222601198	0.04915072483114425
0.04451584277274073	0.011027736181994974	-0.00906440707152277	0.02077821162151716	0.0027399381343224958
0.04701975852094218	0.025990135706332955	0.02418349602356878	0.03832756779118507	-0.00939796147785602
0.034292187476621154	-0.0035211099001238137	-0.010829355750791903	0.02179400050028132	0.029453585686177144
-0.009905033414853702	0.04388075009891024	-0.017432535000701223	0.02198702502824932	0.029364339946803805
-0.03381550452117749	0.02599421195820996	-0.014146687487348285	-0.00897843228025112	0.039199585142624484
0.010306229713042602	-0.009623423845539155	0.023043419136491772	-0.02027250654735138	0.013730174945508367
0.03042508201023271	-0.007190211871934617	0.016223339995814316	-0.0005368476448213311	0.0439132344693714
0.03611928662695482	0.02970719991093481	0.0505183669679748	0.024036292642481274	0.03246730356636207
0.035384175991496195	0.005909270768403723	0.010228243671798016	-0.003797002211367306	0.004777225724526156
0.021951056855342627	0.0343321809081069	0.03480232990842582	0.011732207758347782	0.00027289834019141235
0.001826553258517015	-0.0074615219462027945	-0.010325695199293192	0.03986251016440355	0.013906487319290589
0.06167537654345657	0.007368641932978356	0.028436932588802116	0.023876969750416942	0.037524169823515655
0.026373958480176016	-0.026564869050505206	0.0021939844751243933	0.026215801161611083	0.04349926568628075
-0.029996131747994464	0.0010805036823582099	0.0044441959004963075	-0.004287106030471699	-0.012620944029391082
0.02845953501463106	-0.018305339717174757	0.010050442351140089	0.00013184141745995934	0.0319959664220303
0.019073152592116317	0.040376842021877656	0.04162208438240227	0.017533834082171358	0.002930367592885374
0.0025106386922491707	0.04089108391004063	0.025777287167926304	-0.02415242659296109	0.017572585844911014
0.0016941924511544686	0.029964748913096743	-0.017380220851536912	0.010511672265798133	0.02652666110658974
0.05912180984363761	0.0030784712364901393	0.01076798594133525	-0.008237487932037345	-0.025162142280297253
0.0004106383791061983	0.016923261661466377	0.041367640740287495	-0.025116393228135515	0.014360183375647765
-0.019208757924729584	0.005682680610934743	0.013663384362646965	0.05636461951604376	0.006663054564408231
0.0064184959336521545	0.01362962107780617	0.01783073059036642	0.040971666779130916	0.03335046472501979
0.031044269163612897	0.010374842052470865	-0.026679479386061813	-0.018913851708597777	0.03050619029506576
-0.03617296888780236	0.01602895854645485	0.013344128116845978	0.008719211277659514	0.027856495365478327
0.00901511448750494	-0.005582642881723094	0.021163830015628948	0.052855788396954435	-0.041525983985720806
0.01660642675962173	0.04153270447719322	0.06659917899592077	0.017042227847356057	0.029359318148697525
0.02067386452025021	0.03575294846503712	0.022861973015017936	0.017065319649402173	0.0045332843263041715
0.04562332803007897	0.02274131353025921	0.03486107791179421	-0.023408335774100633	0.015182751018845628
0.0331262476495972	0.005057685201749375	0.022906426638532693	-0.004381043067461241	0.03324177194210702
0.023452251730581776	0.009751925552323903	-0.010832268010969322	-0.029803852394296778	-0.028125139610343887
0.0067231555100775555	0.025263598343833096	0.034856551394181215	-0.011961978040449708	-0.0027589328116431793
0.02410916733354658	0.018113772393057267	-0.009397958780550298	0.03756198343012742	0.0027656482300418383
0.003449460332581553	0.034337874439562065	-0.004375124039313483	0.03103837804340611	0.00585438416743476
0.0024975981169933336	0.015171225365270234	0.01908017321154316	0.004510513658535302	0.009731253727594195
0.023941578460555456	0.014071592104467442	-0.0151725273351288	0.004090716070379851	-0.015932235427464032
0.0297029460763878	0.0006073578010748874	0.007948257515751343	0.00028976649077049185	0.0030859435802758238
0.013868004977232692	0.03791874268653621	0.056515785220143555	-0.0025420686367046835	-0.013766689842920544
0.010439135809253135	0.01988945908654225	-0.01729671862413996	0.0005132398795833475	0.01636929610639862
0.0014336449017290226	-0.002761974913356611	0.02799446683131517	0.0623111603977482	0.038757109700199424
-0.00895000495199799	0.040209384900230974	0.007035622107452752	-0.020264439045170654	0.013243635602375375
0.04889755756735256	0.01748229346987713	0.014741644397707815	0.02857268087677462	-0.006987328395271008
0.010253489224893834	-0.008112383917855064	0.019190930881754442	0.022768866538335847	0.007166702737077912
-0.013571951602391816	0.019822577502940683	0.03858399504573654	0.0013916202850558492	-0.0036159731474861446
0.026028027422137466	0.007397149329995859	0.006909334947454148	-0.03523330099238051	0.025570038670360916
0.014167609155498653	-0.0019067366253363808	-0.01623499004878197	-0.0014338841820886183	0.026251401815769078
-0.011972967443597526	0.020234884057905245	0.03458394495744229	0.002650792854825032	-0.03331895615912419
0.02277922498400089	0.03247966504902551	0.010842837608203627	-0.007056044033419102	-0.00810821642461519
0.04465676959146922	0.009086800370536477	0.028492744442816006	-0.0345538814550151	0.009294319027180505
0.028830780711940146	0.025505580717984186	-0.005968562788885738	-0.04040680238860148	-0.017011295748073967
0.012759438403355125	-0.010734557149705122	0.011518916086856505	0.05391140389639655	0.01692532658636934
0.014001135531327293	0.028516629256852236	0.0014170191082249128	0.030965915341886033	0.04645381680023195
0.01575369631284016	0.021927698233316587	-0.014863944697828224	0.03665899427830865	0.0013994528134691022
0.0325253344488189	0.0008463121384577037	-0.006020095398497116	0.03772111397733327	0.04553483198426075
0.037354680284671565	-0.023217668505843864	-0.009529478277958123	-0.0015771703354919824	0.019607021990055054
0.0024472069878946467	0.03757455624835384	0.024228455870461636	-0.014518347775265426	0.0041706109629749575
-0.006841679866280799	0.034333809846578814	0.03130634949207649	-0.011664005183626218	0.018998755059385117
0.018012752351689497	0.01746669515832981	0.007465678904761092	-0.006084832091017121	0.02040704318976618
0.022988869812270444	0.027132649766786296	0.034441269217848645	0.04740748756191616	0.031191412078308684
0.016370432044741548	0.022550495363291116	-0.01468315401649509	0.02151253484227494	-0.002499281907055563
0.03198770728950675	0.013265261411286602	-0.013740737319147912	-0.006540360843463969	0.038994954021506496
0.03555115053809449	0.030785243293144374	0.024780085499342228	0.03444230161579052	0.012276852907572511
0.021616534326401322	0.015275028761725335	0.04594963299343467	0.036729665904900614	0.024912368763888026
0.008538936896540212	0.048431618267167936	-0.008571329966419862	0.01527066198588869	0.0175538737006564
-0.0282402784007461	0.04375368670558862	0.03788025071933897	0.03304084924894779	-0.02191954964465308
0.03391031366649824	0.047553953192139585	-0.03515912942123221	-0.022490978369025444	0.001495298327163358
-0.030045680165364436	0.02056053534485632	0.018776912587417524	-0.009572574243726598	0.03091851813544212
0.020289216426898293	0.041720744444745786	-0.017878995415739958	-0.02253720903750121	0.042595087445801136
0.013888547129365393	0.03327242182595531	0.02115783490064956	0.024464645963497865	0.017338643364463037
0.0006502193541182569	0.019073771242600544	0.010789346155561133	0.0035760612326316862	0.02656622273847046
0.006477204208380191	0.03617694142956785	0.006930582853944862	0.004047343003577293	-0.021240980572863753
-0.008336282062890577	-0.01542637997289463	0.01247873115461745	0.020546949375150347	0.012629643358793652
0.01036692870642075	0.028849011837486657	0.02733532056193284	0.017932865033082612	-0.00018641441972490737
-0.013955147420359103	0.013250056831597865	0.028183093132137713	0.007942017975787781	-0.002689379198848431
0.033036829348471394	0.018913743922302332	-0.010734972681116301	-0.005000551784387696	0.02489053085647834
0.014044254848772822	0.039022619782417896	0.02798632580307376	0.01780282848085139	0.03437019991186618
0.03923195239310718	0.005300809832225939	0.028694267988646473	0.037055741777534706	0.016617801587979413
0.005187429011144709	0.018697615282929195	0.03342710679948143	0.007631816442763043	-0.02179947704654202
0.004600351148951442	0.043687034357020295	0.007474401955022046	0.041442629931518045	0.010147829754704381
0.009473304482856815	0.005682344644562734	-0.014788896514665001	0.0006689025849822942	0.014378519394781845
0.038838310621198684	-0.0033924158041939412	0.009193124643880158	0.007366329851725356	0.023652133947212113
0.01092359394683445	-0.004452433608776162	0.007075747410678197	0.016091205057500307	0.03633343093376319
-0.0052589019869076796	0.005279038995461682	-0.004238941165586953	0.013502810136495954	0.016250933000225364
-0.02940703849598124	0.041047156589160964	0.007972093846028636	0.006698964436991423	0.010877938425479254
0.04290606045735009	0.03222241682748793	0.06772593159111313	0.004968962696707189	0.014899069595884978
-0.012728770649618814	0.019552660707764152	-0.015021302057956386	-0.007297787036956681	0.0025813600929630153
0.013167009245783016	-0.018714481209385684	0.010835532786391024	-0.013349428173481306	0.01609137984677833
0.04795495686463787	-0.02423303446857989	0.025222784020284373	-0.018319058248031296	0.014877096002505561
0.014910988241210689	0.017667467803831778	0.018356329127251162	-0.030817820396524788	0.03635633669916787
0.005034454211724403	-0.03185180114706094	-0.0025646187906190063	0.004434548065754773	-0.00919620625861074
0.01623571117077066	0.014496240083509006	0.01566846112327656	-0.006558064028850675	0.012930554044595935
-0.014894418707450055	0.03429488085771048	0.005292028519434252	0.00016207076022334808	0.01135153166002967
-0.03992771914576455	-0.007842568667818559	0.039571572357474064	0.0007366460844810449	0.0221763028271549
0.004434294911393718	-0.02980615405556152	-0.004721056731546838	0.004169311439851549	0.023647497947201744
0.02423346226577515	0.042092257341442826	-0.003870894424086431	0.007793788705867558	0.029195983032908573
0.03928084317839855	0.01239008060310971	0.014306980798953607	0.017126794089729926	0.0014556868755066172
0.008603306297577166	0.00632370738989937	0.045295133079588164	-0.002774494995442009	-0.008102122293050577
-0.018398376514757633	-0.016335371248769576	0.01977351673963461	0.007559504465930831	-0.018830924490926073
-0.008016928814815631	0.008945076657771415	-0.006764555770161265	0.015379151077941711	-0.009636030000070489
0.034576135571413695	-0.005768870724419171	0.04112028566007118	0.005711656145914541	-0.02627558259657089
0.027555300181388364	-0.02054701294144607	0.04345212702596845	-0.005036993076686625	-0.027350448689532233
-0.022014825384738642	0.04673966513749608	0.04998073905371766	-0.023551732300748758	-0.0003133596086023526
0.027370803629220383	0.00014364597701615371	0.029865836787114422	0.002332545806221005	0.007879925207121028
0.03399019871751551	-0.004776367367214026	0.02213861788541035	0.01734742391644098	0.02486494512380666
0.046773256715852175	0.013651090421074853	0.04852965345075725	0.026399324099892624	-0.03276138159038651
-0.019537338182059258	0.04036335802051222	0.0067112192037234375	0.01623870426193222	0.030316119497146216
-0.024821548939656858	-0.007060911232075226	0.008492929645203732	0.011496694365648602	0.010751114784664027
-0.014048141532125047	-0.002657835246673968	0.0003261780144159822	-0.009552079148090593	-0.026196351689220708
0.009378180829996537	0.01624467566588026	0.022276213130518745	0.02529095245329598	0.020023828625153343
0.0251295706558486	0.02886505646648376	0.020892598723621623	-0.009967902193526744	-0.022874945831097365
0.02773550743052866	0.02157501679942197	-0.0032276452424431466	-0.04512521090436669	0.019498833540003473
0.0033500246741353813	0.025173857582268967	0.036455911633066274	-0.004657060845547687	-0.019932833136049655
0.001793504219815111	-0.005167564298654167	-0.00441100816597196	0.02448917629991595	0.02771564154757382
0.002147059486783685	0.020767552073230357	-0.02283556286798008	0.013276446530626785	0.0067081553633610794
0.0019238187448880882	0.007550012000075928	-0.015848503427231653	-0.011443567800364434	-0.0337452249723338
-0.0327048438908348	0.01031000334218125	-0.005712821725563182	-0.011467015417374994	0.005880483407051247
-0.01807348792400185	0.018313248919081117	-0.00021215253935577896	2.897175321114366e-05	0.030328844800731464
0.07076887451572586	-0.02520371714459839	0.011285589551526063	0.005179957658252504	0.03475873541988761
0.007612939489112411	0.043270441464036816	-0.011300953376772789	0.008381824574124293	0.008164697500254635
0.013008418776038286	0.02530411828006436	0.031162820557127623	0.02715100013066294	0.022090930842886866
0.029463810212439618	0.007727932104735097	0.05070578784164265	0.019341816163334385	0.00039035007241430874
0.024228849127397537	0.03055756389167389	0.0006520829550594494	-0.0068598023917158385	-0.02288335928650196
0.0015495127072792554	0.0070249768322013205	-0.009067897004408028	0.001046203067088271	0.012193024823507384
-0.018815637703490068	-0.002606834446936303	-0.047064799491795255	0.03553380996787246	0.013745877776484986
-0.007673907374398126	0.020707876968528015	0.02676093505112135	-0.011427369635095658	-0.0007235516417747889
0.022711966960529035	0.019169535124266102	0.016399039376074637	-0.04146291057952275	0.011766633196760733
0.04749547243642724	0.025796355888734402	-0.03721001714597799	-0.004145233275528565	-0.0007522281200747737
0.0401384025581721	-0.0013341368924692232	0.006438978674227599	0.012640309455076932	0.04172171785152803
0.008321209908686074	-0.02635426212788059	0.0413344287912173	-0.020251843530531728	0.002957874565775868
0.0013277900725586888	-0.0015698771395048338	0.0028912537213862575	0.02091459495198338	-0.006528493335083378
0.040533710668072966	0.029112877392980803	0.0037125966061086774	0.035438157590844545	-0.043620707364486255
-0.014505308527995387	-0.0031746663914302637	-0.019188060238098215	0.021701890086174295	0.00777292631046806
0.014560508623957982	0.03391798239875164	0.007031960072724768	-0.006095691421305411	0.02233359140884519
-0.01580146744740923	0.02700622151387187	0.03646259574155733	0.011467827918117313	0.023460381075018598
0.022657741497215445	-0.009944858932727601	-0.010891619808477403	0.05743446259059353	0.005263012015695362
-0.014161725691478904	0.012694272580993123	0.007729788367626767	0.023942773748268	0.005344154763287723
0.012223938742922802	-0.023502343819985186	-0.011680954616453226	-0.032562428950812475	0.00025138176486697895
0.005523622222955257	0.006876331757079787	-0.024304899359981515	-0.0011731363068253945	0.030028274610667247
0.009130370550739984	0.05627809802559755	0.035610155372700784	0.031112096212839918	-0.00404979808360317
-0.004811854820634109	-0.00895411192094417	-0.009390866574063494	-0.008373341887543172	-0.0032047038995236324
-0.018135739420728193	0.02455618509265145	0.03146252133763548	0.03055678252258276	0.012209981127358393
-0.006580903080532176	0.04570235487826996	0.018308794714995965	0.044546109115496016	0.013879083312097354
0.004587535748423594	-0.006190967582639624	0.013895113757953593	0.01577205969979962	-0.01222305080900133
-0.04390592809912764	-0.0032457755650364944	-0.009358365510154804	-0.03692249551503619	0.0029915656127152933
-0.01716217645047827	0.017318007674256987	0.030812434027601074	0.05094474028938977	-0.04061672534884329
-0.020632012010057037	0.047648908208244314	0.006065106517289382	0.01867520666556126	0.057061890217022466
0.010322437109004781	0.017573917626788692	0.044045774308578346	-0.01227448219841206	0.022726986759359857
0.021813129704561545	-0.005205891277113665	0.02484769976014473	-0.0032230333652659825	0.014644546697920181
-0.006199570404269482	0.008343850023071768	0.000434731679619829	-0.013688993051130216	-0.005393161305022074
0.010065496637793488	-0.0012788481856101687	0.007495363746668202	0.01296897918288007	-0.01930098764409726
0.018956735671491354	0.0039072677548608326	0.01916530905701986	0.011358263748898525	0.01675428697270425
0.003298528916549301	0.017319796331227013	-0.002905680628242342	0.006087934409805575	-0.012225630869271985
0.037232463192931456	-0.0354141318661004	-0.02029585456894551	-0.04237580561046134	0.021436170122372998
-0.015010971843764893	0.025724190808776068	0.01372820705520022	0.005585119714701199	0.052240533277654835
0.04349495536879168	0.049525243364252	0.008175453840202882	0.011798690395057126	0.032089620390107224
0.0016625400564921106	-0.009984354846656924	0.0558737788141277	0.02099088595546413	0.02324123091834269
0.00488249380706408	0.019820994528703163	0.008443465578719367	0.0012781879029270249	-0.023352553270420462
0.014321173436293636	0.06272642747971655	0.03774005509436733	0.01483711796922625	0.009429679303513848
-0.00011579209620924888	0.014184114460213464	-0.009105572679997639	0.03704880345368197	-0.008625964878935601
-0.003642895258557587	-0.02188777007039321	0.042033985152871975	-0.008010121304693866	-0.012445204777857698
0.009108263118161175	-0.021464103280086622	0.040709933236564855	-0.0038071354208336437	-0.00442223192081518
0.032545118405454695	0.047310351172657715	-0.005371907755622885	0.014712254874015875	0.026554828468346548
0.02477071423622362	-0.02546956571519508	0.022112167366158904	0.005946482703976913	-0.03644110632924626
0.016552087832003886	-0.007569107249362422	-0.027630314500496626	-0.001341192769002385	0.015587176854346796
0.004069264079325142	-0.015566934852995738	0.020867054461619967	-0.0289288963362943	-0.013655479407435243
-0.029440070658776022	0.036245124391989375	-0.02107703396907723	0.0021331584286256467	0.02322403293848687
-0.05939122234792087	0.004262406675862775	-0.03189280135087852	-0.026747017381920937	-0.0243697855796147
0.022315283872141503	-0.03416380363437263	0.007255812459776599	0.017169531621046688	0.023196757377567243
0.016062314799816627	0.015296461424032565	0.02012058368563622	-0.01673962354734258	0.046022124066769074
-0.0011944755974214944	0.015497028894928683	-0.007200300222652357	0.018252135144526886	-0.012561772142158147
0.04645385494108232	0.026276114218477892	-0.01378410266558876	0.0011536710280385682	-0.0022089003147078273
0.007597799863047244	0.005303180511855806	0.009022526564357945	0.006745352930585184	0.0201240706227991
0.02147010901550253	0.009120496547767936	-0.0130213414826425	-0.0026775220581737634	0.024955219835048437
0.006633864959825396	0.00498750558830216	0.019286745632807425	-0.01010686382675092	-0.00133956116469731
-0.01786083305367746	0.025982633992391625	0.008810551468548863	0.016333312020716643	0.010875832106711815
-0.03364834080193204	-0.004657353925907913	-0.028692322516291533	-0.006569205800439882	0.009956661333571362
0.015738198801100868	0.026470364214042152	0.004719354407978497	-0.0013115118024835332	-0.012715751576766712
0.023649052509489333	-0.031144020021358146	-0.019366679687858615	0.0023916057709927677	0.005661429771092194
0.00010391372892955232	-0.0014967942848781112	-0.03141862940071024	0.007952527221843884	-0.03148762891931629
-0.02138292255566692	-0.044518340641659666	-0.004278928163352756	-0.027846905359022837	0.030980494223759567
0.022411026459378043	0.014732113699162523	-0.00878813344221956	0.04668014942315729	0.03324847308228279
-0.004623875461033588	0.0007330094981669177	0.028933619979775158	0.00589070207351647	0.009903214215113537
-0.013708161922632897	0.02580625244130359	0.02245282139710081	-0.009037020170388318	0.024348889293835815
0.03590420456835288	0.02382584938763821	0.008092550116600806	-0.001112261072257063	0.028248789540083412
0.04877724820978693	0.01294990437465098	-0.002269155935699439	0.01195342491649627	-0.01069434467185186
0.04185851541573593	-0.03490957251525567	-0.018624424821974347	0.04382459962179412	0.0082167109340098
-0.026538436089712604	0.029692457063535568	-0.008204145802478163	-0.01479798415774156	0.03962392657762373
0.022695004832384527	0.016304574645353058	-0.01639034572554933	-0.004699141283955606	-0.01572430303647855
-0.019938328069949135	-0.019544195089750045	0.020475293590916745	0.027712196567624508	-0.013504284410511849
0.005184697629246347	-0.0025654510197986352	0.018130665272585486	-0.005354051234452021	0.0006654856776799928
0.013894507688347919	-0.015216505429305941	-0.012742989764337832	0.005204797942219901	-0.030507211448454963
-0.02335310164523796	0.007395436379965066	0.004833232799982673	-0.012373612425063914	0.007132738777443566
-0.016442903534410594	0.01782930265078249	-0.003936240781482938	-0.013127111627742136	0.0063218669980045685
0.05560583542860292	-0.016676444368315134	-0.011491345302377446	-0.007596857741271782	0.015098102218156047
0.02892961079785903	-0.021807010726934913	0.006224053001783761	-0.011075474517991943	0.03251763326637376
0.035921945816612386	0.0021601378966449453	-0.03969718730183134	0.014355875940917596	-0.011326746437699953
-0.016986032968914145	0.04428007774708642	0.02446702498901774	0.0317635300202424	-0.013812504918484576
0.030941096740699794	-0.003937347470211011	0.006102988353460827	-0.007426071294615185	-0.0020290929903626154
0.026026134787802538	-0.0283278863396618	0.006618550335624631	0.03017523888122674	0.008696908554886085
0.02485603888019394	-0.007278027199995554	-0.033047197300212584	-0.01993765710384905	0.012743784223480124
-0.007780248510098054	-0.0009653856782238664	0.04060651929106698	-0.017707575387890123	0.006403544841111966
0.02460146592080692	0.013922592838289335	-0.03034619006093161	-0.028341751062059082	-0.008233400463103202
-0.017394919500210687	0.004333662246106828	-0.013411489357529692	-0.019258130828549092	0.014099343814629323
0.041076282005929735	0.01630376504879766	-0.012057008924306105	-0.002847340413204419	0.008037527966239964
0.04603616646624101	-0.025886726007747843	-0.022046653847959945	0.027102431706132274	0.009617697284626484
-0.01015741436034056	0.009896041382904513	0.05243337114774858	0.019677659463596474	0.005915194436567184
0.028465942964216215	-0.029756752167322417	-0.019372497069680143	-0.00013018640701200268	-0.007688100367729578
-0.029021960727288163	0.019200625980288863	0.0155937052805067	0.0026665913668158184	0.029978220194115713
0.010455245454833948	-0.02026116674470695	0.04153691054037811	0.00552307122357973	-0.03347065540718411
0.03537853492835314	0.029211909895915093	0.01118541125226326	-0.005743708846497237	-0.028264910812040193
-0.047950166842252305	0.0029866999253758348	-0.025657433446156112	0.015787116827686232	0.023532208860757377
0.01211077130166821	0.0287042822938401	0.02099650129841449	0.03493920870497123	0.03080414726363841
0.027487434792138107	0.011590218918942574	0.002808608654467996	0.002948636902790512	-0.03538027859905746
0.00730667608635232	0.00692453302829612	0.04202538600813637	0.014364845100767472	0.007476249788478931
0.0033085862429546318	-0.006721358219071801	-0.018784927085782124	0.0006696812013091797	0.036823545597547844
-0.00175276648788092	-0.02891411858799862	0.03092671101847564	0.035461267673560254	-0.030121001576501622
-0.01153321149779083	-0.016493065369794217	0.051931072265681506	0.0018242320088769559	0.01703661509077728
-0.0003166272485193118	-0.023808704922245846	0.0012322435046093197	-0.03421712227060062	-0.004640994383506333
0.013175581753578042	-0.0035105017403161123	-0.032427146280622245	-0.013407876270542598	-0.019770834428699403
0.004081575132370518	0.025761553363173435	0.030295017151381463	0.01115733632798033	-0.017829725494895775
-0.009245192190223479	0.004065976079835812	0.006399257680955138	0.02755518030083874	0.0027525158873937337
0.007691780619868192	0.011873480879251688	0.030386658187205602	0.03588065191777283	-0.009789276405417068
-0.017309702023663276	-0.03815188684559745	-0.015095081594356888	0.018493641096828987	-0.004861371407117605
-0.0005868659958010707	0.01694030349886077	0.01231792789571188	-0.02494430516600099	0.009058904042282656
-0.028460171239457013	-0.013678337457614808	-0.03598484973699544	-0.006269910804369774	0.011769267380505091
0.044567858217473444	-0.004401690915325334	-0.004881202550965219	0.025635480924503268	0.046972418444368856
0.003836642191341012	0.0024658267171833864	-0.030931496699445483	-0.0005061290287916216	0.03844439315851753
-0.019672741718349512	0.038976355741452466	-0.01041230185615984	-0.031246077955904547	-0.004983077796169944
-0.005923857891687015	0.007769448932245129	7.829194556416199e-05	0.021165128805340744	0.008581566677510918
0.01897796879208776	0.01872077025418198	0.026572750993244208	-0.008731527054848639	-0.015647747871525012
-0.0238150074342592	0.0260297781473246	0.03999857437791684	-0.0539291628470118	0.028456195893647136
0.032423766313578156	0.02420226911700072	-0.045880470857424166	-0.018035617366301767	0.03356455176308885
-0.02378861151443671	0.05479155708668086	0.005962187995591353	-0.019835309512432574	0.006343975593319921
0.0035045515942950965	-0.011029541750588723	0.011052013571952932	-0.06188533156649612	-0.0094336327226648
-0.025181497829895805	-0.012875109872689415	-0.015458495738347199	0.008608633242550163	0.04207182750516275
0.010004006278394866	-0.010000996684311118	0.03329097204637881	-0.015520271515789252	0.0015139042176959593
0.01192605791612512	0.004384538115006062	-0.026379866973482484	-0.004167976995088543	0.0243176293782391
0.018218406702018144	0.011873288715601086	-0.02178568250092266	0.012143332600663788	-0.0018613821420986549
0.021726117704945674	0.02928476303502892	0.03918674695800814	0.009224892217476598	0.00044116552400209853
0.00793188336275342	0.06384045150325268	0.005882422608590714	-0.0012714995527905192	-0.0334847392588494
0.004410234026975878	0.03632953289946337	0.0035711939969611077	-0.0037546101936737934	-0.011368935963788657
-0.009697009757301199	-0.006557315811545264	-0.0064092895927838405	0.015222203647124219	0.0184804116491794
0.01632376323039925	0.01288455133979251	-0.006140854529114714	-0.029598306510361383	-0.024242478547862774
-0.005337472217298701	-0.009240428887116956	0.007078941306689299	0.006384919576693786	-0.0022251799723530677
0.007446567085585136	0.0038090334734225783	0.00025784276902394933	-0.012847178264995424	-0.009558382403372851
-0.0007068331980671231	-0.02827420439309362	0.003268670162859628	0.03694831751359219	-0.003454936726105286
0.004582379249283016	-0.003333341273618741	0.014523645568313232	-0.002432309600256576	-0.0017736731970990644
-0.03876371015574865	0.05603981356594466	-0.003399342118374152	-0.012856929308493244	0.0015662712072313653
0.014102189628258086	-0.0012677764759096077	-0.017641103842510747	-0.01064417658342897	0.013282990062429148
0.029862004107933545	0.012413988273652522	0.0343839006901161	0.010917257679412509	-0.019780922841532534
-0.014075310710524112	0.04513762104113473	-0.02495412217641922	0.04291144588595451	0.013345697835341196
0.004528201454501647	-0.002780175025478668	-0.0028829472255057593	-0.009780960396348036	0.011259535127299457
-0.003707546285871469	0.01034381750185567	0.00896689004791909	0.004392010379874235	0.014976903871073689
-0.01538783844684672	0.000663623509230612	0.010481759031664296	0.015128949681337713	0.007690947517894114
-0.019786043922652787	0.010899180295801697	0.010421176019203131	0.04870670174803225	0.02011414473691931
-0.023793636698366018	-0.007001688895489687	0.029794483492928306	0.06915676456434428	-0.03456247860062648
0.043139271069492925	-0.025009176830246626	0.030634112036878623	0.011087594056053522	0.009421025157525464
0.02304922604520666	0.00038419040402887066	0.029146630113767065	-0.0011735143886451652	-0.002393585415514261
0.012397728241240653	0.018481007144732966	-0.009273891185267821	0.021105672610704534	0.004041865621440048
0.03724349212105983	-0.0001260065760510824	-0.008343587285448999	0.015699740421076074	-0.0003289444190409949
0.05201329990944687	0.01658587707047622	-0.008572783385094589	-0.02768650398126773	-0.029771936701038976
0.02047712086473628	0.002895307354446826	-0.014263404180239168	-0.03730718525949067	-0.01884448593451725
-0.017557342789415786	0.014599105681478803	0.021883828571167087	-0.023811114774022347	-0.01185590146901978
0.05834376876160667	0.041215181666680686	-0.013945912586811821	0.03528410951659583	0.018877321981849354
0.016796207250540585	-0.062086262275871676	0.006920118687435626	0.04430628360742396	0.01092409095087586
0.037212468284217926	-0.014099323208674656	0.0028042581086214183	-0.02996064749882204	0.03439154117767831
0.004325634773916205	-0.006625146824757327	-0.0031421599368440397	0.02138813944327746	0.032661474804713674
-0.005265268610069887	-0.0013222586038357299	0.00992755796424328	-0.022325630329055105	-0.015769497559341684
0.023632988716887238	0.008882007155683935	-0.009539258703950764	-0.0013236923573914207	-0.033356662766642606
0.00809491986502218	0.027183409063126076	-0.003946888421890686	-0.028483647093506644	-0.01879781178620081
-0.0047556956334663635	0.009874966529840599	-0.0020190981805222152	0.02335079645694209	0.03846295711646134
-0.015677090244694596	0.007188832164797708	-0.01770355073710872	0.06724675903404637	-0.0028505307378181906
0.06291187457499332	-0.00540154793711677	-0.04160300990298616	0.002445421605335566	0.00866054365827219
-0.033210884979115514	-0.012589389207385055	0.0047725277879462815	0.0481093752394669	-0.009125066094600153
0.031821140101905315	-0.018371126278428414	-0.013269125337092734	0.011196057552027792	0.026949547936203085
0.010249042056400206	0.021611272387945683	-0.007224428225117434	0.04034214374932533	-0.0075136295525376675
0.009778431465728184	0.006877219328059507	0.006175416612419327	0.040165268173039045	0.017045692809457193
-0.02325529863137006	0.005478048743504589	0.02435737982503349	0.00018271495265571001	0.00042615129230090185
0.03261672565845215	-0.03821836586105605	0.011568231938195705	0.0312694896688627	0.04387869247540541
-0.02091220936900249	-0.0032869868993333686	-0.06722996656487222	0.0274540454636776	-0.020115514794888732
0.031255658166429175	-0.0553246930058472	0.028773533015688274	-0.006310409939862628	-0.03500089485154648
-0.018308085725735914	0.02255100141195594	0.015104146443552333	-0.008754526758887035	0.036798998344238706
0.051123655164306614	-0.03214076263754645	-0.0434190131440331	-0.003458578115285203	0.002141548067753801
-0.003259747718494823	0.021947462291197522	-0.016431313601721936	-0.051190572312464676	0.016210951266675693
0.015536909615292341	-0.016044497091020796	0.015823931045355424	0.00034080162314508236	0.014282571730640079
0.05516794700658865	0.041449161323150345	0.0033218461286171497	-0.01862732119388874	0.015259599695500045
0.014019085161841551	0.02104932413442463	-0.03918371997128796	-0.04734442937364393	-0.015812803134009477
-0.039192118399491535	0.031735541952990255	0.040629324729731596	0.039999807342727144	-0.02759317352056376
-0.004877398649459422	-0.01230511618410237	-0.032876645823705954	0.022076569166709102	0.009558753243935552
0.002946981610303244	-0.003932170954757758	0.014791068222270831	-0.0086855734974817	0.007786784412121932
0.012742742143130405	-0.02354669239987027	0.016815694399817106	0.03942811658874963	-0.028295836174931827
0.03267801480471741	-0.021172046780598926	-0.019602919715362724	0.01845654277399749	-0.005582290624082869
0.04826096570050206	0.020924744066573193	0.0015621925582287744	-0.034063335400158726	0.006074976757279609
0.010470805209220427	0.010913557766004703	0.01799703706041908	0.0036418160108968186	-0.02122229701879577
0.010868264266108886	-0.0035704243370562622	0.003956820529022945	0.014960839612229718	-0.03606441711075129
0.017564161590850166	0.0009400449280787127	-0.011784969764882474	-0.0353012975405606	-0.017362637318412616
0.01410519183151465	0.014923753079477563	0.055895410770193964	0.020929809402079613	0.0286982112276277
-0.015464883193949333	0.01727541931127515	0.03057879641915677	0.0010045564636793711	0.02837497145630804
0.000860389559809927	0.016758696813065944	0.019387315182345655	-0.002706142150886232	-0.01250431288059325
-0.0061830239773238965	0.0423851527677114	0.022461662146018583	0.002715166226101096	0.00011720814756181752
-0.011171340671602175	0.009498643479658094	-0.023662596565194087	0.014570931063718595	-0.0528934049866694
-0.021281288643780566	-0.005247464078108645	0.01677915169140259	0.02798590378192621	-0.011852791631170482
0.011128874314500523	0.01871650471090986	0.015894649886810587	-0.016488128209341434	-0.011624705887266263
-0.017160744157686078	0.010175241670289704	-0.01149833909353627	0.025009629464892005	-0.020381222604990316
-0.01536556134479683	0.02278922470009148	0.007763766696281273	0.011439014982255868	-0.00664388371187014
0.02887307858389923	0.029124050569311024	0.03988666029031097	-0.003228311382258149	0.03225490794493579
-0.013427182211573626	0.008750511927991578	0.05254218326899331	0.004655925657513981	0.01332807313861984
0.013410197473457458	0.025247755796813542	0.040206825627134145	0.0010000939899940144	0.0491052655466404
0.0010259737524218882	-0.007352570592945239	-0.04338260707482043	0.011792191842341282	0.0008097221265614702
0.027114987971899214	0.04776155529799448	0.006244604573856212	0.03781498058986534	-0.012275288858215714
-0.01534603499682697	0.005472589739484468	0.019736958882396922	0.023706880339343876	-0.028155608333704906
-0.0006744197253770699	0.0034378165107323763	0.05028178831452944	-0.0052768237187238946	0.00969830436275311
0.0029243791447181784	-0.00792687673352777	0.006648001662324987	0.0027067095925126647	0.013895335887146858
0.025391033030741555	-0.035296881525822506	0.04504100858442278	-0.007850823441020297	0.06970066933392016
0.018955183149284745	0.009846613375386	0.004493969166220024	-0.021127077122275004	-0.004272288981265414
0.007144134485252555	0.05451858722968994	-0.04169347352881048	0.03167961483190381	0.010234799082628924
0.01629321421969715	0.016833795705522195	0.0005333026546225621	-0.04072782343793957	0.004754711547293873
-0.035347444456284	-0.028534083620518475	0.008291864252396315	-0.011995387992052152	0.010387985253771796
-0.009626651239077712	-0.018128342689711995	0.035272446130166585	0.013271215111936272	-0.007867855246515634
-0.036015509647891866	0.006774474260303648	-0.001386074173819295	-0.029474141890182715	-0.012015028895389503
-0.0010480154312716185	0.05453476592449059	0.01585574123892474	-0.008398956002919108	-0.03249357450672532
-0.0023057042052359623	0.002926364419628482	-0.007758752617298762	-0.006790646550204203	-0.013499867488592027
-0.0011619826782263043	0.02150303215796	-0.025377515991476876	0.0516164656779632	0.015640533395156052
0.04491010106414866	-0.02769117806809991	0.04273107233254911	0.01938082802902132	-0.017415260177588245
0.048288467917618254	-0.01383867304950346	-0.014599739610076474	0.07554165079327649	0.015923867766852493
0.033910250878539716	3.0108616948996275e-05	-4.294332234185388e-05	0.01016118377217793	0.003253312213695882
0.016461009619634856	0.006585387917393598	0.019980549596167414	0.00845250458755696	0.018587371195551237
-0.015965390524960897	0.0008771382598928034	0.024972679286126592	-0.006145062839860453	-0.0076940483952828665
0.020008114188541683	0.0015945280589514024	-0.025374258946002565	-0.006445602789378568	0.0013399826934655985
0.00903443949905289	-0.031425954900609517	0.015235521457384665	-0.008056880929396305	0.016382613391634132
0.006788714369610623	-0.017153878546446132	-0.00021026340781715898	0.02587148762341932	0.02392852500578341
0.016004703671700156	0.042109748501982736	0.024927246437228486	-0.03715379250714151	-0.01932499461686229
0.02240314933075608	0.01092652113753474	0.01835362756782163	0.024838666400921854	-0.022033526003067357
0.018168413881469447	-0.0068183050751671505	0.03104442986205422	0.0057164500173248235	0.005463892824347245
-0.013498761672648128	0.031047955525905602	0.009256405431324492	0.0035776775205837953	-0.004846145261883331
0.025440474141480023