UV/VIS SPECTRUM FOR UNLOGGED COMPOUND
INITIAL_VALUE = 350 (nm)
FINAL_VALUE = 800 (nm)
INCREMENT = 0.1 (nm)
0.21022977762565387	0.19368757270452489	0.1746304306909901	0.16363131432592973	0.18709760627542024
0.18039789750576252	0.18653023249590606	0.20964818455820156	0.15774793539358173	0.21812479682422267
0.19747387789846088	0.21728487704448105	0.21110424958174603	0.21499478040063993	0.1891597652383972
0.19954497748400363	0.20352670080077384	0.1895443464798895	0.2582320214937607	0.21070442707998244
0.21122578644007767	0.230676177749325	0.2384806695894543	0.17696719608076297	0.22270803388568483
0.2667483312019934	0.26321414383400676	0.2529056612320555	0.2631400951901595	0.22494376569995897
0.23519045566519742	0.2388681352979907	0.25443849979887984	0.23358244070248396	0.310220399212232
0.2665873962463364	0.24687600349933012	0.24035512456440197	0.24777911505935238	0.2642976173378561
0.28292381047028886	0.27777457655527404	0.28104320235454144	0.2426646631999791	0.2709530713670947
0.27472816741611855	0.28778571900560457	0.30657870947288784	0.3026083979223525	0.3008751382237952
0.30728871626890775	0.31288822227355995	0.30283484084358087	0.2986032982691568	0.3255773073549932
0.36022249878183976	0.30413065187032573	0.34341732631592237	0.2954264703103365	0.31764688632018667
0.33325333996382767	0.3597451509996791	0.3429091996669905	0.34938218729207027	0.3600991644989255
0.38427107247748743	0.36277954462848505	0.3405267895787391	0.3947898677306486	0.36675214340332896
0.3828983790936698	0.3762646516576677	0.3762943519808165	0.43483873485205415	0.4049545186631764
0.4351542342473704	0.3912717449375124	0.3870843839977641	0.4144028415872876	0.3890185018295531
0.403726526028541	0.4068418219222073	0.3911441038800158	0.4057841242569849	0.4259995198614671
0.44138602934768156	0.45872397854398306	0.44960269043264445	0.43080048238045665	0.43855728659000875
0.4274993324788582	0.4279664315312892	0.4401620263718219	0.43889619264859575	0.41429351383264595
0.45135797253456333	0.41188560368900284	0.4666411711567213	0.4491426850648275	0.4797294889284187
0.4672717202051112	0.48399170604810077	0.49047654567846394	0.4819016732589632	0.4505423950964152
0.4603312391379022	0.5008172202034493	0.4736667015639444	0.4697556785809494	0.49080117027737574
0.4996919831862515	0.4469926484863494	0.4987423966254147	0.4976750165030207	0.4861801951570438
0.5008048404830696	0.43267834235825015	0.5097485675493502	0.5018901750890689	0.4883812315984767
0.48153001399608153	0.5191437114304088	0.47820887744781326	0.4884594975313087	0.4853057899704908
0.5132046330562519	0.4999846710152017	0.46738219276226656	0.48358831364848787	0.5072444314232157
0.501182884906215	0.5058899226741667	0.4551348660569825	0.4237044282171467	0.5057520040810995
0.4624167143532616	0.43306103068151447	0.507002561443785	0.48072654802498155	0.48756579799831734
0.4548405112749429	0.4713607731119985	0.4689358462684265	0.4522420030240194	0.4762029366187374
0.48781640113126695	0.48385011334183464	0.4533765914402088	0.4287415186627026	0.4068670041703708
0.42714999854706637	0.43599716858094173	0.42394207995958977	0.42932053962496924	0.4630256274059909
0.4297899820053154	0.43370016275517836	0.44419410162907347	0.47550595005319135	0.4460162198792029
0.4243341608370021	0.3858185122176982	0.3922052333857542	0.408705919243006	0.4031765339448564
0.43016639024827347	0.43967661232198946	0.4304446749807321	0.36331618321981235	0.3608044903841598
0.34994155343266564	0.4018462290725939	0.4480661630453537	0.4254039930393452	0.33909590141444584
0.422099148536684	0.38296302721803527	0.3953535925484268	0.37733288930768144	0.39468355996779686
0.3409943356496358	0.34776691238760543	0.3922074084374125	0.3319622185594228	0.400103586324309
0.3776085720395156	0.37856504703967797	0.36144190325480785	0.3363234303448606	0.3225939173329406
0.331443854768226	0.3664234907610011	0.3196208157617364	0.3253019712125376	0.29822962438206413
0.27653544897775056	0.34256677537299657	0.32159520939164704	0.2913971073074718	0.30215122711963555
0.30859531167664955	0.33556207273972105	0.29979798344266156	0.27079619372705027	0.3261592192991653
0.309536602442161	0.3129475508639063	0.30916246138470976	0.2495394244545186	0.3005502805942654
0.23888197465048464	0.29007114663819694	0.2760975722648818	0.27850705707477824	0.25643747793926824
0.31542642935541315	0.2985630449062348	0.2432523487334319	0.2533941059298363	0.23849524955064028
0.27062087298060633	0.2573734236062808	0.3078597410778443	0.2645651833676551	0.23588427602677073
0.26649786525911645	0.2377179059751624	0.26400712390222564	0.27013587339908557	0.19995016284485462
0.2570521742683119	0.2511757669479521	0.17286847927476576	0.2441427606117859	0.26580629940261974
0.20589515288092594	0.17358067558295473	0.2400191752409311	0.20586454404403515	0.20454387951003922
0.21333141226420155	0.2122524149788187	0.22854467605628373	0.2326558105822634	0.19557871818779085
0.18467260203548763	0.18009235518107414	0.23216919469560449	0.1914471099554694	0.18345611930314717
0.20794737827359697	0.20864021907961	0.19595695260673496	0.23689479008332306	0.19502137779980533
0.1998342639368201	0.15385786486334532	0.20843267153407188	0.18891167019842367	0.18727567476209067
0.21312770933631847	0.20333250019028837	0.1894219330205552	0.19760764356304159	0.14137509317171243
0.21130059385806943	0.16477003848287278	0.20152020056729397	0.1644200247220055	0.19687548275433944
0.19330722868530162	0.21090501805552728	0.21038263465529783	0.16425758837669807	0.1483319588110882
0.16711203421556012	0.14415334898642435	0.18044092651874022	0.17245493564882794	0.18198807962946761
0.17211226750523612	0.19950230758233775	0.16193730504061196	0.1490419425391775	0.15558519771539805
0.16164321959431277	0.17840121611215956	0.1825992933494063	0.13676562917124693	0.1323730513759363
0.17320822646524803	0.15429856209075635	0.14468481474857636	0.1704098326144662	0.1695412911030944
0.1369175109102611	0.13692361198524844	0.14106842957206384	0.13975390744729416	0.1492297901328045
0.14784875170056097	0.13905564422340969	0.12903836676879585	0.11127093386557037	0.16900761847301674
0.1649549047721581	0.1636210537887479	0.14456487328465106	0.14900716454637922	0.08791874975193575
0.16782982292292586	0.11868399744136164	0.11210070300106362	0.15747491054564436	0.15676229914167966
0.0883544576324771	0.16478727680840827	0.15681478863663706	0.14191101674786302	0.10693887501945012
0.16500734849027832	0.11714548517519893	0.1507455893514085	0.10304081381481962	0.12036072932908237
0.13910260641070615	0.12124676965330451	0.13487584299343644	0.15401849030074988	0.0901985869922719
0.1570644105211909	0.13543277547781854	0.10690848876021397	0.1292260384686664	0.15307556407447961
0.08553454988516211	0.0937224934686273	0.0702083527622047	0.12298049274012242	0.11520350590687571
0.09137951349195406	0.12426503516432706	0.07476127631199903	0.13534935438196113	0.10464405481396785
0.11027633407863915	0.10111723877623106	0.15564929431010496	0.12467193441643716	0.09753026449729452
0.13265659879962427	0.10420060649018871	0.11920959178471184	0.14787241266589943	0.08644374253555925
0.06801800598189602	0.08940462549801419	0.11116765309739186	0.11496313923416372	0.12964291821726592
0.13257916689853816	0.10858034723625234	0.08865497039201767	0.1220752866862792	0.1119832825076312
0.13116975197353664	0.10196183574030263	0.1127351793748707	0.08828294671238691	0.12259563954974198
0.08506504013128056	0.10233288034915058	0.1046850600825921	0.11063491252751664	0.08616801942916445
0.11723259648624701	0.1161395322448992	0.10191664502380077	0.11830779095604635	0.07758152549257832
0.10458771100699069	0.12918686797718976	0.061637709701550816	0.11679550571357619	0.09612366852608077
0.1410009370207194	0.08580758744565518	0.11789662580049043	0.10638524268176174	0.11465868046226174
0.09075021744625394	0.07377107874292566	0.1387761012978809	0.14094475964708703	0.09660601450752397
0.07095652579868751	0.13013606329860233	0.08995324727522716	0.11838553641092313	0.06960818881304455
0.06305868913834503	0.12700721744514057	0.09732171380085945	0.11450769241513818	0.1134466292670018
0.0937333095076723	0.11233501874974046	0.13641422195758007	0.11250660886431738	0.05949902513253163
0.10838878539560222	0.1267082274625975	0.12409211973214387	0.12377006822035258	0.06027633985072907
0.06936718381492733	0.10791342181688832	0.17440098077424673	0.1232105949956574	0.1270649239969783
0.08856329606794204	0.1129930167026487	0.10665120260083961	0.11862921976970482	0.08595103976965984
0.10733903134513537	0.047937213935203345	0.09797524494350868	0.10690279983025001	0.10204091364542138
0.11908827491285924	0.16703984915272477	0.12074700468987773	0.06476575539576207	0.07855521930798712
0.11130310324236685	0.09828305781864673	0.07654954469357542	0.10305782022206207	0.06003209827577322
0.10336134098975952	0.09649443001887201	0.09939460925254219	0.09131077319529977	0.057418193153102044
0.0857422997167178	0.09707783927789937	0.08222937015111442	0.12455161104303573	0.10221947960181514
0.07363712218971738	0.11196153028284767	0.0599847552220899	0.08642549213625589	0.06585112560833672
0.09222414873800189	0.10374113199432443	0.1303434691182154	0.11465679395967718	0.10034106585412117
0.14110593458722823	0.10801228143550361	0.08904650358385532	0.10053334628511423	0.12678466790095314
0.09768510258802424	0.09308898230990541	0.08461489105784996	0.08215477958515793	0.10696125948791048
0.110783142901579	0.09646955819110661	0.12466446030310167	0.10040443380408744	0.0880153464682152
0.14264342406011443	0.10977123310106793	0.09828301162093857	0.08193961116185428	0.08715782995611954
0.08221087644631597	0.09498947754474676	0.10294768951101164	0.13831783423888822	0.09121204959951462
0.08935295303933648	0.08762380869297322	0.08768713011040397	0.10522233355799057	0.11739826358583726
0.09968111390892154	0.12307033634208882	0.09024906178668404	0.09579587978305171	0.10017284035654797
0.09752198687198708	0.09292769159067522	0.1257458481653507	0.10233317284344373	0.11275648193089219
0.11074431006523565	0.07936093159753126	0.07368615774525214	0.10632160946582728	0.12484335978809982
0.1267709136663614	0.08954037856656281	0.13096067482764165	0.06107582679773722	0.08467963354197663
0.08127134812461209	0.08842584887727323	0.08830897773232592	0.07901864559288335	0.12834707614430965
0.094298558967199	0.1035830893394482	0.11857190386168036	0.08355614883421605	0.13505807482782606
0.07521146638815807	0.09606546523517646	0.1064658198819817	0.09993867629565538	0.07257441099732258
0.06989674189886434	0.09881029394332805	0.09118173442062338	0.11794609261503909	0.1073445091209242
0.08942554072292179	0.129092702873278	0.06675036452765383	0.10999573731976844	0.12218277875900298
0.13782210129368475	0.10418067994908897	0.1540448756913583	0.10281126290767709	0.06912148667419718
0.10297643319532043	0.1220648734964349	0.14423093603537288	0.12521863562930535	0.14599904932926697
0.10487648114144214	0.1006344587008551	0.12140171139252538	0.1405699417742264	0.08738853141301119
0.1289451664572606	0.11903692933240748	0.10833730060305224	0.10990238531663976	0.09586103022768151
0.08695406597641438	0.12496982383863614	0.1063214923092501	0.1257367327728559	0.15673030338185243
0.0839211676869412	0.11027153742012805	0.0835375209304667	0.059185313540619025	0.11698582725203951
0.1330117002269541	0.1581082288434665	0.060911280866276216	0.10278749350744078	0.08845131966593511
0.13372347713103608	0.10857838511220254	0.13508616949120497	0.1072028810447968	0.14860771163894457
0.11561004892842378	0.09427685460421578	0.17073710205190035	0.12597472273342064	0.08307405730433168
0.11019479301908064	0.0858490055247457	0.1471711150159421	0.11789293291591375	0.11263215175229899
0.12372561642589759	0.1388169633674868	0.0936695727608083	0.1108965663204753	0.1381509935520994
0.1034171375849684	0.12841770384845685	0.10171845943038038	0.1309599552291939	0.05844519993906517
0.09879108782757837	0.09869566802658337	0.08486030256139998	0.12511639611619255	0.15679279774011884
0.08846386567368031	0.11434916653018803	0.1248735484366682	0.12738314644264015	0.14778440024599537
0.08895955254740467	0.09057421169811677	0.15928546479590167	0.10168836807017931	0.084320989609419
0.08494114237179079	0.1098852843930548	0.08986742486148361	0.11034932266179508	0.08868593825506166
0.1336873263379132	0.14038542710908566	0.12906911105230792	0.126005114894766	0.11032944789360453
0.15180579269622982	0.10952248083568748	0.10414782118319289	0.12637578296097549	0.07965149923935995
0.1490773508610854	0.12154491052982166	0.11007595730455162	0.14938120456119658	0.12210120739010356
0.14380925818798326	0.13083967972535573	0.12901608323587552	0.14642259898280055	0.1103787762390616
0.11502647570283278	0.12374533364012238	0.12836912050294555	0.1715649523705435	0.14125343312159389
0.11615256429665995	0.11638026478379264	0.12581907786240987	0.14942259195623142	0.1374318511457596
0.14704807015891383	0.1073869866167801	0.1408053893165035	0.11967512279832047	0.15056504263050552
0.12791489046821228	0.12724829389814468	0.12309313140228788	0.13100282037719285	0.1538861982343951
0.12024411411854793	0.1523277575791388	0.1351222975925474	0.08941388815699718	0.13094760835293662
0.18475915612577518	0.1541370913624748	0.15316498061212255	0.13964690720892328	0.153901671964792
0.13459831972454545	0.1613359406113295	0.13238148202211666	0.07260135723906253	0.10850994263609484
0.16265777023660533	0.19366967991396375	0.12405741371190537	0.14426441632439363	0.14067865469855845
0.13376337466538885	0.12664063118293237	0.13526227058272958	0.17162843221148782	0.17282768809712623
0.10984483693056936	0.13635730644468175	0.13240100045678144	0.15843668200155664	0.14185312522428936
0.13143467188743665	0.14785901753316288	0.16567109095210367	0.16571548307151324	0.12340791158921048
0.19055875232934372	0.1467788877759607	0.16649852666859893	0.14778772338656623	0.12488225325774673
0.1474300970374729	0.13674569911466833	0.11667000506660477	0.16603301003709298	0.13840637410007225
0.1900566727989931	0.1495494390391238	0.1743296417319717	0.1864020196849664	0.18077528741053606
0.17873304098188258	0.1494203820658583	0.17172846867964148	0.1922296973747653	0.16401421119261467
0.1676694784889294	0.18895052582001332	0.17855511232040214	0.16519045666680318	0.1922260283451885
0.1699326221516267	0.19380130282469812	0.1630026312064053	0.16959148493218867	0.15896875935116014
0.16100840722401188	0.1918097595012808	0.19094499813504623	0.2195704550201076	0.17417641667973494
0.21063843977450453	0.1744073728797956	0.1656643935797617	0.1657279074133305	0.19203200488527697
0.20507715646279853	0.15925338517176454	0.1924010877574772	0.17491450113006518	0.1556471006777369
0.17464385052621312	0.2144319919705761	0.17984849550206433	0.17766644364524292	0.19176007645504142
0.22679124084695235	0.1316650377206315	0.2207014278861241	0.16067384837248375	0.21427900764407204
0.14998612457244845	0.19332239432829207	0.1939470887945389	0.18871395478373137	0.2021909537860352
0.15913214200065254	0.22751124893797395	0.21884854666274164	0.20686297096820003	0.1619979841753407
0.20856322063208124	0.19368013089372513	0.1760641127979185	0.19285527432912544	0.20813208580359144
0.20550679176721154	0.18525956982133565	0.22373693818652535	0.19555208936992005	0.17434755626815915
0.19952038195786082	0.1861107486465685	0.21202722738380203	0.2172660486280596	0.23401412192209498
0.20919288531607252	0.20024001492705984	0.21721291711452795	0.27309787482451314	0.20452026360247041
0.21016510221366116	0.17049391500929062	0.22386054912235986	0.24713120336430075	0.23007034486107017
0.20784130447417268	0.23568286552812662	0.22988206886382195	0.24850449788616238	0.1933102046693212
0.22874634308080177	0.25028158371858256	0.1760285752304271	0.21145246886543625	0.22390751546280035
0.20445636597474326	0.24544289506215117	0.25242242469691223	0.24345326484641108	0.2454766677611646
0.2615983967617612	0.249972871599769	0.26950752851465964	0.23738255721172413	0.2470071736828086
0.29205074488586025	0.27123059084147566	0.25808756127852645	0.20598514455579595	0.26443257864713987
0.28281842384662187	0.25848496200182997	0.27044450437101436	0.27452526292111085	0.26934493117230485
0.24089611969884606	0.2496300914562795	0.284655625432712	0.2759614848928062	0.24726990990360523
0.25244012718388087	0.3253870738181309	0.2556788278565448	0.29308494249013095	0.30459552022861147
0.26106350837481646	0.3071715777829377	0.2875550869462236	0.27314761859527	0.3248724357359198
0.30163226063936643	0.2838198678145608	0.2840500616502285	0.30415018223602563	0.2862258004464229
0.2857411024764288	0.3181121236643398	0.2893511467360652	0.3199427994615531	0.30973390872681905
0.2851013586113543	0.2988512642213287	0.31422343187821	0.2827384919892981	0.33263400322549175
0.3109986304487293	0.3437252568195297	0.31891865016614807	0.36181030162349825	0.32052156029192297
0.30192779264475084	0.3530721708473754	0.31438629076059693	0.3538479819309795	0.34604225874591316
0.3342273754460813	0.31264345606660554	0.3732232959542602	0.34773197628153724	0.34648497546508655
0.3476995574001599	0.35396640049114264	0.36867216976549166	0.3781693655963673	0.40905136606872905
0.33802608548305757	0.390263643865502	0.37173107860834453	0.370890245104684	0.3636246066397651
0.37142392816739445	0.38462446878175016	0.34850457383916517	0.4115315554431243	0.4092101624739136
0.39192827746089254	0.41006777240212755	0.36485345549946185	0.3716502663601706	0.4181349500439129
0.3865289907893126	0.4139731429712407	0.3750722245690425	0.4688728345175794	0.40233187781847113
0.4169312836889328	0.45654472679467284	0.4310124127926504	0.40655379595323954	0.4434208320524149
0.4129234176974499	0.4278975961181222	0.43110322660746214	0.4265676791244452	0.45138959329407213
0.4128884083108597	0.41986127284748703	0.4647777007798756	0.4610282297217083	0.43097643987364836
0.4880646079381875	0.45391624423766125	0.45231072266796557	0.4954522319961956	0.4523960036456532
0.4811435849077772	0.4917499535883548	0.4660312843478802	0.46910546499579653	0.4898374191183604
0.49796978002977416	0.46340717377843815	0.48935747726963547	0.4818372517327883	0.517438508541896
0.5017122255335522	0.5114221862152372	0.556350040098969	0.502882140539293	0.5061631027181507
0.5117501598521653	0.5360575821459258	0.5645869084347788	0.5544029275097749	0.5334035302230606
0.5435695554877161	0.5771306802286646	0.5914007130208548	0.5591876650473524	0.5627197497592059
0.5593021518755512	0.5796621351958795	0.612034361568846	0.5744700818455523	0.5812434981967861
0.5816892446718409	0.5939997050988061	0.675137114974283	0.6015127314691725	0.6577480558123134
0.655992741987186	0.6700052171664826	0.6479278109545765	0.6672822230305065	0.6786666484955513
0.6179448875231575	0.6661151748177269	0.6493432204477078	0.7151474022848007	0.6921355382326247
0.7171301072974892	0.7160051010825164	0.6882149904286006	0.6941188133374054	0.7320307628371873
0.7407668069755386	0.6933111597182158	0.7379205114434545	0.7253388740394793	0.7355851730937569
0.7207542517502141	0.741014561066232	0.7874355673841955	0.7618116829808887	0.7786073840306343
0.7870556286842881	0.7564721245787699	0.838335945966492	0.8364084045650136	0.8513326782188
0.8152606594448799	0.8547196328952739	0.8653108621974271	0.8566186256186917	0.8803263672704394
0.8515493757039176	0.8761858592050235	0.915516677169166	0.9182652401076091	0.8930426276679375
0.9201921872002542	0.9171333507258893	0.9414390127635401	0.9489430391931752	0.9307493156375567
0.9673161553388316	0.9579255880899777	1.0109192185298932	1.0033807056287234	1.0043024108367977
0.9914292754846425	0.9777174045750019	0.9803796150059856	1.0332373425623234	1.0361591778989094
1.0363810751310565	1.105215161734794	1.0768691700084374	1.0967681701298884	1.1415002666307676
1.0896377336190526	1.1244091259380122	1.1699669932981374	1.1354910152942062	1.129304385854841
1.1835204781895141	1.1924569530722169	1.1945091088143747	1.1792942662997954	1.2072112666959938
1.2380906395814437	1.2524311931807226	1.2640181777010526	1.2778185053567144	1.2987630260833594
1.2960511971908286	1.3239263737056588	1.3536496223289252	1.30928742298332	1.3652491036826124
1.359458125899662	1.346736463319344	1.4007977279454633	1.388790831219876	1.4574000400626925
1.4322438173026295	1.4498123199610766	1.5094860643900376	1.5019027740261008	1.5265264532172764
1.540354597253758	1.503099480872819	1.6033233831802638	1.5508686154798252	1.6097467281607014
1.6051261977376423	1.6136348075107632	1.6704432851270725	1.6553808585716034	1.7077962624358844
1.6634914044961049	1.7021362694183813	1.7104078420831983	1.7288789307733898	1.7537148469010218
1.745680718316176	1.7948070244466894	1.818083302200019	1.8692794971276785	1.8391649222008877
1.9106352932226667	1.9363221543543077	1.9051725865684477	1.9558268562018888	1.9750623799728173
1.9457820100423167	2.008436803871428	1.9987032388179822	2.0520834952727083	2.054221556762347
2.0921462753634534	2.1094517164527185	2.10300518845658	2.1496544231705013	2.145969037933076
2.2197249360469673	2.1971948411803472	2.2349405590528653	2.258215702832087	2.246933894495361
2.3021889430806186	2.3106665197211975	2.3073376538359267	2.3728119749810372	2.4213709565622765
2.4174448752211926	2.4227389766594802	2.397526093951821	2.452204454190534	2.488546191048992
2.515238321179701	2.5102562437624516	2.5046478227224585	2.57332503044259	2.5985452287995305
2.6072761619276306	2.6194104316003295	2.668974364982483	2.672401862875379	2.6919968397108356
2.684273811535362	2.7207535790712347	2.71738344553011	2.7277263173075372	2.7772634067150466
2.765145231178775	2.798064222461471	2.828190242898954	2.817137436248339	2.8472421690555976
2.8375737368210356	2.8869921654846764	2.8935108107824647	2.8986700841551256	2.8421584691778623
2.9438317719677327	2.9273538163643846	2.9201235413086732	2.9334193269055597	3.009527869434615
2.9762700649089284	2.993520418832465	2.9806542865961303	2.969094305894787	2.963711412970757
2.9995399056016234	2.9976977487618055	3.0419847706508314	3.011401532185016	3.0566337514755535
3.032997067571111	3.0579262629444046	3.011867266705476	3.0050897613961487	3.030775168071605
3.0056998552147958	3.030411535608577	2.9797228098193647	3.0141216353888036	3.025231812027876
3.0288220150304834	2.9951610818291665	3.0214461522540446	2.985309075289047	3.007549394031037
2.9758717193556494	2.9993932594235617	2.9490915907642443	2.9337765855853974	2.9277220991155333
2.9130617577757674	2.91106530060551	2.87911358466775	2.8897254809974804	2.9323736910929257
2.862932636451002	2.853652265778495	2.8424061848447977	2.8337759526682054	2.806953384026257
2.8106628835081104	2.7926518265376767	2.796841219265626	2.7667147592518044	2.7146730635371337
2.713595347742044	2.738366516343067	2.6899161465780255	2.6563851125117637	2.6428885321100206
2.608122961191254	2.5757312943638797	2.601399894510457	2.5422338838721297	2.5124418116492175
2.520470711254938	2.479792258977675	2.5062725740329883	2.463631348997402	2.464762684658771
2.4266810656601825	2.360499288909257	2.3547118224572676	2.3704956878433525	2.3557643510097495
2.3195669685454265	2.283939415303227	2.2530980591431238	2.247040782084397	2.2641976417283827
2.217162305038596	2.185421734188747	2.2009776809688195	2.14259549004627	2.1079349798829696
2.1484076957699183	2.10588999624353	2.080444024679431	2.0640301979841413	2.042361931387315
2.0248641060639394	2.001504280133842	1.942202700491004	1.9757125150503978	1.9109058908340417
1.970084916609161	1.8953085935241925	1.8887482363080728	1.864598112378282	1.8339296925111583
1.801046513971448	1.799548052061172	1.7905358196271102	1.7701932035436125	1.702732094992467
1.7437790443884604	1.7360372534365986	1.693830636065366	1.6640911687483861	1.6578936668150537
1.6624917190612176	1.59010803456472	1.610008602097828	1.590382303031292	1.5686049404877396
1.5338016572201414	1.55038670782552	1.5248132792221873	1.5120737019450448	1.4655375380244666
1.5031969985521803	1.4586315203533	1.4547601011797644	1.405160335878091	1.3965962343375242
1.4022389723037014	1.3691449863909402	1.360013880778467	1.3582772609898102	1.303689059658855
1.3183359181631218	1.3304425318105082	1.2908572262456974	1.3062290685208877	1.3023311256039352
1.2892266259082408	1.2680062147911941	1.2122991809233883	1.2164610790889925	1.219978984506148
1.1942898622036033	1.1777463214516488	1.148472492386759	1.1148835786599844	1.16401954499741
1.155936160265083	1.1449532865148107	1.087760432729392	1.1280895873904933	1.0791835545238602
1.0844830809635002	1.0790176293536715	1.0293543529680365	1.0826151545355929	1.0337370723252017
1.0208781426969007	0.9825033317564142	1.0410493720928016	1.0010931367918994	0.9569279141781311
0.9586749264784454	0.9023608899502874	0.9130111120664259	0.9817132771218395	0.9182646772938254
0.9146459729890145	0.9484046077775434	0.9351473662954926	0.9035246166386784	0.8985349103218524
0.8491324358798303	0.8627956226992906	0.9109787401985162	0.8415476371131403	0.8729842447137048
0.8380374492551664	0.8564918175906461	0.8378101802366357	0.8250072693962361	0.7897923148393814
0.8139685128850148	0.8167431884534555	0.7969548834703123	0.8040134296525306	0.7742325818241514
0.7648337899675461	0.8102410856588259	0.7262877211914699	0.7507463238229006	0.7376089468846941
0.7584514810055112	0.6998328148670525	0.6978144487923839	0.7915833974450858	0.728401224309644
0.7232143553873482	0.7200570250453177	0.712097393864152	0.6848641061027371	0.6346703109146611
0.6944470561232178	0.6413296971244774	0.6584070992227088	0.6417219538545309	0.6512829446721196
0.6375041643391451	0.614584804074181	0.6227757546855295	0.6275579961367223	0.6495170675119796
0.6339260381647569	0.6111066045190134	0.6127935771881278	0.6011601097549819	0.5919012921971815
0.5939549159840336	0.6025046330957068	0.5969857298529018	0.5665581641764935	0.597453569611215
0.5548461452937867	0.5941531891249696	0.5626512896890454	0.5416759894385154	0.5508967365668116
0.5743774430928653	0.5319936912573978	0.4976108699668644	0.5487499632727484	0.5229926688339445
0.4992386440095049	0.5041727683767688	0.5078599455590653	0.4987274830840966	0.47314877483027307
0.5363353651110818	0.5322232856852935	0.5033134419408012	0.44270951642987105	0.5019196621969776
0.48123206136898944	0.45271983890282846	0.46786461731710244	0.46171929389072136	0.45069030330717275
0.472775286465567	0.4514129972665053	0.4642622598890967	0.47532694884134447	0.4490757494040347
0.4219502304664332	0.41888177710096736	0.38725812166120094	0.4438606155341394	0.42154489515611
0.3963130168988562	0.4770300665645748	0.4420597213095106	0.38303542417575365	0.442917047700808
0.4099478201309501	0.4122623557427817	0.37926681204415214	0.39789417809549676	0.3796138038537394
0.4023602816558572	0.3980557567697142	0.4198593213702445	0.3899545661736665	0.3411170458766148
0.3709210265361704	0.3827785410494963	0.3950280108804296	0.40487775108378743	0.35480285729828015
0.33533728098976867	0.37790379545931174	0.40596785034911775	0.3601385104378739	0.3356875249733911
0.34779592342950494	0.3444091852435824	0.3369650241799241	0.32375912971461646	0.348402990216786
0.3202977169204837	0.35990795790154173	0.3429983261743859	0.3874765780294785	0.3214619044689706
0.30720257453369715	0.34080784141161574	0.3405408660079009	0.35332952952318925	0.3274957990667394
0.33871427719450914	0.3193546582807831	0.36006167933362593	0.3338763924428729	0.311082348636094
0.3301260728073629	0.32346872566112467	0.32380375898849345	0.29518088959094774	0.3192425305921959
0.2942499678856766	0.30236794680300194	0.2900606554153754	0.28294712930574206	0.2866108824538162
0.30045189669258243	0.3047419619962669	0.2804332702437848	0.2636750647696714	0.30052716467357704
0.26853237694988413	0.29144400407876997	0.2791666656070547	0.28920381183197036	0.28598319272365935
0.24118445684033804	0.2853683751994719	0.27407606853369554	0.26441092631962443	0.26271830620527353
0.25631830439038833	0.26729051025727035	0.24335618448873866	0.2361524415927656	0.2350061820703934
0.2917289310155779	0.2662651117736033	0.23803277965815434	0.25198708951123067	0.2416893971309435
0.2655323386936384	0.23688569564464165	0.24069103707176392	0.25818826963211555	0.23962858603781167
0.22804402696025158	0.23507132173552628	0.245855967056564	0.27269446392529983	0.28052372932877945
0.22081064018802293	0.22095880954440342	0.2621076533804582	0.24038914080264173	0.21863995844408365
0.2586870969025155	0.2641594119800729	0.1829266095986773	0.2441826903654823	0.22683937709432914
0.23649142130859532	0.25266619348342734	0.2057246728800484	0.21286171297852757	0.22800672071637804
0.20808588609348622	0.27280190427098866	0.21622784202736503	0.22524425525753758	0.21844385322891222
0.2378543637743781	0.22806807254680947	0.20463201542347484	0.22519931712255814	0.2187573508393715
0.19726608560481715	0.18130624544146268	0.23550437289382722	0.2163211439751531	0.19189631760277368
0.23757044981355496	0.21393803539271444	0.1661872709641541	0.2186102646939855	0.19050829052308524
0.18611938375063267	0.16977278873761936	0.18305088828335878	0.19328315752762243	0.20550302323009179
0.17011581529510278	0.20084361479595939	0.1397807371778555	0.2032269453247583	0.1900089797484302
0.17841290600874618	0.16786308726423352	0.2175784875915419	0.1857875600711871	0.1385719080141326
0.15663873502875628	0.1712447385889657	0.17822726303160538	0.18662058778794832	0.18509459986827345
0.2124569776576861	0.17811677112753166	0.19154759467027727	0.15376200599477294	0.1840458315289376
0.18781015324593775	0.2072815064163202	0.17975494481400064	0.15781415977662913	0.20413033143127782
0.15172248967883745	0.1932954710365992	0.17762825723624318	0.17082549256861215	0.15204067066606303
0.19662326363699117	0.15834176367358577	0.1549417881816143	0.1679482275358513	0.18514875754579924
0.13559678705879474	0.15252363991583004	0.1499397019276006	0.1567292919299222	0.1524303033977118
0.18654901576606797	0.1781230541712891	0.16393359977115834	0.12960128910493773	0.1772330730245717
0.13654045538361798	0.20970688850534652	0.19205034639861193	0.13818667270490828	0.12884344235711165
0.19117694226316345	0.15686306925356805	0.1175404951349514	0.18859774797416676	0.15952117036442204
0.13734383167285347	0.17518134857737896	0.15847018291840928	0.1519628845337553	0.12817837839776575
0.1385771772885641	0.14846191901644049	0.17745043865104645	0.1271331470299178	0.16543963223565686
0.10680086891005858	0.17432626890691733	0.12510559030887167	0.11940640101375573	0.18338698539311002
0.12013348626517888	0.109179892787158	0.13615424837671472	0.16012478729074764	0.14108777782950457
0.1539072057551859	0.11143023779144845	0.14121635786519884	0.143228833323508	0.12174511503617484
0.11434498830729403	0.11792513911028929	0.13698921186254534	0.10791636606485867	0.0856463699047508
0.1218740239894265	0.12822250615340808	0.10234594897986052	0.15388409257485341	0.13770247802774008
0.1031594395919724	0.09738127147988507	0.1397411242862774	0.1089913324969134	0.12812217268545736
0.10302857546646972	0.11006245589288101	0.13306201348138802	0.14139678537285993	0.1465702215073223
0.12544548481547102	0.13326169274116562	0.0997948476140145	0.12461333438393432	0.14653783378174576
0.1366848149595808	0.09756557441920362	0.1308245723304341	0.12421658735488864	0.1226942595958663
0.14573161622631112	0.15820530665690452	0.12542407698164043	0.14325777956517835	0.1251094780931852
0.10896879451133219	0.105976291986479	0.11315277099352544	0.13387403669714476	0.13420011273404214
0.08311690143053017	0.1196045197249569	0.09577141560490918	0.0808097138479662	0.08561748443751922
0.11812158933605733	0.08562541986159355	0.10572073800205564	0.1248405535396441	0.1244147018071844
0.12365933219484342	0.11441281922013767	0.12562354467754938	0.10929146595446573	0.10198455568523582
0.09687692247268742	0.13540375629961596	0.10027963296352659	0.10683880435912663	0.11032546939506481
0.11719435132417443	0.11633080254472905	0.1210695019931435	0.1376822318130361	0.09786399833895722
0.07157258004972494	0.08342093014079399	0.11172569079836722	0.09910582052573748	0.0676448742861959
0.14307002864747667	0.13278809476116704	0.10902378490841633	0.11422633152154868	0.0755448637085132
0.08332848031240146	0.12295777440575692	0.1019207289718875	0.11191235217549333	0.10111611095111675
0.1159150743689076	0.0927352816315743	0.07480090833476746	0.08443430967791773	0.10463187289666705
0.11232177628352542	0.13615712966758367	0.08527282055313623	0.05887592279156034	0.06445037942581924
0.09516154210630215	0.11949673525466019	0.11379459127875868	0.04029195156980707	0.08907316309153489
0.10850284505433226	0.09192957059676383	0.10734285142311642	0.09057767832604893	0.10935345851576281
0.06960809383277512	0.09948385464588234	0.07613234921690129	0.08894799984493255	0.08756102323872911
0.09070961669258712	0.04857666646868995	0.06616675778344232	0.08768792085255574	0.10273226260196308
0.06124108836318587	0.08022991714586959	0.09026848814618825	0.0728498155249161	0.10387421408094
0.10685612664468895	0.06752156328519403	0.053265659864637147	0.09308195944133554	0.05251353860666633
0.05866616090032847	0.09162444186143053	0.07937291425555704	0.07650998092390393	0.0569687367443938
0.10218627112484298	0.08116785471038157	0.08414404920495841	0.04786827498095211	0.11037939062821786
0.09861978077928926	0.050737001404905134	0.06483605317393741	0.060818208609180024	0.05145973046735348
0.09293208239763165	0.08006022390769751	0.048443087190239806	0.07770374733999802	0.10000868637351679
0.09407171081447033	0.06446250254246134	0.02767226180527702	0.055653279740344584	0.05735512370363461
0.1046725210523058	0.06113282203520818	0.09348886962664138	0.05680587594357282	0.04040116405278166
0.05387178073529226	0.0856489956119579	0.05708277925252914	0.04427886941449547	0.048189823593256235
0.079314815405843	0.043624370741869055	0.09212172006727334	0.07634428912553624	0.07134355140685351
0.07669979729946015	0.020547223067872364	0.09346297008863033	0.061815974988921316	0.08896580874048762
0.05191351035513583	0.09370755339124463	0.05536693559601307	0.05879644310243677	0.024723010672812625
0.09038902236755669	0.07610624682962448	0.0683860385210393	0.03601127713668706	0.08030315474718812
0.06971704803969521	0.06756095399493584	0.04508818020340435	0.0791769920486282	0.07391029251485484
0.07797442792218913	0.08240954081102625	0.09106603203908331	0.0595194566562217	0.07321542868896622
0.09260187700934742	0.0631214148140539	0.07138876668346389	0.04834891150382101	0.06974244371175309
0.0816736641775949	0.1095181355798788	0.0632183309877606	0.06961680773521789	0.1086612928664689
0.05142921068136679	0.06247670380514862	0.07975893974339145	0.07302666511586331	0.07563583976881302
0.07238371945853671	0.07249818561858451	0.07910764580717658	0.054873934057895264	0.05218385131264569
0.09929953880201925	0.05330841646698566	0.052490095336214564	0.060201317910049935	0.08933299751243615
0.07553676595716957	0.05561363806527813	0.05082252778983582	0.04562854297557917	0.033327407269229455
0.08415855549318688	0.05926154350820006	0.04008335336083701	0.0741732386526077	0.07180040214987883
0.07341892398228093	0.0838972466944466	0.07262087351871245	0.03028804086018756	0.1066584466840835
0.06837240382565919	0.033408030453087934	0.056290692337637234	0.053394703996924656	0.05890115871745655
0.06987798534989123	0.08038268844558621	0.0466368646525712	0.03046382406539659	0.08300106438537888
0.03581960141588778	0.06746515945624897	0.0792357571742521	0.08833005652080358	0.09557779884714647
0.07713735273958519	0.04829717626076548	0.05532858876811826	0.032711791141753266	0.05366672670349675
0.08128115421400453	0.022596699476679492	0.05557882540118794	0.06446730099897545	0.06225973582268785
0.03993040512186773	0.04076051467046303	0.07985139201952755	0.040883473328900445	0.05128780776358511
0.06030873900420136	0.058695734900750265	0.058787588623487555	0.07474924036837327	0.09098188918104534
0.06709734537977458	0.02087184187357558	0.04417609548209491	0.052091520505448914	0.06335838447292252
0.029184897969799378	0.04515435153284324	0.08309724646874726	0.07090618851141804	0.07625606965832979
0.07782603672410478	0.02881385859981439	0.04589414792672339	0.06326891403459808	0.01486243855859089
0.017194267750513744	0.014990955059794	0.0229692701068995	0.03297815306184334	0.06644645188560486
0.06646054985856806	0.062099923536171046	0.04935127646553248	0.040240506203741463	0.0587462977649403
0.06271276496890962	0.09016265843851477	0.05668189833879294	0.05199314492131356	0.03407555497983197
0.061875627386700445	0.05034770998861464	0.0440667905217852	0.06184372710300933	0.03930252176402121
0.0428691940329671	0.04885111540621786	0.07098569865530484	0.02769738484565612	0.04503546426413421
0.057000366590387826	0.098557323501362	0.06423644604882525	0.03845447446526304	0.06900954991258106
0.050382235916169645	0.05183738147583413	0.062106725287079625	0.03572258849118708	0.0649453016968698
0.03859127745821496	0.03881927632917077	0.03969076447656831	0.0851319018297716	0.052543040586909576
0.04811271136101263	0.06936635235564029	0.05799571855167128	0.017122184420857375	0.06043647030844013
0.05486927441720969	0.08632258457550962	0.05162362179220403	0.05612470090100119	0.018098871366437695
0.009504563037821899	0.04801134324078394	0.0647303766512643	0.024965646240231558	0.04296248470815425
0.05068936703916154	0.02444016617013417	0.04429517307077907	0.02875600386575943	0.05511031675725293
0.06603491266584041	0.04543182622918254	0.055891943963083376	0.04809397574235922	0.06238957323202373
0.023979541586242204	0.022277661670158475	0.02764242226511115	0.037030731117705155	0.04652430417394322
0.03375932611363775	0.029447577850241373	0.06778412994532751	0.07141615234678177	0.03329949730763984
0.04532771361380828	0.013167366683151296	0.047834492413121835	0.09689628361563549	0.04436438582298369
0.005710928969908369	0.03647573108633989	0.011511825965636916	0.042423566402067535	0.05820072534167924
0.05495791379592381	0.01994281038169055	0.03433603600567108	0.031564208142707176	0.051780316036931374
0.04631925343121555	0.05364427054805532	0.08120856826163374	0.012769272891673343	0.07591518183107694
0.029887078543799513	0.0510314356212971	0.022951878173254076	0.025654428464112575	0.06281472706404444
0.058237967643174855	0.049960348317870544	0.06347817854568323	0.06194854956145886	0.053994271766835356
0.05497220394378031	0.056142728738448444	0.03332284819520353	0.04600910619392727	-0.02194810362106278
0.03568580949098497	-0.00888680704851277	0.039866491203887314	0.05990458718632695	0.04935415715560634
0.007366329850470841	0.041417115440778314	0.07790806137998603	0.04977572381948614	0.0659447800981671
0.06157630607358731	0.07627399042272785	0.03100171999429632	0.0613857064901837	0.04526204908000597
0.033019940199907935	0.03497599439531357	0.01070985464853934	0.046664148229299825	0.039413523515766484
0.034679498346158334	0.013509206361060164	0.043072950617052165	0.023536027749015136	0.010271732833000851
0.027127587329711052	0.05867982708881315	0.04826721130460562	0.035516507210215056	0.06607896389145973
0.03450288010573878	0.04189949977290969	0.041465356632112274	0.05571187648621082	0.009282733491590797
0.03434534528936868	0.035525478019938564	0.039419791052417205	0.03515231536295448	0.03311448179410743
-0.002166181468986254	0.01624794699564862	0.09924722128719113	0.03577469657116926	0.04437565030598701
0.03718286470859522	0.07957093324395437	0.07300215785060822	0.054349041744089215	0.04406506731321954
0.05868593761438649	0.04464169119851054	0.031197047601865636	0.011518297620228551	0.04168173735848002
0.03869185489616014	0.03681461755269657	0.02350068053922822	0.005750758555381203	0.020152374932427046
0.04319972089075465	0.04865608182423802	0.05178974657768631	0.0593335632810951	0.05912928468769112
0.03793845142378114	0.05536891285188426	0.03635747775685542	0.024740875350297915	0.002254601880341477
0.048376192938251975	0.001124199347118023	0.03104099881322505	0.036549959138620365	0.060232761149436195
0.06998560203831145	0.019164201131738664	0.07802243752842032	0.032859831643214384	0.04230323465816957
0.07337030809085036	0.018457256029189375	0.05886797592346851	0.031948396612480404	0.02775065891535278
0.05478939932010276	0.06329841466031062	0.02690549994591937	0.02873116771983636	0.01159307820379484
0.04445976164100075	0.036197376197699555	0.033536840043819786	0.05518007722093324	0.01154856437855083
-0.018379088774093465	0.0135297389894459	0.07778137953808806	0.02588746215413504	-0.0129417554302374
0.0724882981481356	0.041125047124980205	0.0353814655256541	0.02624329520539963	0.013518032709008407
0.09774378846453609	0.05297637413815022	0.008319911348591275	0.033072489495650365	0.03862920915993933
-0.003010790845128004	0.0011591991968296234	0.028382241656922123	0.07571832846252449	0.03928783701399561
0.01549410832607566	-0.007501132003646206	0.06528316149796606	0.05666683042209233	0.058475905154443335
0.04891692019427863	0.03488263987093322	0.027861998039351302	0.010871293332771797	0.02644375889636523
0.03382942122248607	0.04654738634844876	0.037508245998669434	0.04295508945020245	0.003955072440287117
0.04147701876512769	0.028857089098467285	0.039277244675109575	0.009904541119891625	0.012462004956828705
0.02027480247231051	0.04293221247713421	0.0038961768253485095	0.02678988139860486	0.08285889889642535
0.024095094575129893	0.05442058765273418	0.02369010137732187	0.03552473194710805	0.048530191536878146
0.006813034466177876	0.02498505217769294	0.004330365265832413	0.01930953816628734	0.0036391959088338433
0.041223955849465824	0.022279282684492654	0.02083858691922935	0.08774197431525191	0.03462042071252601
0.013904431971867968	-0.01619197343769027	0.053259881235786406	0.03434120756874656	0.02501827645034419
-0.007064811966483143	0.003067476780759366	0.057300527414488156	-0.0004829823083422448	0.0437841046259889
0.02328491281534081	0.01574626305828918	0.04683450020577133	0.045729535280039986	0.00344842999203571
0.027493956348458807	0.07696686492904808	0.04159594787401173	0.04368194391594075	0.005227004741972384
0.012373104403569521	0.04275854076705182	0.06955493168457494	0.02059083011288637	0.027090779256192125
0.0448241133486298	0.020924827146880567	0.04215396320046945	0.03580413892208946	0.0007591208319626683
0.027336730399923542	0.03944887432858471	0.06575425269750071	0.021681479124872876	0.06204196996312998
0.04270488278439111	0.02087408178622651	0.03458689832470899	0.015496953065530169	0.04286216808938613
0.020411409996271584	0.020400830844656388	0.0010327861031338148	0.015526029279360589	0.011322298353953143
0.04827283168853869	0.03091983906190874	0.02117525197319019	0.026824555450556203	0.054832521544551
-0.009236657396871196	0.020727994671315628	0.04812866642847555	0.036263181573364826	0.004956560981524589
0.04666424738286145	0.0407181096158079	0.038232684807850206	-0.01166377429169124	0.008953267899481122
0.03303471789713705	0.007801921662101224	0.056723119917607166	0.033136381447248175	-0.00833104476997896
0.026454440305733348	0.01533273123295599	0.006224587578602007	0.009202661933448134	0.04191819119884617
-0.0008531684827422907	-0.016248438836660255	0.035703499142005546	0.03967203167831728	0.02281200485710229
-0.00292276559697794	0.011490971854520205	-0.012289094571152938	0.003612934288146642	0.02617597039915326
0.013920466484236081	0.042560554597350704	0.005714459052047859	0.029409183656535415	0.02827315899588508
0.06816599939242036	-0.007007008485794079	0.02393465193185411	0.021108182900193367	0.03586839184352809
0.0325944587803835	0.0474553539587553	0.05724609830424656	0.027117453287852332	0.06962733630718711
0.024293882518243028	0.022222847840881608	-0.022600581949985984	0.03655152352666068	0.02333197109860405
0.03396260715380872	0.0378406761963301	0.017282410934178028	0.025627328665685276	0.025781277286512142
-0.02118031670553451	0.02929569339707777	0.016757843242140018	0.05123951414750786	-0.0019144186100453712
0.025792758636528725	0.027834299996268724	-0.0053394400655758685	0.006492058000355693	0.008529240083955215
0.014766074819616778	0.04294907907207483	0.048781655892890956	-0.005096560412244769	0.07339331896173835
0.01798132011997664	0.01354075549681081	0.020004364103401673	-0.021964027567743273	0.06638057285450895
0.05331988813445536	-0.001968815797933554	-0.011874773355681798	0.05432276893704119	0.028696371368170628
0.01978025333099709	0.03568134911461931	0.03689215648728107	0.03147221440500261	-0.004644093736547854
0.015892398968900188	0.0033391292294385716	-0.002570043822984789	0.01825872300458039	0.026399409568566366
0.01925853132525088	0.02553078956652284	0.014554664013899118	0.035140664617481776	0.013357907136510434
0.04388610341017904	0.030555929338127546	-0.02774465600790575	0.011115744865478203	0.03325760907664966
0.014578184056835993	0.03299744153612595	0.03875457223392559	0.009069706056007605	0.02022771257748304
0.020932693374756665	0.04966817666297424	0.01921009501275124	0.002551759207456367	0.006702532103492753
0.0230445102803147	0.02623750506617587	0.007602216929264311	-0.0038437966345941828	0.017546876035444265
-0.00970475341983729	0.005237114589661869	-0.021703041874401183	0.06754719612228659	0.06142774140698398
0.013914414508522033	0.007062135148951491	0.03246402926485737	0.011257591608369009	0.04110542825130771
0.04950822375654157	0.029514664056143752	0.043746513977910594	0.005537141332682433	0.032359699857584405
0.0254345039607227	0.04198384719160367	-0.0006628980261424444	0.033224266671545356	0.03204013554068636
0.02471320271084745	-0.014950007781790075	0.05199914612592312	0.03883361535052049	-0.006997048997190134
0.025380006725232815	0.011632425630716325	0.02658162295302364	0.06135257921951809	0.05408436816763951
-0.01786020736836361	0.03178206117276985	0.030031599723635935	0.04259393190869463	-0.013377631193707402
-0.002007054080863153	0.024092575379911482	0.01822971703163121	0.012933937145257502	0.033174315643522884
0.04536536636803204	-0.012479660071408778	0.02589361388671259	0.030824884428910126	0.004568844034306815
-0.015233590026378604	0.011579060978411663	0.027962493739971925	-0.012416988281801503	0.07479314968700593
0.027183998743644872	-0.007232837752234992	0.009941408607536603	0.03425899944294038	0.009160719624762302
0.01317549809190938	0.031920152634200165	0.07336440285573134	0.023978900085670458	0.03971854126412317
0.016749489852262867	0.0672357442621414	0.01057943447081073	0.009522086460826841	-0.005603239023293316
0.05033456689453271	0.03332843813834347	-0.005978696927566464	0.02681527136606602	0.04549514036895626
-0.0004178479622064628	0.020490099124224555	0.05039697509354901	0.035621827169457124	0.0386118768796546
-0.011164596487077499	-0.012758851031137183	0.02249347594221532	0.006505779217971929	-0.011775021954031352
0.0235870123747033	0.04904038909311769	0.03433695603169942	-0.012006511659023378	-0.0031025516825566425
0.05344804844273999	0.004276654777539714	0.0004110777625574661	0.021116211335557085	0.027489032718907017
0.010530893118642254	0.010955375098476104	0.0453790729097472	0.01292478051341989	-0.018548123366113556
0.05165898319205927	0.03171567472917737	-0.01676854491833704	-0.007156972079620885	0.026753318670306305
-0.0003565349774943003	-0.019793634668035548	-0.011524697095073822	0.02114903215070371	0.04241458589300034
0.05077866139228777	0.013734601137240924	0.0008600778697539406	0.021334742074737578	0.024946245075949745
0.005235002972971843	0.035533350819794134	0.008368674277978222	0.022382824190273664	-0.008531460563460989
0.058923637801962324	0.0346807011876634	-0.004071761971465571	0.04657470729871994	0.0027059880974859797
0.021904979535709378	0.03660347950431512	0.002696535922170653	-0.010369658146690133	0.04526462662781198
-0.01139752582052629	0.05001704866128136	-0.011583979499710965	0.037681787715752785	0.0004670604311687171
0.019500655108712014	0.026936284953557356	0.04683368929204322	0.042292157761417634	0.011341583628419933
-0.004522480448305103	0.012300684514916657	-0.012440247668822844	0.038989651158438644	-0.009855493685674798
0.023227150279402687	0.011049384149773533	0.0013172758750088333	0.016195231069278865	0.05038089198774524
0.03560448476153437	0.05211724735809711	-0.01721411326088888	-0.011625199977055512	0.04393574701813109
0.035161534266038665	0.025557292387250963	0.008472500988175861	0.05211298167177557	0.03576151068049325
0.04195522531977245	0.0004709488356517506	0.0172458098836095	0.01893957364090782	-0.010725910267476692
0.04301297529107599	0.020729916622899913	-0.036009861088062256	-0.015600955119721632	0.01094414807808932
-0.008851773164955834	0.053850192182193744	0.027670887932054765	0.033041569872640335	0.025892739043571325
0.01749328939839328	0.005296460619245635	-0.02926647928825166	-0.014152530639977672	0.03215391595231555
0.04495054006965344	0.017251431639645796	0.03517205095554582	0.015790112144250266	0.019509570250504454
0.022176271080382587	0.017523502173795006	0.012653215681162563	0.043249777541301854	-0.024761470993128063
0.009189198138829074	0.022428191330375772	0.026910790143965475	-0.01638569629032209	0.005845243861827652
0.04335338440212809	0.007275953570175247	0.04803437936629105	0.0282923748966209	0.0010914932248290692
0.018935522889836617	0.028627406336358747	-0.016778074607373867	-0.009365294834894355	-0.012126592597992902
0.0075336764096584265	0.029405929305654957	0.005740765777756329	0.011299469413536802	-0.011431220490618808
0.05245394869355548	0.03256645227409498	0.023198160963351144	0.01197238079054623	-0.0034852652513626325
0.02638794711421934	0.02733323282409448	0.03255963377662864	0.015782244396714752	0.021444106525297213
0.024319119307452515	0.01110021517872701	0.007759054238140279	0.03664680945835028	0.026860915768739026
-0.012566621579752142	0.040517445265725455	0.061181171451373244	0.06262010672477795	-0.0029070090434372958
0.037634943864460146	0.0003730206262856628	0.03136246514866161	0.007849463070252628	-0.03966936058486253
0.0227783973276449	0.046806312576564084	0.003051673446358429	0.0317807817935677	0.0189560994569214
-0.038367629704924765	0.05111684997149332	0.008183619350575244	0.05884665482378122	0.004469626193565503
0.028066077271422962	0.0395644305126439	0.025008474211047814	0.028582600862776315	0.04983566650850467
0.02615919009394707	0.011248712825370745	0.02905450770892659	-0.04488533302050583	0.036941349305419
0.03205052242953982	0.03628371744457063	0.03854105306158146	0.020261428827621743	0.018024669718514474
0.02554938056209625	0.005479180185225323	0.003474187682354239	0.04280650414854911	0.005906091599454424
0.04302843533168363	0.04990557750134307	0.02723290133169398	0.02057214455199903	-0.011670785263818822
-0.004209553938652744	0.003332276792978159	0.004307946818435418	0.01011985399024506	0.031197800097419688
-0.024476100080860957	0.022492948417568638	0.020917281890569475	0.027181533989486244	0.007152892021806528
0.030858602422365294	0.05411155477550949	0.05123242125980772	0.004277903968263797	0.016730728002139452
0.0041292638765494825	-0.009923226979239306	0.029017683953130934	0.01205302045266602	0.03437612049228699
0.006833389883834279	0.01731456490096371	-0.040569788213682886	0.007406551903431534	0.00968503644632533
0.02485109634472365	0.03500056929258029	-0.0174508920901197	-0.030627110860249444	0.01627850296417213
-0.01590486288113788	0.04307259553198508	0.03015343791711575	-0.009674719586957056	-0.0102263430592105
0.029020156200188878	0.04282876546395875	0.0016724070570751093	0.058381460898716084	0.01846832160672775
0.01708135872247056	-0.008332137031870567	0.01810480802992672	0.039757645092034395	0.03889804432438366
0.011345226591300796	0.03934438048565896	0.043435237904580704	0.007976981649578541	-0.0022418143024915717
-0.022221316183655613	0.005064018889055243	0.02743124966649664	0.015425297725669095	0.01851041194584721
0.033083761476826144	0.01888558963261916	0.03868471122693649	0.008546778460936474	0.019996073307890765
0.003577602934033174	-0.010341566603165661	-0.014283900782302288	0.0030527333396219263	-0.01774306311636608
-0.009826268418730058	0.02050510851850726	-0.013567767237818619	0.03542244238185625	0.0238622122014498
-0.008267304692754041	0.007918791206471652	0.017096393289762646	0.01309421758411983	-0.008363412355831924
0.01788075807598353	0.005801593055817077	-0.02827095894322426	0.04969017127363798	0.04095352149244637
0.05054664543688799	0.013810555295659215	0.02887086684561438	0.015363341248683578	0.008343416235381746
0.004680316809868885	0.01588030531817475	0.025216175793105006	0.0420553167346891	0.04317061492177319
-0.016807276699770904	-0.008405094616218859	0.013129198733010172	-0.03560401273638168	-0.03637034906536647
0.00741441335267069	-0.05090478381588096	0.020214571129907967	0.01138733566231166	0.017515599871309236
0.0447193522408951	0.024392732550396146	-0.0025191834534004746	0.01875503102595816	0.051946889795709134
-0.024240190616946204	-0.003690139029421672	0.030004385832641256	0.019263949472106596	-0.004200323830656709
0.012236848271607762	0.012252967327340318	-0.00821435701219761	0.028119776397267968	-0.0038027451728539384
0.023396590562560046	0.023875373857736113	-0.021319462444891094	0.0092928118641309	-0.00480964173837319
0.035535896273745635	0.01827282552762568	0.018428294434791534	0.024710237177410905	0.04479236810607105
0.031492646333824224	-0.014787591009586657	0.04190150915425382	-0.011765531037329965	-0.024819601502295178
0.015100900764426224	0.001195993372580726	-0.01309849524749601	-0.010097624299732074	0.004771188975981141
0.02908486094158202	-0.008389189065386863	0.06251419713352516	0.01929838586717157	0.013056080932107745
0.004258953128687898	0.03529984656777102	-0.02207978904248984	0.031211400619282063	0.017183004067978756
0.06376729184987583	0.03755687727014817	0.03612932041745605	0.019001959415885943	-0.02119949365171131
0.02369530238392768	-0.011355329936079546	0.003107937160569143	0.04175769424818517	0.005221815318239212
0.07174620758717146	-0.001310901062436939	-0.010406306717618417	0.031088827447206088	0.037906194642132546
0.018220364803074617	0.014377706394082963	0.0057279876054700096	-0.012238077728835808	0.03670034329706992
0.02348431661972998	-0.02454359062165045	0.009224663542163116	-0.01069055052137578	-0.04221269972200505
-0.012592858459098478	-0.027384922810817978	0.025902584020396652	-0.007513578345777777	-0.008624336540911054
0.0368501856338747	-0.004698276645135227	0.054426241820868956	-0.010220368616961054	0.013207814784384235
0.008808083713420924	0.0218920592805287	-0.00920226475308213	0.03374989499278255	-0.0226582641451766
-0.006821063129538117	-0.016209758409595144	0.04216474098252108	0.028658023075131524	0.029150353024757644
0.029480742168342882	0.024581401599776353	0.01312496597494567	0.044938645207251486	0.04749413730470432
-0.01045906088161518	0.03603129140459937	-0.02281277850619155	0.04702934899490834	0.019595230010396
0.026898272760864896	0.0245548420508124	0.04001080604466032	-0.009540915711497178	0.023387357198245806
0.0006524788179566269	0.04462277991547681	0.03556320718518103	0.010511418464108387	0.04061886953246716
-0.012456064446330276	-0.010990202435960132	0.007708411665144788	-0.022350973609078555	0.030536046557306212
0.021701740747747007	0.027137912784056892	0.006712122810342395	0.001342736384552748	0.04042186302847864
-0.011099556144690919	0.0014014462765696827	-0.0065317113010831835	-0.01453706209822927	0.018509685006447917
-0.00796792818315415	0.02164357236221053	0.004883151227014243	-0.007618855539306571	-0.056742187426927125
0.01568277497341037	0.01702826062029726	0.04451843372327978	0.010315922451904987	0.023522084179933393
-0.010494520542261701	0.002915879409927469	0.04833429313677761	-0.010007678577320916	0.01387162503945415
0.00975936769228571	0.04085169717170331	0.0035554490337778425	0.0056558683467424625	0.011501620585161321
-0.006239362061162651	0.027643044265090337	-0.01395896815519901	-0.008554198553389441	0.03656197717410342
-0.019374686202591116	-0.0020143484884088247	0.015126552297468432	0.013901689822825185	-0.009610718683662287
0.03727220329046597	0.05551523695653388	0.04135901181802169	0.041513541044048995	0.020739210392042438
0.004854728734172294	-0.01646366483822173	-0.006191399942781795	0.018050963148780057	0.01146044345977516
0.010930181941005224	0.032696763629976575	-0.00159479298244696	0.012742687816370533	0.030072645690760194
0.03463502690065595	0.04994141447628325	-0.006854088661310512	-0.0010212999000851755	-0.04547077779075826
-0.018215609713839183	0.019643409337065848	-0.00012209027001718054	-0.021696783832405548	0.03526283031309359
0.006065810129097935	0.019694214535616348	0.04872019344653629	0.028127478034475448	-0.027610329715250674
-0.004245174687491614	0.005540559900612894	0.007364008833056609	0.010776710724916896	0.0034958085542091885
-0.03455447442084142	0.008338636947134414	0.0267113159221257	0.019457553101446853	0.0563509966839873
-0.006658717854196521	0.02724835217450232	0.02505598568095594	0.0361286474094507	0.023203129367073368
-0.012336340559182833	-0.022695461557829977	-0.01043543473958084	0.033786074220811084	0.006739690921037111
-0.016484432633255774	0.029234639254483854	0.029671689126830623	0.002298691370438361	0.010683228085849684
0.0004627048707391678	0.01713768695978831	0.03677263599071344	-0.0015353431444761582	-0.007408472635752917
0.003173275512559951	-0.008297019927327636	-0.005264938952215373	-0.016769448812315887	0.02855688425894652
0.012733201896819488	0.005841493912003623	-0.011301569642557647	0.0025673901894643367	0.009118805135838117
0.023481508218508872	-0.024113794253099893	0.006895400374245719	0.02320199782275226	0.05145950336691972
0.024144287329153153	-0.014352053524812057	0.001627492808125006	0.0077350239299707035	0.0019747330367379415
0.02726556171978186	0.024890344569597014	-0.007649400822160492	0.012318584436687041	0.021643893307381416
0.01639956457986541	-0.0017476669516149138	0.031057246929295693	-0.0048322049140135815	0.002844841085345489
0.026339018758487414	-0.01070778749771736	-0.01093455539580046	-0.019851760613062843	0.010448038642267104
0.012914355149417831	0.013091396576493056	0.008684154862380427	-0.019903649787238666	0.02279860204082769
-0.040833898285725985	0.017697514692943853	-0.02676904300258831	0.03496471721354269	-0.009703278106718009
0.018873546575769486	-0.021917524735425985	-0.016749171332623287	0.02545471682348057	0.022047448599564153
0.011676927089511291	0.04713984517426591	-0.019268280011650506	0.043298917478159595	0.021085200115023933
-0.006169113902056323	0.0135501866362545	-0.02414148933632726	0.0263726450944794	0.020891116836033657
0.005758795127381679	-0.0030981027904888048	0.03121379526375527	0.0030321430350830573	0.005413659643640649
-0.032730427634268575	-0.017838078043748783	0.022864827303546106	0.016560397456352745	-0.026400850558024103
-0.025898336200004122	-0.011205912384526737	0.010438388218993452	0.03487453113293957	0.015320008870331454
0.01736025208515487	-0.00015819531476216758	0.015801432219773162	0.0016415181280540724	0.0094718670501238
0.017653589141646185	0.016729959780544874	0.01754793047848213	-0.007425808589594942	-0.0029385946804945306
0.013402994794717522	0.019297462928313733	0.008327672358034999	0.014146161092257114	0.022146546191789785
-0.002695526303994861	0.018975533355225244	0.03641536985408607	-0.018367950224306148	-0.01894408071084949
0.003301077637123518	0.021331650228893634	0.012991542150064183	0.01562160175362547	-0.0024141197645088097
-0.006819548269823974	-0.02887505001973659	0.0025930217246471804	0.02130517234192309	0.004048161047541028
0.0036516322761034037	0.004778313216151039	-0.012968379456657535	-0.022336563790137952	0.031301847465416935
0.006670550502327888	0.011393802386630361	0.030494575373582838	-0.01351643489949334	-0.011140142373178213
0.018134615395035025	-0.013195620832859481	-0.0031491457428782354	-0.019769484307369817	0.03344327878924072
0.01829661871481774	0.03609759297981581	-0.0034843745440283095	0.01256128919392004	-0.013382584572934396
-0.009202658835723309	0.05276546231067383	-0.0026609200584172352	0.015284979829285436	0.014291523701758044
0.02359372699300263	-0.05084022458206475	0.032689823339518004	0.03330460683810401	0.004397055977190631
0.01368021108783788	0.010579000588175357	-0.011562029500046304	0.012103327310231388	0.0164626655062789
0.01873587443051661	0.01117957510559362	0.01908765474683652	0.014837533354244734	-0.01856009631164257
0.01724666501156957	0.030004075145085064	0.010752340145385366	0.025165006755634534	-0.005763287540536017
0.0012090374603552449	0.0001306062380046786	0.01287303010969526	0.017748733318348045	0.04534787638022092
-0.018924991052177535	-0.013795185136896686	0.010978537131155087	-0.012679453178246682	-0.02562978968168761
0.033672873776902416	0.0046346709821683835	0.012772175655117953	0.02285861022199874	0.005203601383178841
0.015153859992764907	0.014304703360538844	0.05966716695384565	0.009625698706078031	-0.010603574475875652
-0.02651296761008115	-0.012582552380770263	0.04613662194075497	0.03716147595654355	0.032536450876597504
0.026226720519915064	-0.001569084496454885	0.02273232714544579	-0.015552200064340745	0.025540004711233886
0.005249298476510213	-0.01822904132596272	-0.0054088104001896635	-0.01051728235228493	-0.0010440842479900695
0.018272423458607558	-0.013062959629162263	0.000874133937070861	-0.0034235077010312236	-0.004074712765148725
-0.012363375736421118	0.002354085815011831	0.026466578119641353	0.025086443651715078	0.027167518427348943
0.054165808392443074	0.01801609877601308	-0.023627748828396695	0.01950546250226147	0.04124210445771878
0.031121708939635975	0.03080064851074548	0.025900964355159366	-0.03768356259263505	-0.010086442799054187
0.011006343406234366	0.04094296306971818	-0.013237017980353576	0.0355396506439966	-0.022966361119093694
-0.0005050825459434514	0.0025777542011623964	-0.006802562021409833	-0.0007816578348252214	0.0037712354436418554
0.034462788702472866	0.025857654106881692	-0.007250674207169437	0.007015095336365364	0.008535607726490407
0.004944716453067877	0.030664693666963467	-0.005309821466348357	0.0380289511055829	0.026915182244530458
0.043497783453410044	0.004673114479110625	-0.004758343026051539	-0.03221899760640915	-0.0203275057897086
0.03397215279137186	-0.009471158650438488	0.013259499474889202	0.0260154385071869	0.03318712647265855
0.06383131743277798	0.024898769377054392	0.003906217661787644	-0.008627763845546265	0.03273193021618123
0.010039085829138846	-0.01494839087788933	0.008615881055646188	-0.0016378460628860038	0.023169417678036725
0.0326600078470419	0.03564815023387863	0.023003597814041522	0.017260562246133343	0.003168157125251192
-0.00485988771026521	-0.007314309865835389	-0.0022737262445346068	-0.027732462058197703	-0.033729022187284526
-0.02833754112522029	0.014762523791585908	0.03084121951388999	0.02793271494566257	-0.0059949656721299885
0.009944407791146564	-0.018132139254815816	0.004264278996509743	0.02046507756285281	-0.021376029727027922
0.0154219420516859	0.033755379122850676	-0.01902336916446399	0.04404455814047195	-0.005917772940797278
-0.0027689257819680617	0.025572404054480483	0.033517427326294404	0.0286525349844315	-0.018167249610684347
0.01227075170728266	0.02080064121646761	-0.00907535850206347	0.017791195092941716	0.019594694995267704
-0.004886378184074661	0.0023967566862611155	0.02621948831759432	0.028396830944591625	-0.023027830790476284
-0.022709034081490928	-0.0007321594339878132	0.02072091644228722	0.022665270878235014	0.03640477497537214
-0.01205922937848446	0.010969130964691928	-0.015564413878681547	0.008956855748295278	-0.006905009223671579
0.04130541744980163	0.03494042902792435	0.04091370904712948	0.05978495611293996	0.008024313126204705
-0.018099810649388995	0.004452877584100111	-0.06445682080951576	0.001119816705901491	0.009806762723001104
-0.024291424377365364	0.00025219980016382565	-0.022598084889531817	0.015621136673361848	0.017510045231360297
0.04998222881804944	0.04008933444114845	-0.007536227981813229	0.010384793251958468	-0.005248896073728367
0.026795095985683064	-0.008262027325787766	-0.009487257261214247	-0.032275140966473104	0.022830044272093314
-0.016372376101893987	0.029832911484749116	0.009219150397864995	0.007584965562217404	-0.006958279527363921
0.015637543462281314	-0.016462213149236453	0.011423037755408358	0.03374468877638319	-0.02715640347090246
0.009299691663742869	-0.0180397486518962	0.05400054902944764	0.021262306996055504	0.00356277137899958
-0.007516734121422136	-0.015452956684359363	-0.014114397040521478	0.009780869727571383	0.01593130821337978
0.031208933075160247	0.028876023413757685	0.013725581269636829	0.009012176029002786	-0.014159811425197904
0.002051061072769737	0.023119357416982306	-0.003749807362807225	-0.012574978924972337	0.004135064974739705
-0.02284866603373993	0.0006094363375607104	0.002906163780681475	-0.0007041234272508736	0.04029159990270184
-0.007034797990722444	0.01662139359718259	0.01377783876184218	-0.014218568585758344	0.019313465227875942
0.007575171431840768	0.01314518971995444	0.048969978985325055	0.010728387632888478	-0.0001314528658509684
0.01004780508442653	0.000610224370088246	0.013303639796386432	-0.002033337472197736	0.03211193674598008
0.010552893597283074	0.00531892195839773	0.041520611395623803	-0.006404690469125424	0.023746455256601552
0.03316855931669196	-0.029583883855186174	-0.04110409550455139	-0.0308258774167098	0.032355073190471685
0.032858428255665845	0.029412197236634886	0.010921009040315849	0.012729187327405692	-0.007562589027433076
-0.035812377362739754	0.0008853751747125854	-0.01967572776591664	0.06808549316436843	0.044605527569554625
0.014997147401358178	-0.001689634730933541	-0.003972790363434033	0.02238655124924191	-0.0170502564642189
0.020442663895514482	0.0006518204348934702	0.037747329799299706	0.003252870366088426	-0.0004855098253624139
8.685091311609171e-05	7.539678409438418e-05	0.004344679177541906	-0.015107663697537391	-0.016356620528896366
-0.025299075288082645	-0.006885247929482275	-0.00044545126457254565	0.0042638217263266985	-0.021177443172019413
0.0017940192385078558	-0.004763233489430026	0.0017126368606546032	0.029154525999862558	-0.0046502664927338
-0.007295918967504489	0.001713563598211845	0.001815383057640574	-0.01482320177685251	0.002381640627520113
-0.005708159395417545	0.01757311942734853	0.0009859811303471848	0.001868385658996885	0.0007792005261887183
-0.0033230323651970966	-0.04661223586531992	-0.0001287364478277115	-0.03332201174110133	0.018776878967953516
0.054008824669201844	0.020567899966698236	0.011986809751661064	-0.03047262133053589	0.028308234524679808
0.008008976157900694	-0.0150937682896241	0.018842186040915976	-0.015634428407574757	-0.031551423145926565
0.01722140153305373	0.013171445991763326	0.01012241372248935	-0.021838657393593836	0.015395595395432192
0.012659379784613529	0.02648728949811436	-0.008464188125818754	0.013333351026083075	0.023867377085493066
0.005112308269490778	-0.019991531686235204	0.02861694418398708	0.01049705577412815	-0.0001043914146388776
0.042937403969102735	0.011272506050662557	0.026143685894174252	-0.0024390165751665893	-0.02207610831748339
0.014611512666676794	0.052501540731585944	0.007079192397191059	-0.0008578885800064101	0.01522173640050925
0.030321391229514414	0.04563716066045513	0.03427670533285114	-0.0017670540432697516	0.03849006453952819
0.017499945420738967	0.00035768756193143257	0.024780531367736534	-0.0046235188867950906	0.0058302060140017035
0.026531335283787445	-0.01471651094895177	-0.006740684576644905	-0.022357891810652	0.014443653019591399
-0.01668750609585829	-0.021310078065417747	-0.009066819111241518	0.003844347250289666	0.0005841965892128937
0.03219399357272989	-0.0051389977575318465	0.0037522691045443453	0.03275467243853549	0.020567381290594756
-0.011631373180086568	-0.005143252637293227	0.027738339891053516	0.024536055912458155	0.020025573704789777
0.011086672742235007	0.008030506922482122	0.007983766680010915	0.046473631737721344	0.018874016671241986
-0.018620356305159687	-0.012513496438401151	0.00809334116061607	-0.0008576606687414551	-0.004422596734429761
0.009550858622031384	0.024030141640679327	-0.002212695692370639	0.03841118834736101	-0.011407387451723839
0.022219318651597767	0.01554342026060964	0.00994346448248069	0.02538084764854935	-0.010206142737855209
0.015101349091127718	0.008911171559371038	0.008634868833969196	-0.009183170745117045	0.040377532814912756
0.015183810366857991	0.05348175782345764	0.05343974901496392	0.034546699829595795	0.008709237123945912
0.004825553062596338	-0.01837922309374026	-0.04360488100060609	0.004263367887397262	0.028091555162191285
0.011377226275262884	0.006751365893468525	-0.03258319250519202	-0.041493701026274574	0.02405607540567719
0.004019502949063089	0.03785973938222296	-0.02174438473436681	-0.01121155727251098	0.053112209875577895
0.01586716916663901	-0.0172364956345109	0.034531621363523154	0.012569415185707786	-0.0071054742299593646
0.017099491715141944	-0.047868398382379086	-0.012631167351192477	-0.023043601002868234	0.01812245139883553
0.01079418176289616	0.013806910164882676	-0.012192159321674674	-0.027783345826255433	0.025960164808414062
0.03818876418339183	0.011331075242337714	0.036593212615574945	-0.008130394871265266	0.008912848291596128
-0.02229536189321822	0.012835655891631364	-0.014443756989858305	0.01759048989299658	0.02286472493900077
0.043389489605382636	0.0027240304936425007	0.020397545778796915	0.0437331292693635	0.013959931687036879
0.004582448920201916	-0.013591483255238623	6.971853421541851e-05	0.014791777291405933	0.013461631718590503
0.0070490014550870644	0.03609063811970249	-0.009737601331695748	-0.003931911683753113	0.02027532367171798
-0.02568107215247506	0.0040397405317868845	0.02075078861037119	-0.015447896072240536	0.021650430327017585
0.005687928529502062	0.034856353661443164	0.05944844343259266	0.024429811300476483	-0.00419673971091415
-0.015466868829734186	0.024775809094063544	-0.02306728436442736	0.030569525886138538	0.0013336730558998556
0.0065389515362936235	0.014991716289370304	0.05184911514044495	0.01838357973859918	-0.010057383946856655
-0.04602254408702574	0.01233369303447868	0.022374393664931772	-0.009517837487648189	-0.038062243724523964
-0.001041623379547383	0.004884592052292269	0.028623417724861662	-0.00492431050689554	-0.0244007225099969
0.02228909627900038	-0.03138270568104419	0.01188247518097452	0.0006705563381676303	-0.042842163667631286
0.025755213497671677	-0.0024085973777423107	0.022661537564009016	0.022555220618410372	-0.019868077976738056
0.005711458097307242	-0.011271665133324596	-0.02566169253092638	-0.04056698717745312	0.005710937198051559
-0.001049121915356435	0.008080016288131252	0.0022847560850239096	-0.004232659609636213	0.027781270416420915
0.016321876565228113	0.020979982478955602	0.02925716482252627	0.048534467710140736	0.00472097232465187
0.028510681900659904	-0.007732723581267819	0.026076356196648928	-0.014456382992377292	0.041581891679026275
-0.007280392758807349	-0.02054783170085242	0.017397594998717947	-0.010803001409780981	-0.01875221863116058
-0.05217852425209059	0.00427370025253411	-0.0009815438749649474	-0.007647214324689969	-0.006162109857151708
-0.0035091152234621764	0.02268459091622985	0.013587889784595759	0.03593699192721491	-0.02301057988780364
0.020920436383644832	-0.00035466542406337	0.03642649233993754	-0.02122285956196577	0.01614292326215711
0.01325201819762515	-0.046606571187730005	0.00956709761728176	-0.002628297047694135	0.007236565949600295
0.041341326356471204	0.011707274051926758	0.009828587186290205	-0.015392460535698572	0.0023875518117954858
-0.010202108622902033	0.0177001036309227	-0.004389405343612754	0.007050721701649859	0.036739117901486
0.007636555398622598	-0.03002448118099902	0.010210649543475597	-0.001711909916874341	-0.01762688134391695
-0.051553928607802335	0.02255816382233016	-0.011620633022808451	0.019507304804893474	0.033527644549619054
0.04248742010196009	0.01776858740190824	0.01801712874349384	0.022855065261968507	0.013048447992980924
0.003231659453954335	0.03207668384260729	0.03956311148367751	-0.0021342670093944943	0.045786645624059624
-0.038504845727882916	-0.022342242498897432	0.008875809656421546	0.04612826336110598	0.000172800874222721
0.025807198281775606	0.01267003675300128	0.02206303269701669	0.028750993746115776	-0.001224953178656168
0.007821852151487084	0.010858589202297427	-0.0014046039726886492	-0.015812699871594414	-0.0351869608651015
0.023440238022519797	0.0003786106719983847	-0.013321002943610764	0.0036923595950259375	-0.0007132161787103573
0.004562178034537656	0.03024183362335497	-0.0394519150587882	-0.010575696364811392	-0.018141086351866544
-0.0015797031835577207	-0.004432193702412125	-0.03558912275132399	0.04214570730797234	0.005621824083112027
0.007134325158433424	0.01271651090175057	0.022288261011012753	-0.00846341819895	-0.006759560789418191
0.02163547725551436	0.002621319068948762	-0.02163322083813634	0.021127629497281638	-0.04861861991205284
0.06485679837498558	-0.004873024208955366	0.03894686007343701	0.01910234377707606	-0.007084129955952348
-0.019698979365244708	0.019031186378787212	-0.0012266868954354535	-0.02570559538620984	0.0060385075309364634
-0.005512480137344787	0.02892939121740871	0.022628324607061205	0.0023610458755226466	-0.015254774257910763
-0.014680896173722632	0.029720242814176488	-0.023948420196740622	0.021321118763069444	0.016730487435968732
0.026479223671536736	-0.049661208403939075	-0.012207463463716754	0.01390861872210073	-0.03335128677348291
0.013159954358987579	-0.03995274213639262	-0.01591132622359976	-0.0009188091860256511	-0.0006027663176960917
0.001039792612735436	-0.008120930435207032	0.012312996768173351	-0.024639656003572475	-0.010123738067922942
-0.016751985217088004	0.005077180350538469	-0.007161681517227644	0.009258894275121929	0.0075774335269944626
0.043733814474924214	-0.02563540628837538	5.3522276770540805e-05	0.02251872026884921	-0.006219245959241407
-0.01130006854314986	-0.009582204724259072	0.0035226873788238005	0.015154473377977807	0.008881836792793845
-0.00422464403906809	0.01277353824638689	-0.007540871264966132	0.03305592282033287	0.018536144451383373
-0.01273485311563861	0.023255701066719644	0.0012623506803324384	0.06293015606927539	-0.01901498704899926
-0.0012628183604883082	0.026066788207588676	0.03771203300389339	0.022506366417129973	0.01787085965870982
0.03641387645569531	-0.002745736866445211	0.02951917150251538	0.045716718504319825	0.012514758627423867
-0.023113075160080147	-0.010293343828865336	0.003567084108120372	0.0012976402640682578	0.04812256913899461
0.024539693963074725	0.008272901587454643	0.013344958580788935	0.01711385726916697	-0.00016973117051979555
0.05408912726812158	-0.017675507333371348	-0.020169750438947906	0.002022421930965749	-0.014574381437373694
0.025964006170659915	-0.027878521260875602	-0.01160321233475723	0.009174325411238991	-0.046937567643797036
-0.009451532189784432	0.0009807157337615498	0.02316124283666924	0.01369192496520178	-0.008509060256853915
0.007666999369392224	0.022943283819502173	0.0041681289914289165	-0.006212715247247683	0.015434195019412456
0.009288168846073544	0.020074311619163544	-0.02799797100299952	0.006186648816459846	0.03385469330034022
0.006277927617148897	0.007596132481088683	-0.030761949544854523	0.02858994758495441	0.014295230797969157
0.01799906800465969	-0.0015340346129830186	-0.003934389287912658	0.0066433217270367205	0.0024088427698763636
0.013430245778402638	-0.0030747200984906054	0.01994914815723675	-0.017351509329004346	0.020412218126341856
-0.008711283809962524	-0.016013045348631093	0.05799077609332539	-0.017846667210709162	-0.023066122290161962
-0.01421977133514464	-0.015998241004124357	-0.027047118300982873	0.01581485873067615	0.010313620277321028
0.0002097819457845811	-0.019143188162315288	-0.04717922492026062	-0.0028161799045608167	0.06909651626719512
0.014607401491449838	-0.007158990147239001	-0.00888298953779899	-0.02979177827961514	-0.012131517979392496
-0.01718358006121682	-0.030026252938198033	0.02852779036829269	-0.02636457685858111	-0.023290780222822032
-0.0268256079086156	-0.040806247852620006	-0.005026411797019133	-0.008382852454540258	-0.009888301941103985
0.0037479567247922234	-0.004790083624067487	-0.005426233570079616	0.014105418090407676	-0.01018301502619464
-0.012035571200505532	0.013536234577298667	0.07554403073829265	-0.015334939192602984	-0.011899585210917333
-0.010422725319283937	0.043333489494526006	-0.013579520036388385	0.012381430718428742	-0.01976001921823759
0.0039174337501542	0.006462907324231929	0.014757764884233762	0.008561789250821577	0.0273972811818586
0.0037943799831520048	-0.0018456614366510918	0.0040813508839061315	0.012425188415902939	-0.0031074821987933207
-0.0012768153117862027	0.014096617204283844	-0.0017758339014717715	0.043784876144663566	-0.016395712182108085
-0.010034103310614405	-0.031761307562261656	-0.024277712739061354	-0.012182531544545312	-0.03358820559469233
-0.0186878755812669	0.027994509002275625	-0.026812902040014287	-0.025671112098389195	0.014160782473243686
0.0063318672483380365	0.03063428011608012	-0.018718253060603325	0.0009977974183996274	0.010187378046496713
-0.025164630721442777	-0.018647569322886554	0.003252139711525725	0.013049953264482205	-0.029354047592994623
0.0044872164881721395	0.00755284747420335	0.0013446231122403915	0.01922401543832136	0.020114609133489156
0.051003543984818094	0.02226578385638084	0.02565300401722739	0.017329371043134513	-0.011062599824712756
0.0031215707856767387	0.015847947320843034	-0.006658765829044962	0.03050013703335535	-0.007393353902783508
0.007465338459421985	-0.021994172708109713	0.03644850293727616	0.028983625992605098	0.009578964803131685
0.05527263701131147	-0.006502632321306021	0.01566276009268612	-0.011636132347335803	-0.008115064310844185
-0.03225276804671286	-0.0007312799091231871	0.01943045264069836	0.004971175325126389	-0.004074380045914706
0.040626483903772215	0.013335600101259053	-0.020356111274714674	-0.0058325372373920275	-0.006159372550813988
0.029078562560515782	0.03981364951120838	0.03347760325737182	-0.0065783796603945885	0.00012534325065352743
-0.03401262979080712	0.009699713341433634	0.012479968020272066	0.026695503624646857	0.011616955822633826
0.0330068812047286	0.005827233186974151	-0.01664238464444546	-0.003274796615340624	0.05330676409320533
-0.007728851717756361	0.05530780645851098	-0.04071331362596076	0.007619943984675632	0.009799788410044604
0.048516764191975974	0.021828888179961543	-0.01634909190512191	0.061615137062937336	-0.003237473234242867
-0.003673125880787848	-0.008175753171237782	-0.004756490602220038	-0.019653549036252934	-0.03231025162204441
0.07172250813822975	0.023184197812240938	-0.009347729519594023	-0.016147319681361804	-0.010772094666501517
0.03064157721506709	0.029845384887932553	0.0019338347180329267	0.051307416781569595	0.004787346849532061
0.03379305984197297	-0.013380541971174324	0.0287647836190559	-0.015831491171354975	-0.03940947317877735
-0.014277691771360405	0.03636283873433717	-0.00353826736415272	0.03185591753364356	0.03501111281378525
-0.019484929342527074	-0.007636302560993508	-0.04141132381266397	0.053265439014970085	0.0033020635758764048
-0.0077943942554621155	0.023571238697003487	-0.012776129042481765	-0.005563574506359881	0.010893209139687554
0.0026709557221821566	0.01843257730510655	0.011441640128709464	0.02932300995579759	0.008248907803684417
-0.025106249197496038	0.003753483295926551	0.019199810728792725	0.013559611091744903	0.010619118489663612
0.025530045173902192	-0.020808529065313195	0.03133740187142898	-0.020148519222412294	0.009484559966130459
-0.02206918107431956	-0.009875286811049926	0.029522670703074152	0.03608076029931994	-0.025833360803941267
0.02970553441831494	0.024274643050413373	0.04363113733260151	0.0077674610824321425	0.0027624864775181246
0.0018018977913717045	-0.025052557308179232	-4.227245324653871e-05	0.013991353804681788	0.007201435319329139
-0.025639491619826458	0.03650831730873321	-0.017112640298800195	0.007847655075086973	0.000260645776538203
-0.007320791035470335	0.03580054043060604	-0.009751323905152312	-0.0026653066244447703	0.005262322291190925
0.004333883546220427	-0.008978008015209768	-0.028589633619433077	0.026630160007884554	0.011635583688864614
0.005942175902755572	0.02337215767532658	-0.004175984541704791	0.011614079795977339	0.018160858180365353
-0.006728264085528452	0.03466959282008136	0.0012657890306102485	-0.0028117454058395903	0.021564085833441566
0.007725247056022148	0.02551749207796502	0.020581458176629843	0.004656308699874008	-0.008977866980434165
-0.00472488569328122	-0.02605812429744285	0.002595630678409783	0.03840582867763035	0.03400203007376808
-0.01332771204703866	0.05983015522393077	-0.0044504323905597614	0.012980799990201245	0.0016254237369750413
0.005925727997568271	-0.005964722025814013	0.022813388986929507	-0.03298501836159541	-0.030543642210191457
0.011237460872648757	0.019030040962747352	-0.006107823737373707	0.024362358652776316	0.022511829896198664
0.014969166783787053	-0.014076603206846106	-0.007840063866310643	0.01843522574678739	0.03143602302554333
0.010118485571670681	-0.024308371357296774	-0.021992784287841214	0.01961287731311852	0.007302813151904142
0.03474305267347684	0.017229829011147856	-0.006426768796288385	0.040891990771439915	-0.02812144045736919
0.03256391616371895	-0.038882961778641194	0.01520517386420484	-0.041086163369521984	0.014644758216396925
0.04636516277768777	-0.008808675900756907	-0.03185878525362468	0.014358857397206182	0.02239887967305037
0.004222530015207209	0.010245992998183509	-0.012324401928426442	-0.0044232095932308715	0.0076599232810955955
0.013840201222333082	0.010901917879948483	0.02738550987599847	-0.025032119815340818	-0.02273448382483734
0.002712645986730655	-0.02011980044633206	-0.0053409178099018805	0.013851644137795252	-0.000939767374199681
0.02798150464742542	0.0028439678211893103	0.029855418057816736	0.0038065555166577544	0.022234574659865183
0.014693830386991135	-0.006261630765955683	-0.00039077747335998676	0.02023019378742188	0.02834417667249469
-0.0029503709893667256	0.014909105834275783	-0.00732201042422043	0.013728380207823878	-0.008227953916185866
0.03824403836311935	0.03601050380049957	0.033190521138091254	0.010933576868318662	0.02359358477516133
0.016368366757212968	0.024511330315750562	0.02447094570073826	-0.040578933486962246	0.015313257261924692
-0.013048148642402982	-0.01435195452911095	-0.014380516038521212	0.036027090409189985	0.029154558891659497
0.034467846815199224	-0.009218701003590679	0.025719844028011737	-0.03517550927385195	0.017555688408247623
0.02027321695375186	-0.04959252712410535	-0.013236009242619447	0.002376813940280829	0.02446386630235111
-0.011873654236436831	0.006655636289994434	-0.04266987934524785	-0.026016022565481255	-0.011921807864543273
-0.031885703210169446	-0.009575538429456253	-0.023144962755462815	-0.0031099150554990134	-0.029125198465321616
0.02109974785710666	0.013557366596389397	0.019892824749671648	-0.018540681444588127	-0.023757426165965087
0.02088215741778494	-0.0004724474162239331	-0.004693373823724837	-0.01830382456486803	-0.0014607810322270938
-0.020354117420863394	0.021097980398512236	-0.006724956892463881	-0.005097706965200092	0.004554091062459949
0.01408683048832865	8.93851470030859e-05	-0.005026821052771534	-0.01938592203505815	0.028533242450520892
-0.010446339319122288	0.0024021151099980287	-0.008288121676011631	0.014313109094132356	0.04895857744987682
0.014687357805068321	0.0028885819669964797	-1.454453034255049e-05	-0.00038296704017308156	-0.005617691632073906
-0.04652926250471759	0.015133214582162428	-0.004075922605399996	0.023271027005262637	0.017207603020965363
0.05003271257659192	-0.00953041725611477	0.015293802408749745	-0.03505606500529646	-0.016837328236768277
0.025902319933776626	-0.009025671134607512	0.015673590931838222	-0.012110343283702085	0.030323995394478654
0.027456425407118425	0.010973338612869081	0.02102897156739441	-0.018675000109385276	-0.0017308141427564397
-0.018611062821415343	0.06219218106965711	0.01733522638874797	0.017429103512525728	-0.02106608672159982
0.016492155767529475	0.02542719278594029	-0.010288041353604397	0.02482765840319244	-0.017857782656445668
0.010493992997813787	-0.0028346660554470996	-0.0338513025983812	0.0013092852271499394	0.03134923941527048
0.005637982971025161	0.022332583633472066	0.008519381211277266	0.0029652755672137424	0.04972921969820182
0.0015928127120177788	0.0027662279317706593	0.023026944654155893	-0.012894584109530656	-0.0031239535946915482
0.0372612851938081	0.03467481719613112	-0.03352778506583255	0.005540533173077092	0.022750777979493722
0.006915462129845883	-0.0061984675848074985	-0.020292701850518537	-0.0022460004152452234	-0.04062553992205804
0.017312053628691437	0.035713143235814704	0.00030276165044941777	-0.001982325959382988	-0.01155292417094687
0.002354184380697502	0.04900335481880004	-0.020438589220574704	0.01878635457211282	0.007529361478645507
0.009101044906720323	0.01670019933259231	-0.0060082816276629735	-0.03929306766926764	0.0047398900603681125
0.0026163913851304	0.013765794795670045	0.024024038827394373	0.034034850809258194	-0.02229267184028147
0.037201853556051566	-0.013663719529014478	0.007470985362810348	0.009515199710420226	-0.02226492511987168
-0.01038928397706055	0.008637796788989094	-0.00990945075932614	-0.02838481388628393	0.01956120090445937
0.026470532333926045	0.03986892520124543	-0.010171683549062917	-0.012458935584745916	0.01897479186978107
-0.023864062399379042	0.010649405942050046	0.006629512583508656	0.0014795704463078083	0.00017672909859957993
0.010864067688644114	0.002277605047496033	0.02524892310154785	-0.022875046944811017	-0.028680859418071043
0.01191822323018968	-0.010814341001375662	-0.02398791440863634	0.000703675817471776	0.014343139525135017
-0.009647526025322702	-0.023704798207151326	0.0020192638001518735	0.01647188646915449	-0.03920101567810999
-0.025304844707133692	0.0100227428298471	0.0007138180514431785	0.026059652039060778	-0.010963073116665676
-0.00964823309089079	0.005586794460166351	0.026670003209761504	0.011697240182312826	-0.02324723491670787
0.021717447433906918	-0.008857409429155439	-0.02350910061565148	0.03807959261359421	-0.007720552710952889
0.030908962787624672	0.008264558247175672	-0.019559951618827943	-0.0033679346236058097	0.01033467245861246
-0.022227208111388796	-0.02386590071403696	-0.03842248799065951	-0.004465371738622357	0.029486078672518214
0.0078200057996635	0.020067123934376607	-0.02541993245355714	-0.016302953786986492	-0.013357804095862184
-0.018129190849269658	0.0031684321355167702	-0.009018957499844712	-0.007070338304089454	0.04529891138135167
-0.017591513596878362	0.02102439553937964	-0.01969693928830424	-0.02285976666967504	-0.011910212415590215
0.027673249092677165	-0.0184368650532735	-0.0011509257975972215	0.004950520730722781	-0.0019133871430507597
-0.013225711687292113	-0.005306665848519218	0.011904473763811634	0.012904740048060647	-0.010316694981276499
0.02660665074540077	0.07202491245499366	-0.014894450279887799	-0.0007332530736498958	-0.007102655169260846
0.004608409961478675	0.0062349034035519245	-0.009026402065937343	4.435494361140031e-05	0.009533460058387275
-0.00911604610220736	0.006422191000503131	0.03134248451445692	0.005503113613684073	0.059169357467894465
0.005335710041402954	-0.0048817580957423706	-0.003459595404799681	0.011793880507682881	0.0042462491579662994
0.002351009853476445	0.04883874400599349	-0.005626697093550537	0.007262388325174651	0.02111880311605348
-0.057959050208060046	0.019407504845049783	0.0014110526755855375	0.008094794915450567	0.0008136411125001311
-0.010620730181375505	0.001795702410824787	-0.009176060154812838	-0.02677012894562519	0.027001479067484988
0.06440090297341614	-0.0195556417962011	-0.0025091473299448863	-0.021118871968098165	0.02824608802350831
0.006122381990143496	-0.03168389981162023	0.008460212576932805	-0.014770144550375994	0.05267366791680007
0.006216451181666336	-0.0019520818223548468	0.00888365206623961	-0.006231108255434441	0.014578312562709632
-0.003888183449892072	0.01443512045558001	-0.002085507933904168	-0.023255012605493373	0.009206467210867077
-0.03745082999602418	0.04412303433375063	0.035779131299947524	0.007621002794694789	0.02568048968555987
-0.01217985572098915	-0.03616118926919118	-0.014320876075059809	-0.02221822474603871	0.013180199863235405
-0.0021471586080145507	0.029154807794323216	-0.04712622578448831	-0.020470491906538404	0.002418468209355335
-0.008832624651306322	0.004566048811532188	0.011070717992499474	0.028980712120564616	0.0007700989724092333
0.018461574668402217	-0.014689597275744589	0.019458896498968217	-0.02950695205129183	-0.018330063115177476
0.03932194528870264	0.015331913826629257	0.018545824871607004	0.013845213423519107	-0.023656227517218922
0.023595805620909054	-0.007777598668300052	0.028000746943190616	-0.024496215783025577	-0.025492252701375423
0.02227578843410597	0.014147047451487295	-0.011095971922050979	0.0036899044714317443	-0.017845741590986675
0.011513081336062964	0.02817521780724974	0.01633706729581682	0.01656868147999868	-0.02041460565310274
-0.017098908066449488	-0.008090554438829507	-0.0003329863020019878	-0.025317094640167667	-0.03846291802190739
-0.01548504730214973	0.02521111050951852	-0.02505053943460176	-0.023288271838037493	0.01100072446652852
0.006493323816159454	0.012064630462569326	0.005893162261672911	0.0291762762626583	-0.020201653501315947
-0.013925759886295633	-0.056607606520127196	0.0032251581318405147	0.01789551353713675	-0.03735882834679442
0.020010443697310615	0.005736516677946593	0.031351245502698	0.016912577070596756	-0.02134034615599581
-0.015831076989523032	0.0019593480476280817	0.01995731747894623	0.04201286076051741	-0.013616223675419816
0.004118465083714697	0.0002406695365665644	-0.02547202922743867	0.02053615542625668	-0.017787777766781306
0.021760904812048502	-0.034500413703098476	-0.011349933148278491	-0.039482331782314	-0.011197810091400116
-0.012148097551234888	-0.004125212902739631	0.04758127957510585	0.01992687480674224	0.0008522067699720955
0.011596306019201894	0.007094176615133244	0.036468566272669506	-0.01784703847493259	0.03325299008986324
-0.021176589767582892	0.011468117262587004	-0.0026531468426874644	0.009572324507121147	-0.01737375645993317
0.012345644182351404	-0.002443081699532678	0.006552814525217321	-0.016961577661948307	0.009592413929549773
0.03570276907095957	-0.038236864334881264	0.02334964342141048	0.03957305710936467	0.026128323873447847
-0.015695939123591723	0.015928567036502674	0.008529135741733005	0.02756155663155412	0.022608450681364144
0.006307170284343088	0.02905359888683485	0.03492608497974507	0.04350281257378466	0.03501011371902979
0.006703180181412952	-0.014932646715866799	-0.02145623501491426	-0.02602256985459991	0.015859536238228833
-0.003169919286415342	-0.019035380037812053	0.01583655782195861	0.00029776878081369876	-0.04125688559353771
0.00064014208910094	0.01969416775662157	0.001339206284611101	-0.02224257220416612	0.017210069890753847
0.0015178145683076624	-0.006324525008664628	0.01723569215275818	-0.018491627817503346	0.026913877273454588
-0.021125908694136802	-0.02052867041541253	0.012190098438488497	0.03078084674335579	0.02672043191834552
0.009562609455777117	-0.0017799089199802554	-0.0021306261733226935	-0.01602310477773413	0.004008079276363165
0.03307716973653872	0.0025673194552539216	0.007192003864852872	0.005180124914624385	-0.017550433901834465
0.05080624388842011	0.013975596288908118	0.008734719535163738	0.03255735726488822	-0.027721202601649817
0.014365733073003624	0.002521256448302267	-0.022961615129213936	0.019148231969521718	0.02036983810592762
0.031955805643452344	-0.026602077555508544	0.015784954936853456	0.0018045812880573518	0.02948073492373461
-0.004422903885755018	0.02987599772590042	0.018589272335589782	0.016473890777772893	0.003658744401729674
0.028667705030133175	0.012178031811657074	0.0015919539861269866	-0.00652963289718483	-0.005906150623632646
-0.024519550645816603	0.022971139235894403	0.018539124858768727	0.03431916188411586	0.041675418076079385
-0.019294661821074716	-0.007460114853993024	-0.03279907372890052	0.008656594197189133	-0.014044689306448241
0.006792888677304681	0.012954097841333875	0.02642963538329799	0.023536944039723298	0.0037224421926706757
-0.01924995123837126	0.017421550686386168	-0.0009882383423337505	-0.023193363981541447	0.013549183397548173
0.006942533589904284	-0.007746834706082664	0.026512758082132167	-0.029385613979666853	-0.0069059814216256635
0.015551090176172427	-0.030102008423160517	0.006319357796206826	-0.010164282687154327	-0.0020292069680792977
0.04230712569281415