UV/VIS SPECTRUM FOR UNLOGGED COMPOUND
INITIAL_VALUE = 350 (nm)
FINAL_VALUE = 800 (nm)
INCREMENT = 0.1 (nm)
0.6774107140079749	0.6697214078501177	0.7079146563582936	0.6326708915718798	0.6832031482044004
0.6582929322623017	0.6505695515419637	0.6110529331654854	0.6327761942136514	0.5991298902159264
0.6022067661448918	0.6633866276175621	0.5660943893397705	0.616417094017509	0.6274846402933297
0.6207603142919136	0.6014490067566598	0.5886278141476526	0.5634207332955894	0.5698663497640225
0.5750791912703455	0.5334579762663674	0.562042416242712	0.5705296978040153	0.5712676095023017
0.5299778320627034	0.5266339101483467	0.5143723422890685	0.5240450845758892	0.49691794974326614
0.5267940046613732	0.47642758794165074	0.469079165258716	0.44646222301472915	0.4426048026359518
0.5070921132194676	0.46361553300307456	0.4729316969055421	0.49076113443779373	0.45000589543160224
0.46140916599066817	0.442527218701451	0.45428021587545386	0.438233907338576	0.43405751120621644
0.4444816114294277	0.37144870409028696	0.44566237646851325	0.388070466280319	0.42498460425204315
0.3833454074101883	0.3892644158529366	0.4084195800502269	0.3895397822230269	0.38515336654575055
0.37825178255054737	0.38120809661251426	0.3765261398882084	0.3748265119602683	0.34238168196443164
0.33702646609845055	0.3573424740696146	0.3989055549302551	0.3471463323644665	0.3367998393364012
0.34262894755431433	0.3414827704445865	0.3227171723052622	0.3576608775846658	0.3292131420196619
0.3349348190506415	0.31776985768904337	0.30254287895039644	0.3393211920379127	0.3211062435695056
0.27448776450655454	0.30977826454182256	0.30600772584669667	0.32327138907186187	0.3289172001335893
0.25540048536788096	0.32036014771302773	0.3164253845171531	0.3029445431849405	0.26249031086432373
0.2738840500681768	0.3022941899390095	0.29332999049362907	0.2681293568834772	0.22217406461704334
0.26914092464440315	0.25315977131749684	0.2742522394076584	0.30360901942437346	0.2526519531071019
0.229504155964536	0.2548927307045828	0.24174887820240887	0.25720343158283826	0.26092145504864184
0.23960035276016822	0.24354357421138334	0.26656078165054276	0.2171595585371271	0.20568308447013542
0.23033226408788568	0.21806217135770772	0.2572183171137509	0.2301537654233884	0.21045162089589586
0.234681654780882	0.1979365723677361	0.25492936510623365	0.22059244404987596	0.21083982122882805
0.2709868844283273	0.14919708499197465	0.2244220914970142	0.1957848260163973	0.2000045206503279
0.18225814203629567	0.21152237010149094	0.21016700083223835	0.20981476278189778	0.20281591648529684
0.2077432153587455	0.1966624867186764	0.21604726291135853	0.20978765045899286	0.1718957176210906
0.211541135604858	0.13117493105296577	0.20304054954390724	0.13923965676490285	0.15622520720160168
0.19601674980116876	0.18282151774276045	0.16781849064837093	0.18087115159735476	0.15615497067224038
0.1752430996073875	0.16670175126637776	0.16754359504578958	0.16721496561217333	0.18348121199180323
0.16363641432371698	0.205964605306756	0.15361925900499748	0.15743533221818534	0.16269887757943863
0.12952378405078646	0.16319522796484584	0.19229957654809055	0.190598659463996	0.1555627826679354
0.11581832768867653	0.1543605744202795	0.1641888208474912	0.13945541255217572	0.13304358058671065
0.12989152458701642	0.1778461661600295	0.133349410596814	0.1302247191548416	0.15651940619773075
0.17127665207510817	0.15317212767312266	0.15271189568835672	0.16463465092278137	0.13481305423897108
0.1494925480399991	0.1471536028873656	0.1499114530346894	0.17886958403031392	0.11649377587608656
0.1643672288985069	0.08821262923262033	0.1221700691593247	0.13283162395205153	0.11569611356025189
0.11720330205586911	0.10484054984723504	0.12030548038056418	0.15226380303434064	0.14073283944317255
0.12880974170868806	0.14672494581028253	0.12265233626728847	0.1367090288638761	0.11336929223875038
0.11645345417171826	0.1266781429491123	0.10088688822099212	0.14167643827697282	0.12005778440372654
0.12111268518234576	0.13860469321603233	0.08735150364074097	0.15600525691321976	0.1210472861981909
0.13779498162238243	0.08861963685529797	0.09759282894509354	0.09331563596696785	0.06634323977777999
0.09588466105260655	0.08259182985693246	0.12496245699724373	0.12424966457037329	0.08573519641195877
0.0949432802176058	0.09148335086531896	0.09949712911900811	0.0943983590522031	0.1343667129905395
0.11850171431987486	0.1082036894158449	0.11450085962817372	0.10589849655428302	0.10482169072220375
0.08531996695564477	0.061643119522418785	0.08284916754521417	0.0830871311125636	0.0940604812001113
0.08907901017090022	0.054943110475755445	0.07985666822692938	0.10035728624164665	0.12017649729807484
0.10885851813241032	0.12815099720405126	0.09294605943689603	0.08419328876846305	0.07194990285361129
0.13515442046101947	0.09023712582437185	0.09659024369239796	0.11068150924418495	0.14190320998174608
0.11806506933674034	0.09129947983799203	0.030521083807425964	0.075747891020674	0.12267188485373826
0.08162709630172638	0.10829285247308765	0.09594000120053002	0.09440702262949861	0.06978254978300616
0.07947036240547131	0.06173545252957207	0.10532026392498137	0.09368638068977495	0.10712336562235525
0.08581048692881386	0.07945487616360543	0.08217568022597949	0.07623004217350328	0.05147658757718737
0.12487047404022764	0.11384101414630393	0.07936310677120419	0.05849532503523242	0.09884124144413028
0.06227280070388625	0.10167380129163339	0.07852357128108571	0.04694197685118625	0.10125973430312768
0.07969795141085582	0.08274670520010605	0.07207369560286686	0.09333090180720865	0.07044621566306661
0.09173446953028311	0.12592252546986654	0.08779712920139783	0.12394909958346391	0.12901064054020167
0.03981010939117501	0.0970769754349269	0.08222611451026968	0.0943826744373942	0.020869625076797856
0.08716720618877152	0.09529775705246211	0.05948923371807299	0.03957427996892144	0.10273594012639478
0.03036980756761709	0.132754348067128	0.09257319966511138	0.08759223633657799	0.09409598912769412
0.13159658821757952	0.06075807135310187	0.08626625841145337	0.05067642862078586	0.02194072258416203
0.05120902302072128	0.12165299683797279	0.07601356252523818	0.11199901397446446	0.06694516993781474
0.08607657236322905	0.07336349968436022	0.10091590639924561	0.08478614127101335	0.10429916389226143
0.0537938684921173	0.08674945731378532	0.07046903152413765	0.07449116012305468	0.11162262095389941
0.045247854998660575	0.07673274434848079	0.09084957041836142	0.040858776306064735	0.08079756209291716
0.08700999770244071	0.09182409456565938	0.12019074791476055	0.04313049404976892	0.06295411664043503
0.05506668202174965	0.079290186735586	0.07358679997156567	0.09333140365010467	0.048824308517244105
0.0554923276354825	0.057670769696776064	0.07236558331709345	0.06471840426788236	0.057535011647318494
0.050509493321712916	0.06011985190751391	0.05674091694949401	0.06205578632562387	0.06566803283043135
0.0583560177359603	0.05721460979285637	0.10214365612256908	0.06787869252796708	0.08278738963246834
0.10587758919944369	0.06537388966079105	0.0652717672227698	0.05255241970766632	0.10183820371351553
0.045903954262425314	0.06512156535244701	0.043618700157424986	0.0812566206525596	0.05818589685498972
0.08794676536835688	0.08142154950295166	0.043278806804912334	0.0839241283374405	0.07685336142499931
0.03741353482803336	0.08525877977368193	0.060478660007449746	0.062185261982999056	0.02733658158865063
0.05934478771248189	0.07024544422473786	0.07165099926353925	0.0453663986827149	0.05845890852326889
0.027818120292830827	0.08471238024116994	0.0758117045411569	0.04117634132059824	0.07338599338696672
0.039158829092913836	0.027921358734365947	0.06159002350876668	0.07332881842145902	0.06935547511247704
0.042126307224736446	0.07882415531627819	0.05118215069820284	0.04848863871271085	0.07011533771042343
0.06300957376869877	0.08637210311624545	0.07848906251953532	0.05706400836107135	0.099482714075281
0.07079606991081108	0.05440640534815022	0.09029904238687102	0.062111282269089206	0.031844681188083895
0.06902332251552147	0.08235713716294928	0.047513330822971114	0.06985779022880248	0.022370163850642267
0.06191364274184535	0.057271546125239194	0.10105913256317624	0.04423888317338959	0.020134110898792596
0.03527247648475891	0.06221984790898494	0.05444875385428869	0.04841570430517747	0.08529279319910059
0.09085725353349719	0.0626857744265882	0.03565028729594841	0.06577344268151093	0.06057140469128719
0.025809473242377968	0.032195179906863956	0.0898797195325012	0.03399601162050671	0.03917918525909185
0.043964217557904806	0.024495914592944996	0.016031413120987804	0.046798318930868575	0.07414514519355017
0.0531640691334554	0.06690229011023376	0.0024215280317769015	0.03301408989865324	0.0766245991001802
0.04582400282502084	0.026154326193582336	0.10399717351499715	0.06966064745180672	0.08756033884576359
0.0638660483384745	0.060934129124041406	0.05443903060807061	0.06401421677585561	0.03119341624806342
0.05447556565782969	0.01238806210321024	0.06833981247834864	0.02684452039649693	0.08805736332512164
-0.005441067545849857	0.058223212049985165	0.08248272484012524	0.07510796140937202	0.08221885156067894
0.07077768006567858	0.05004983932104063	0.05411097854039518	0.043127577040909935	0.049571690990413864
0.024941389702656042	0.06543331174325416	0.02704132174343396	0.03555043014824306	0.044210631520273984
0.07041347047700935	0.056525813153321725	0.08564742548414875	0.043423769271379656	0.038013028377942695
0.013749176607177107	0.06566036648992672	0.07381483638428837	0.019638787439067176	0.0865555468781645
0.0659452831864226	0.08896585987855431	0.0646691283245954	0.0697404303697264	0.03870960390439709
0.02218621385106164	0.07203920518615384	0.0549906513868814	0.05598756760216529	0.04552433190635387
0.08730296337078995	0.016379346833344875	0.034921875217688685	0.06706516077898472	0.060925724843208566
0.07134079980362412	0.07090478827962737	0.05932328324610083	-0.004478536377251093	0.04910139280417929
0.08547544837610105	0.02436371944333012	0.0923322389289019	0.04680411388969026	0.04345976536327612
0.02852769417513391	0.05457915098276074	0.03532146633025727	0.05934454137500336	0.058091278976298774
0.06251970407511961	0.07787695001552251	0.05208209860251985	0.06025666440262464	0.058178808388894145
0.060667693220162466	0.07598900818091409	0.049347675318302586	0.020512772362607526	0.05474180501465327
0.008726271378363086	0.0708677593662423	0.034522823621779525	0.0636590340807957	0.033553420560919235
0.03926924864008655	0.025361682376873553	0.04527263996865893	0.08435696270076783	0.013803058925501101
0.018243094513400452	0.05994062048435547	0.07133270065394168	0.06827859708095503	0.03739691132629526
0.07240227553402935	0.06222492222632646	0.06369463015276093	0.0574111865311769	0.02439855415942169
0.025017341562317302	0.05041860030518809	0.05325146542134	0.07253424217957848	0.06542456339141788
0.03996543865412821	0.02996936498998455	0.0581586552123097	0.044902181308892515	0.026753034347633233
0.03979506670802994	0.0313780184598375	0.03487384776833084	0.04536975766918887	0.0412125206081435
0.09474474847341965	0.07677125240271866	0.09030792076808898	0.05443436630863433	0.07004523236345626
0.045209693019362375	0.043905511902021535	0.03164021682700402	0.04741372010035891	0.04665413367456411
0.08061583226518756	0.015527712023146886	0.04217998785933835	0.08019087889582037	0.03443749885204424
0.07436231398125864	0.12300428834169276	0.043852668528333846	0.011833219156843914	0.08151254963214265
0.02108037345499646	0.070993478937428	0.05458520496780779	0.0304119964397669	0.0432588798891356
0.053130271389124524	0.052274952834120175	0.03663696305931712	0.05727897331902583	0.061852686708386936
0.05139407459186362	0.05634391752631199	0.05698138827777293	0.047384156544292164	0.03270301805986521
0.08146600119888107	0.07644523111970529	0.06667634906828819	0.045863982010855724	0.05258484052700483
0.07068305127049355	0.0501371529460275	0.07260636358092688	0.07700898053230407	-0.01405381192494922
0.05474996934263685	0.03230346178110656	0.06912222567441283	0.029259460721176595	0.03126629410571429
0.04383896882752182	0.028886250049768428	0.009722764583179349	0.0630875734905273	-0.009827820465925952
0.06947297659736631	0.06035560411535153	0.037815509763733685	0.07626053796549707	0.021960654997558785
0.04826219769734067	0.028504929051726108	0.04364596113967707	0.0620623090497893	0.1102553256474988
0.06132274096883161	0.046474460067274195	0.03396731958233372	0.056884303483981116	0.03868446572004207
0.10201644714518938	0.07514416667617962	0.05862724313512506	0.06493785385492869	0.08466417294357514
0.03705641624240099	0.04551751029602426	0.06276532581715498	0.1049801879754063	0.01141023875624643
0.07047727680035118	0.033223488579527304	0.06124585938701032	0.010015864865654558	0.04331800271313931
0.03147628913117608	0.0631094794913075	0.037639521543892655	0.013621488228510194	0.07807272514972713
0.06616097559770326	0.030863014686348014	0.11141573034880259	0.03070336925840205	0.09809579035689141
0.050290430293312524	0.02938804231468995	0.05810966632181217	0.05791086582761228	0.053234921479888994
0.06558853040918927	0.06455850463826594	0.05049682197702574	0.03749751325005998	0.06623695250857914
0.011899191385038244	0.06232891541708478	0.04275954857186895	0.0520062098044268	0.0548934381102442
0.0640302298507847	0.0676293683843021	0.021433826328013057	0.07599980602573822	0.07642493906391357
0.023759495999478332	0.047792839247788724	0.08259386784330154	0.0593937374805435	0.0322959999713453
0.052172684211383644	0.07479065844332325	0.04160277092332208	0.03932261550155402	0.07242417331168607
0.0516976804811977	0.020497981108219807	0.08966147820355498	0.03292594371788294	0.06912024466302559
0.05187433307286657	0.037699820732371096	0.06858223145749351	0.06839177018555129	0.020081103089092084
0.04106242191150847	0.04152096229747014	0.028840438611557776	0.021846304486729678	0.030789430446417892
0.08661286759949695	0.0507950012147687	0.06525903618346195	0.09947915659515688	0.05018556426877837
0.08098672793313605	0.07277787266329054	0.05630926956286456	0.05397311888525101	0.09615381801061378
0.06959860107349637	0.050808608739318965	0.09206786010832439	0.050570478511086904	0.055343779296365046
0.03876282659514412	0.05968807042198058	0.04870123299085272	0.03998793149837618	0.04993880489442476
0.03955317518681578	0.06351496308833493	0.08545281243928246	0.060917315581351356	0.07396766639794755
0.04230322620749489	0.03896957638098833	0.05854494100946328	0.0745912489083336	0.03894509585259122
0.0780763543036573	0.06570586573394976	0.08604209374862155	0.0768423208811792	0.06611855577933345
0.015451339467209078	0.10324135885499892	0.062428824944230715	0.06993680520620653	0.060947846106061465
0.02492214320552022	0.08640805227171049	0.08283047574902262	0.03331713402890537	0.07722138656206927
0.0744806830650319	0.04958080747136622	0.03946869678486418	0.09042891590024096	0.07164868371812792
0.0579750694000207	0.06413465501510414	0.0733103357716972	0.09152021808146242	0.035627593506085575
0.059929610958703534	0.03859129741674593	0.06785052959341485	0.03978769423404474	0.0699291660599158
0.08792016914997743	0.07739212873742006	0.08323775120397268	0.024807472283087995	0.0380594668530076
0.07261322439674331	0.08157052810831589	0.07076026341566179	0.06625717948000975	0.050716788101990075
0.05574705519407444	0.041836779360874606	0.07536598110317952	0.10260915034213729	0.06618732936612218
0.049796446673778624	0.07673822340005285	0.06696936093331939	0.06526643366753763	0.053235933643155
0.05517663826208464	0.04999749527122381	0.07221381959539795	0.03752671328352042	0.05868257748391148
0.05964640515191127	0.06566972714106395	0.07376674572915971	0.10222799558975022	0.04213560478734181
0.0802349332978856	0.04014580862760273	0.04706792343681226	0.047117294150925186	0.056251411142877676
0.03995145683686203	0.02377071789717059	0.0825407612337921	0.10826945005263156	0.046293800432939944
0.082506871299442	0.04710267061947021	0.051855507234479924	0.059391272508585696	0.03516956015500068
0.07149111457069134	0.055075982531056895	0.10072807490351786	0.04206246037722234	0.09041241959900095
0.05994440995959636	0.06877505805899563	0.030134369395267188	0.10585471318108425	0.10074182878782083
0.04196419928373049	0.0433780252411978	0.04006069380682245	0.07462590961501891	0.07008779561839859
0.047582609792504754	0.08313553854552522	0.09986656245803514	0.09935326305870287	0.07196402019289605
0.06356359209480614	0.06906922433707184	0.08247390305810749	0.07004060430063565	0.09104746729123667
0.07710280395575508	0.08106777889276236	0.0352826550873623	0.09360453269007826	0.08099744061746122
0.06110869006674462	0.09195900617010255	0.10196763111407965	0.06034822884842392	0.06801755070885637
0.07771704817218471	0.10654197341374107	0.0921075688350759	0.06267312769089882	0.10607303342103573
0.060028163863718294	0.049621708152819806	0.06776214380258236	0.09618212202515326	0.0922774107407272
0.06452376828264693	0.09290130206791893	0.08491128473951137	0.06769350330397304	0.10941623954260069
0.06127395352508843	0.06202582649169629	0.11299771445468791	0.0650287056777171	0.10115430550119528
0.10551536413731805	0.10025008318346867	0.07448644634774054	0.07617439483468046	0.07206416683647694
0.0808309425274271	0.09861091848866073	0.11679515683202013	0.059713567604965975	0.07893854431855626
0.05730053800899196	0.078649102651083	0.08605136619010519	0.10500432533207289	0.10025520243855895
0.10200407195683732	0.05736301002427459	0.09460968863365714	0.0964187143047111	0.05875152706260242
0.08220686713409583	0.09605845682608502	0.0991953594194178	0.1027768245236349	0.11865588104807495
0.1336107122768855	0.06785736297433191	0.10549631620659049	0.10517016933275392	0.135194764484284
0.07428503841867902	0.06811763551271334	0.13150595286150218	0.10831461297444281	0.11416588351167038
0.11634457394131056	0.09461085943927548	0.05834042690446572	0.10555327948077818	0.11076101068389156
0.08884060789270848	0.06836090271837056	0.08470624932243125	0.11027982924762411	0.08999715497559994
0.12872787248143128	0.1106489931218408	0.10005885039227747	0.06992092064689483	0.09727155205028279
0.06067585451790135	0.10510067440063436	0.07716412487558613	0.10149148681472868	0.0753129081246257
0.10240656154667206	0.10770981687935262	0.0915261791252072	0.0756252463397708	0.09076495596672736
0.0889144181297437	0.09556349362784172	0.13108156848763688	0.1205117195143466	0.11312869962564731
0.10842620559153944	0.09604435636347751	0.11297039327781362	0.15020778219270636	0.09074139934054326
0.08425229454920248	0.08964527625290326	0.08886621767401394	0.10937089577244234	0.0700721727314597
0.06416198485264145	0.13531603373960407	0.10046293291940261	0.06993603838431944	0.09927840399126461
0.1434306310660625	0.13974884864392192	0.11713742657806951	0.08513332269485549	0.10611307039958885
0.07647523937766432	0.11418305714132383	0.12008329549733855	0.12526241865069265	0.09036653637235037
0.11962490860392658	0.14608313622201358	0.09367284603351432	0.08967227342844905	0.12096295209978239
0.09846160805636205	0.12532539250134828	0.10698327098583742	0.11304305832403107	0.10978200595207521
0.1214447658249302	0.12929431214228507	0.13385203338951315	0.10008457626561061	0.16239068046372912
0.1313188719690498	0.10610137344377492	0.12224965708881846	0.11711561954380027	0.056966551209950644
0.12221648592052006	0.08576415597564754	0.14934659998248684	0.14242417830858958	0.13586074067299625
0.1423190451513015	0.10723655211672783	0.10157923468214006	0.17754873567930554	0.12982063643225883
0.09984339160035845	0.10519372787657164	0.09864499847049644	0.10553441250262742	0.11751808469883371
0.12777916597184066	0.10760147547333482	0.1129166140295689	0.09890339919605388	0.1111978753366827
0.15284855960824248	0.14815960179161206	0.11914012481797741	0.17642239957135986	0.1118131135468115
0.08286181184885726	0.1682374339653	0.1627809311850099	0.18900138720782553	0.15178571172254293
0.13202685400925246	0.13767211455512182	0.08144190612369445	0.15077759944959182	0.10707589710823452
0.10708767963522611	0.13675001260425446	0.14528226747264616	0.14077153001675108	0.1226968191886045
0.13587049650112923	0.14363088908913396	0.13404219557148866	0.15179747282107475	0.1341827632232455
0.1242282131979952	0.1281141779142395	0.11944075332649724	0.15937973400702754	0.1506435578648832
0.14960550644131865	0.15134076761924412	0.11249160745727037	0.17819350626487898	0.14814843946317832
0.15585382488476326	0.1561156638426767	0.14353943913256154	0.1541638028987599	0.16767565448420058
0.12167283968148761	0.16466627308456616	0.17217323185893985	0.14406774316842857	0.1565687622221449
0.17569149090600308	0.13803255593838748	0.1487612439730471	0.17083487384168586	0.16179545845074206
0.20272981819679484	0.18068125879928226	0.17155400075836877	0.23456486158413806	0.20488041039742438
0.1843986470408002	0.16585156351582125	0.16174091290255668	0.16876309597607606	0.17040139736613777
0.16825912392895462	0.22773505500570854	0.19535415239259327	0.15689100791254648	0.18082444142288576
0.21060680186937059	0.1608825572768035	0.1712017280668728	0.17677708233162595	0.16549829106772002
0.2264581729961928	0.19847271480914289	0.1843696556089057	0.17048811675827175	0.2089714728024586
0.18754759770524831	0.22488363944714274	0.20901811331835438	0.23417270211193236	0.20818567395086335
0.23400816860083598	0.1737893920476215	0.2597009149135232	0.195335785656104	0.17873068432066413
0.2289826513503726	0.24980960717439749	0.2230919344823796	0.20510763307375582	0.20965897220201743
0.21360404784839135	0.24455661048015154	0.2410193622804161	0.24635301814795824	0.18873120326898718
0.26078309369821845	0.19861163181789435	0.21562745706710956	0.22608783821639664	0.22619632454028762
0.26548616102982103	0.22516003082314956	0.20773295755541354	0.2129642151895694	0.25118643250019884
0.2520156330661621	0.2227120197092954	0.2383142233387731	0.2374489423768444	0.26764579276749084
0.2483630215024828	0.22146974818103018	0.23425147327819237	0.2911804525306564	0.25837140212954823
0.22402786773701863	0.2862173959108836	0.23702853630039558	0.31384528879787643	0.24675149582156394
0.27903863017695135	0.24661128539381572	0.2600612368920785	0.2462306808765355	0.2837811515892206
0.25883962871203264	0.25119146547203	0.23455029288200424	0.30824880300724095	0.27148870032842154
0.2894267867944348	0.30082108596321333	0.29294909270486436	0.3006954243329438	0.28959429392639924
0.2660703657209649	0.31132617283956493	0.31013227135649646	0.2697336127636983	0.308390525794243
0.3260690959116609	0.2885161680819395	0.3188605923896705	0.28382290713580444	0.30402567052118246
0.3081873655498186	0.3184059239417393	0.35021963514400595	0.3072535922840062	0.26774780988202096
0.31495276444280723	0.33413916761628326	0.32264086815751547	0.30477622588411857	0.32991319032286576
0.3287223712890554	0.3257810157463261	0.32371708879819056	0.29395754730251	0.3726702227661407
0.29341131128512216	0.33505408885847543	0.3388197678467926	0.34271289441853664	0.36256979492578056
0.3723949200154434	0.3576081324907258	0.3339689244356207	0.34105645034218834	0.3739197537341507
0.38312267771266906	0.4007353084129391	0.38301153737702864	0.39417110666298755	0.3955569738703128
0.37534361510462244	0.4200160416447428	0.3505472338991416	0.40609794279351485	0.40876748971067706
0.3750713802773218	0.4444141316300209	0.38723927752467385	0.4315707497412705	0.4109091453099371
0.4247877515990752	0.408840902031555	0.4239464285277043	0.4496274789759182	0.4530283091062329
0.42615096373554007	0.42525827473263345	0.4819784289905192	0.4885257907482248	0.465366054616479
0.45315455649594616	0.4836928861688383	0.4443635669455246	0.45068628549321454	0.5353981452778448
0.48961997548340874	0.5091075235956944	0.4779678844190278	0.5676429477606544	0.46695707974124545
0.48502021722546995	0.5378466855886846	0.5162093134193301	0.5245782612187744	0.5640477474825073
0.5483062479163211	0.5316981974086744	0.5162255130519605	0.5640213065089709	0.5621862948158904
0.5592763983958224	0.6050735324544092	0.5210260898425452	0.5883754791908654	0.5807440565285797
0.6082366745653889	0.6266255805985068	0.5990458186533949	0.6231368284770696	0.6349120011331332
0.6384696199698005	0.6541947299624592	0.6125705095743986	0.6089873200095315	0.6380159142045162
0.640772002239365	0.6465547847222041	0.6815166102801898	0.6681906043364354	0.6712532338663971
0.6676302719767895	0.67502129940339	0.7271313338163174	0.7299533376169731	0.7086546326951938
0.7373240071586936	0.7323902443208002	0.7175349789712865	0.7574349349900529	0.7770538502940607
0.7697760482677107	0.7740364338705658	0.8177246302521154	0.7881700204447963	0.7789384091631462
0.8089334982456432	0.8265006570625861	0.8078942977944024	0.8495100636913789	0.8577211396230482
0.8902841215141167	0.8703484001627556	0.8426636953275228	0.8764503782987662	0.937286940351054
0.8724342121031395	0.9119314823483026	0.902999265209451	0.9484581990577239	0.9130797960096882
0.9674993037779163	0.9837741874614806	0.9813684893019538	1.018177525360614	0.9779373749548202
0.9647337073226964	1.016009631712145	1.0173965619680883	1.0466400044690185	1.0915560681220688
1.0944763202047054	1.0936566658456581	1.1551485969869932	1.1553906361697885	1.10757946216342
1.1704874245636037	1.1294777532551235	1.179451670962614	1.2129229854599497	1.222298299506567
1.1839052947998165	1.244073954836675	1.2322713826672105	1.2804713240719987	1.3029286841816616
1.3179843223333236	1.2656462725836914	1.3166281843401173	1.3439314820575736	1.3505892822534435
1.3639855053951282	1.409397171308224	1.4272712050355392	1.421040157402438	1.4220951742958277
1.4396678758020887	1.4544081007606988	1.5087930920730377	1.5748501645615156	1.5234307538573195
1.5059902360082038	1.5832033105809555	1.5873425987515226	1.610074228866869	1.6387477335541691
1.677618862424774	1.6928187150727516	1.6836257574637874	1.6613585609054542	1.7215122237898401
1.7924497884562522	1.7829427485355218	1.7770685004453741	1.8187705296539998	1.8080642495210546
1.8769186306894519	1.9003503252105973	1.887798721948782	1.908349082392393	1.977740405679791
1.9959114122443058	1.9566014945117975	1.99160065275565	2.0377121478302604	2.0939888151598445
2.096722552098992	2.1214449867368375	2.1176323189173867	2.164105081573086	2.2242390929085567
2.1850763907436868	2.216031806661644	2.2204299612804412	2.2345959835673095	2.252245357326401
2.3376109517676524	2.335401771450497	2.3746084446225555	2.403198007015251	2.387244237100014
2.4383512657677597	2.4469463963951212	2.463860103673917	2.467667762052195	2.53094565798691
2.5272297099410963	2.54277967524661	2.570415525135398	2.5915094967260854	2.5928925774405167
2.628862039362238	2.6664397763205434	2.6906105715933006	2.6796197415108014	2.719717334569917
2.671651536885577	2.7100629383475647	2.6968415146127778	2.7268094616271594	2.7805818592311042
2.7550005159364432	2.7598947657886215	2.7891182556642535	2.8006996505191655	2.8274045352239603
2.827544018833305	2.833397164189766	2.8286153224000268	2.8714704570225376	2.8285399764975976
2.8333934292248677	2.8558675792067576	2.8257216345141143	2.861813647731215	2.8637730279029503
2.833471546256048	2.837297508973152	2.8672100760782255	2.840831153888655	2.871897722124984
2.8308367442422986	2.8309327137291245	2.846642658544582	2.8047807594454413	2.7788535602239732
2.70712412181313	2.7692222098589383	2.7721662001266374	2.768977626090175	2.7325483595766995
2.709873822416155	2.7309626916559457	2.736047582636509	2.6754180688733213	2.620011223304414
2.661216356388085	2.6355962916958715	2.602702977149312	2.6087976455169963	2.5924447256173893
2.591677161083548	2.5284748627587663	2.5496572054436704	2.545351706707203	2.481060129662263
2.47898297348912	2.4215247132436515	2.438880601378317	2.414370396007069	2.3866948204246676
2.3350340734646036	2.3288888601894104	2.3438653445795374	2.321012057654975	2.2687215221968366
2.2538692786002232	2.2428959635324444	2.1734022868201657	2.1907938635513835	2.1811346402609644
2.1639557677918444	2.099175507941152	2.1164478885627744	2.0859480419372036	2.0672916644269224
2.0268902744819313	1.9822195947908614	1.9756703167323326	1.995814095543557	1.9508047377599984
1.936936359935032	1.9219537316984197	1.8758640307023868	1.8350108937222833	1.8063040110085815
1.7889536534783066	1.7999138204659382	1.7463410688056649	1.7775046506940633	1.7119289746672701
1.7297201575754955	1.688854980195716	1.6835476718452649	1.6023871962445027	1.6049286815894253
1.6091698449803225	1.5287613525431116	1.530930017072193	1.5426148707035745	1.5279831159056734
1.504847930866402	1.5169763869219663	1.4817201598116696	1.4697369832086993	1.4295273991511588
1.4081460877580148	1.376772594587303	1.3482053404475598	1.3575664386364354	1.3403271280565425
1.3427868928967766	1.2989766388464457	1.273002834873629	1.2868478803940355	1.2871187919623022
1.2751204715413849	1.1891193651789898	1.240446789663602	1.2078287245989536	1.2039189940047887
1.1816326761819387	1.152032207235234	1.1685946477541016	1.1100989006683222	1.1147573795107215
1.122174965101752	1.0886685109133774	1.0761612136576324	1.0528044002424752	1.0538090862141674
1.0636661035654835	1.0310050049437198	0.9942491700164775	0.9819108479962954	0.981461638978695
0.9796444573085482	0.9421621264110747	0.9680707339992072	0.9554740275374495	0.9337683706860496
0.9358152237016473	0.89517955861514	0.9171526990678888	0.8985900154053903	0.8924665179290142
0.8943016606054502	0.8702766010313577	0.8240520898042933	0.8995178533126329	0.8459929355750724
0.8048967973689515	0.8610743964129437	0.7937886379907558	0.8042057134398599	0.7413838028689693
0.7672784891616509	0.7583627194227757	0.7821787406434327	0.7578508884734431	0.7007090315184574
0.7521183045444042	0.7410898775803305	0.6901937960917444	0.7164326479327098	0.7299855949138108
0.7193381863761564	0.6895312030054708	0.6775974239633566	0.67469418120676	0.6551531817093261
0.6742148239384563	0.6670516583848409	0.6476042457873824	0.620346785079655	0.6198652011642105
0.6516174013850097	0.6171916703983129	0.5917355726491544	0.6358089518560681	0.6486429643243692
0.6130646506265437	0.5897515973840801	0.5874703199947605	0.5640481847702794	0.5819617000766385
0.5716118940917743	0.5904916677432962	0.568064401312462	0.5820013758558354	0.5704957099449262
0.5190606300815234	0.5252839646823989	0.4982419898162184	0.5267129999244441	0.5576258170724283
0.5233084090159161	0.4975368447315761	0.4956551422361932	0.47540913087094905	0.5321078687476657
0.5011556395915882	0.4180994605205219	0.45200909239751175	0.45044500322779346	0.491034571372544
0.4852055371261526	0.48474202905157715	0.4645828080590573	0.4887144961515687	0.48381520822554536
0.4389752116928668	0.45631357099097314	0.41946662254022715	0.45542365955324765	0.4475978985889031
0.4326329063632941	0.4275061411225613	0.4141606979124902	0.42328869629995236	0.38018102598156717
0.4248505924408466	0.43417883147649317	0.40855324820950145	0.41301620097845093	0.33222687295090625
0.38175048572488646	0.39326137192122473	0.38744274889756974	0.3637903551352024	0.38389666652513277
0.4015130914298762	0.33588337810827357	0.39139406622347805	0.3534107998991615	0.3641058918243752
0.36629154817466186	0.3769654062907047	0.3375585869698295	0.3724918279441536	0.36021890613980356
0.3211095140631719	0.3455669649393753	0.36763743468765253	0.3527337451868498	0.363546615534898
0.3267881658665889	0.3157836118307743	0.31957605303346953	0.3624213416213328	0.31623390493467823
0.30399479169224725	0.33914935953452263	0.30375702812492034	0.329595510833066	0.2914792050414074
0.32249878991810815	0.29806813875450566	0.2979267550120042	0.2978947143258529	0.3303706073704207
0.32403441937653255	0.32736630996087107	0.2749124726681133	0.2711006056930235	0.2719965645490007
0.28993087907975035	0.3004699707190052	0.2888183501323064	0.26837445048668024	0.28885360155014606
0.2494007275184632	0.23529892755083434	0.27177994299330344	0.27440464325147723	0.29132127530657154
0.2703638791901323	0.27140208663784765	0.29105086415473697	0.28166343301923297	0.27125432631343493
0.29484943833352995	0.25222542076150073	0.29147268884928296	0.2560106393135005	0.25868946437261175
0.2597484593863019	0.23472621439569258	0.2681274053715198	0.20405840958420526	0.26661515386029205
0.21299205061155504	0.21521168520866998	0.23440477430874482	0.2409466694668793	0.228182965790443
0.2518572272342019	0.21912692072086734	0.21502959127864357	0.2533820377497051	0.19435964389319968
0.26908013232059413	0.242649344386363	0.248033295942258	0.20223273411421042	0.23044002692896517
0.21485995786234133	0.2371185261419745	0.21593091529667077	0.23645429400122747	0.201813974538885
0.20123587528963735	0.2081749189141778	0.21872327794126176	0.21644852936840495	0.19720175877619772
0.21052528934780118	0.19610561711155058	0.19892666129157138	0.18573078264968287	0.21366352866099264
0.1863618604636925	0.19559329556605146	0.17916703641167947	0.1754184742782145	0.2055377597152289
0.18491739165855217	0.2090970034852401	0.20786555594194916	0.20000903817352156	0.1878818615007092
0.13151691323219322	0.1935842535150699	0.19424149976332633	0.1715686446169051	0.18758206891473672
0.16158751121922044	0.2078401782254169	0.19281468880442326	0.17258386849291865	0.18510097234419828
0.15866277932362832	0.1972386966392404	0.1354514036107415	0.13016519722000672	0.171481070043612
0.15036492842666835	0.19344858902899237	0.18033609738428394	0.18991795671820072	0.16673845656497335
0.20876039558002327	0.15862800256009113	0.09977753583553152	0.14718915542856878	0.17850976233352506
0.1617559374268836	0.17880124485593019	0.1594941061901682	0.15702606028204014	0.1942308732463896
0.10912078942372386	0.2067355198689126	0.1472521124483003	0.14569753731997634	0.12384355618460874
0.15495194859358677	0.1762738431059109	0.18238369645649136	0.13842884662789443	0.1528843429204124
0.17991297248449623	0.16544944794494107	0.13337624977556245	0.14150683708025197	0.1313519966801902
0.12414919842552002	0.1626257923123383	0.0994656664136064	0.1330889948297705	0.160578431393762
0.15529124885294443	0.17414191419694075	0.1080611707005435	0.14833577017780294	0.1161737686283021
0.13982043321072976	0.1491823228327548	0.13650209556891996	0.15353607914140238	0.14646499188111023
0.09939358701912221	0.13086089505837484	0.14898707379162413	0.1378850974509282	0.11889519623338984
0.10472172568973169	0.1258155694150156	0.11283386233693987	0.14485035249926498	0.13854570206631137
0.1076269133761023	0.1328986230004876	0.10688810307009482	0.1818194989309268	0.13977502405229283
0.120090931364938	0.1690280917812061	0.12246673615583599	0.13099709650606503	0.13875344607802592
0.13393542165276237	0.12568911202387067	0.11631074233268408	0.12391632950662014	0.11849264251039178
0.06692644938267205	0.08593816782679842	0.13617879626694876	0.12969535612248037	0.1150567055300286
0.11739197241040834	0.1022591097921988	0.09053032839856626	0.08670180199111498	0.1471835563368047
0.09760091947769667	0.10916244167474204	0.11925221462968064	0.07670314819184697	0.09787853782273266
0.08741543056229002	0.09934350964918932	0.10929075065073325	0.10562703827883037	0.13760365207496655
0.10725648878205975	0.12918012288029904	0.1511145348421702	0.0949523356533377	0.09735971180212294
0.07551796356281903	0.10497572384638178	0.13190101224295214	0.09010802164129827	0.11405159606123713
0.12212310134855144	0.09600317150364333	0.11433921576734321	0.07924695521163166	0.08287462941582668
0.11628895281828329	0.09704502119585967	0.08711184210330027	0.14607988997008578	0.07215684896128179
0.09047419681806027	0.1185413784949991	0.09208170056845387	0.07559769637899898	0.11518061540713663
0.09757519979128869	0.09497749729477047	0.10759017428164437	0.0955680793855336	0.08789735353948125
0.1095909444391331	0.1276222297417859	0.09152133634905243	0.10016149262830826	0.06973496287830994
0.08653054030668027	0.08393116324816398	0.09749230010996461	0.1377227322723418	0.07137530751072854
0.12249658047823564	0.07014337784390486	0.07751243804321298	0.08031772006364385	0.10219203677072124
0.08274701227107852	0.06134725289193491	0.1029903360560135	0.10095690781794997	0.11947357853575089
0.056806905448522446	0.08458033212114874	0.09016217398726536	0.07185906309739366	0.0827253192814302
0.10801481813084333	0.14203681668142132	0.07615705765147744	0.10410141800493825	0.08808630607429113
0.08320880824950702	0.10636026211649678	0.0847992306882395	0.10956842509508369	0.07162829276626782
0.09861798822530674	0.09326132834227117	0.07987936013705327	0.05593003769544577	0.08227642747742285
0.07257580116155178	0.09069136567949944	0.07664186840944678	0.07145852638462019	0.04270293651892844
0.03655891305222665	0.10994991164344614	0.06958050782662387	0.06265077189830347	0.07850458764962298
0.10545328123797788	0.10696168803911073	0.046083402038680804	0.07315154738907098	0.0584723995585397
0.05731348270869876	0.0820645217909971	0.0794907851438944	0.0781333730129997	0.09479066706961432
0.06099773497175419	0.10526063602195836	0.08799829306695131	0.05609189085836873	0.0678381811444509
0.05041503151569382	0.0726680924880402	0.044787621225185203	0.0863733368218347	0.05053714383540696
0.06568477708042793	0.08009342868866738	0.07815646599269856	0.06548267403321086	0.09384489530285116
0.1083885799837389	0.04035236616176914	0.04511297054984239	0.08081234647854207	0.08583350199212922
0.06960914650563343	0.05969370083716806	0.07865288347850835	0.06387398945759791	0.07138601005620007
0.06639462201475889	0.09054392496614826	0.09589474675182298	0.03365888520694707	0.039491439301802975
0.056338356079516226	0.058821841567655554	0.06741208305137926	0.0741466201203415	0.03725935128622628
0.08483567832683198	0.027325748307035234	0.0427384114216794	0.0747732957156796	0.063140844889589
0.052961995113981836	0.05727766766082404	0.07527807679632056	0.032200834866462795	0.052648588192956154
0.08834185393351943	0.05485509982472116	0.05783745257264299	0.03004773560694149	0.03859086483842885
0.016597020303499285	0.045172846038199516	0.08000966405427716	0.046575489262893906	0.026365935356527297
0.05424342640729264	0.03981173066912196	-0.009269544278096255	0.07091142712359383	0.027275872395038866
0.02587911704981322	0.06878410746622053	0.054976981828132654	0.06841207548083053	0.02533855439922838
0.06273733883368096	0.03086578359904544	0.0621697039913598	0.10178813617516135	0.03335457658289517
0.06448236170517477	0.07708119537732251	0.04806513082362576	0.05553954682841868	0.05431009874575724
0.05283750631158061	0.07153761036180134	0.09551751135412141	0.07025524250448638	0.09312175643988826
0.061047059795703025	0.054289642219595216	0.08272412549377403	0.07370072608360771	0.055253396193846734
0.05917841263284475	0.0843773353696907	0.07061981581961602	0.05346102420960392	0.0946208369890178
0.054855833401539766	0.07153978243626985	0.05065595782328109	0.047766491417375545	0.04749479183404897
0.023076281924389333	0.053759278870394916	0.04679408206782191	0.05817238014791673	0.06823793915629955
0.05325290489039209	0.08852511520884833	0.03306109295821063	0.047583851053795145	0.0568071621944073
0.024567878614455863	0.04443858198151438	0.02376313524133242	0.025938143258437275	0.057766319401647406
0.06509422137835631	0.005630090749230416	0.08110629227698019	0.05402631786221128	0.026839777754999593
0.07470043303106766	0.033828616170093154	0.03187729453869813	0.08972537742531465	0.07945253459135995
0.08905664735163547	0.01933491103528571	0.0617501180714741	0.05850167306123044	0.025006898695968026
0.051974316464952944	0.07483552674578625	0.07356515796848304	0.015960810122214536	0.03342243634917102
0.09627870107149335	0.05508975948312367	0.02343567931941383	0.020148547430655153	0.055072876771909265
0.06065149674178442	0.03983176220033889	0.048209420514494526	0.04167608081313649	0.04422085998279785
0.06554124853748405	0.053929156676328145	0.0483638771917677	0.05885660307904397	0.09105659229270226
0.0429263666481206	0.04905777762966555	0.023035539178067464	-0.0007508125129594354	0.03129997839886609
0.02643205800584554	0.06813884102564595	0.040382204951383095	0.06746964737841293	0.05526635306053211
0.07453377520741496	0.07660330473958388	0.06022569372078129	0.04772864870139886	0.013883690950098488
0.04423323044238088	0.05693401047614247	0.046488363607278996	0.07415352882156806	0.09845588770978465
0.06703172606186307	0.03956487921054577	0.0562985419951324	0.058995672657668405	0.06466785647469193
0.07967380502573783	0.009068783910360317	0.10545578668197678	0.08174983907514437	0.045206269823544976
0.045997121463779676	0.03680295862759604	0.04768929837840431	0.01309283789075215	0.0567439099515436
0.03694623631994208	0.037938281350328194	0.01852715357059554	0.05573158044816815	0.04032400004355647
0.08110359805330977	0.06714323068109583	0.06380627537679821	0.007267306985336403	0.04271948417125992
0.022201349059674278	0.002201542046592104	0.0558410439403432	-0.0005570009803278148	0.01996650246328046
0.025451228328321918	0.015119572056061372	0.07815623668597818	-0.0009471388425224244	0.036532615047445094
0.05091695104185519	0.04123019661766953	0.04584064927407176	0.026463746873908386	0.007543106692783821
0.031938739860890145	0.007059053003085236	-0.0020688153946320726	-0.011342408786005216	0.04933800816522988
0.035278491384144364	0.040799084723652235	0.026604215689208326	0.02295392448263636	0.07237097011156084
0.039979062587106866	0.03188986218525107	0.027014020275220853	-0.007156989530035863	0.032241552735861656
0.04515148043637019	0.03187125653101285	0.012916471764163195	0.03422554330118191	0.06417185466999642
0.043159074539167994	0.036994931146315045	0.025474539232271123	0.015877302975743343	0.03418993539428548
0.010593980576983384	0.05316298751362254	0.046833764045902546	0.018897536140562776	0.008047602328456837
0.0019131204135476286	0.06391055249776244	0.07523343076543773	0.00481753202528235	0.013875637972175819
0.02104371666792501	0.03443596533570265	0.0649196207634833	0.07101460008777119	0.05407578285858838
0.027214348561607322	0.043330979926533	0.020624615246166406	0.02812006853656787	0.004270243029809986
0.020627324568133182	0.06752693614726527	0.03291638792212505	0.05350834808548369	0.021594214742791076
0.027633071993686857	0.014435755243142306	0.05696551839907562	0.05376611042569093	0.035775940325476985
0.01889846200249462	0.05051442596595488	0.019301864807345605	0.029314998294892192	0.05859463753110131
-0.005530531184249881	0.017388963110708724	0.031125169201525152	0.03111316507420779	0.04799621199063781
-0.015506725981146491	0.023180773088933147	0.011559927224836458	0.022171723902389792	0.03317946776765267
0.044692667467962556	0.07331665530409404	0.007095568652016869	0.04513063955400658	0.010657323941967868
0.06317591492071845	0.03496250510944017	0.03223142476451574	0.029480484595260658	0.02375404251499732
0.04182254664250931	0.0015698496947197126	0.022751354869312658	0.032947270184729566	0.0771022210443083
0.004647944748876229	0.05976458150308116	0.07490469876901033	0.041090280025625876	0.0026433630207062598
0.04528869244350266	0.06712471293985306	0.005827268084381075	0.02078538013587363	0.022813923230269578
0.03550118792316244	0.02153232254500779	0.04022889627382994	0.016412730993558167	-0.006994687558353743
0.050515304808442	0.015267928845415328	0.012002224120605035	0.03373181676650589	0.0022109931506549075
0.024998654083385686	-0.012867971257777682	0.03565750628484739	0.045204953659047566	0.06413775626141664
0.057529093733058353	0.08205548559954144	0.03825822826348672	0.05835773014346836	0.02276621504261923
0.031169829067728763	0.02444132083234049	0.056347651470972586	0.052148124887351405	0.0531148278792002
0.028488024085223957	-0.013526359967765097	0.0063240380146748305	-0.0005126232113974345	0.004712196979881943
0.017877861356549896	0.038132272445186174	0.002549684597267288	-0.011649423310070713	0.049463718259949455
0.028926880898692206	0.023230622828214982	0.025156513190319633	0.026919206790308004	-0.010312274459875682
0.005714170080617687	-0.0031404660190837656	0.016249531020854246	0.013428174317481546	0.02645650739362937
0.011391228383674847	0.04585106819603936	0.04243409507588806	0.013410014657456733	0.02502409625626187
0.03908510390582028	0.01748325547577263	0.04398256182751294	0.0684709806354631	0.03709734949888177
0.03506496062040573	0.07992511925424743	0.005483064940701025	0.02200130300102988	0.0070892198078859135
0.0621654581098607	0.0491381187995744	-0.029142924318573377	0.07591747411138024	0.028649414365727707
0.028738287189047276	0.08339633563904429	0.05780438715452144	0.02607355335479832	0.02842272484558048
0.013545093803902588	0.04096302367009188	0.057700036839344084	0.05195419533172474	0.029578460326648404
0.03296578683664808	0.032112116038493795	0.01730491963762352	0.04194893486428315	-0.007649706042986718
0.010515637081405974	0.036168742940783184	0.04568691527108978	0.07062630883155999	0.053882465101526056
0.040510091830664625	0.034348120890404045	0.024796017507470493	0.011643875398952674	0.013723249472257348
0.019629290260247748	0.042377473860171114	0.0020589415914564176	0.05028634827921819	0.015694644460065705
0.04580969086723485	0.012055938975508258	0.050204663949760746	0.061655229443260004	0.034128715681839915
0.016286683614526357	0.02092539987611841	0.05567839446770685	-0.004538607226296018	0.02472898640906368
0.04338823468787263	0.023282083477083493	0.03685949107056799	0.0012242027968539446	-0.004926456696140156
0.03632700587244381	0.0129109852422123	0.00036980298378705683	-0.016633583199218684	0.027411188921611672
0.023256863836820085	0.04470381621084377	0.05100987167730017	0.02534014551740298	0.03553288130067053
0.04797366181441191	0.034530274425972146	0.02745586954550063	-0.005077604633575691	0.01596991891341189
0.024054030791897052	0.020655803232615136	0.049056213413152076	0.0630827421174498	0.031738653593516186
0.006669897742618867	0.01645157533051814	0.021093802999620822	0.0021028444723569266	0.0365804758497808
-0.0019038562655790993	0.00868670181706348	0.02731363203200683	0.030526103119767205	0.02452844173088188
0.011526591574686095	0.01952299119650968	-0.0013671270530925465	0.04254424200080916	0.019459658616840545
0.044936286233318405	0.04100119049371527	0.026917661353751194	0.009716001761412645	0.007639090999247408
0.001617409223428101	0.029133409087235072	0.03339000338834049	0.006917818200497879	0.017751696257808598
-0.015424594741100427	0.0278243703489593	0.026041584011330263	0.029327577383031087	0.020985837210864625
0.01587918664127597	-0.00831304778922086	0.007557957540959108	0.02436389675123462	0.01338709097952091
0.04496746806719134	0.07439433089180023	0.0426797124420172	0.011413631394172338	0.039250639842256456
0.04492257513058994	0.025480392164489694	0.011573789729218801	0.09666429235351881	0.009696852230053947
0.02056926301593444	0.03008757277669804	0.027730788998837866	-0.006763498364197195	0.036724364209124755
0.024313714253957355	0.05545371589437313	0.031490410749049944	0.023606554045462483	0.0014414805956335648
0.007988516580026724	0.023488266407834087	0.007915042948557542	-0.003802122254963153	-0.02542534054632713
0.020171830000658354	0.006838549047134534	0.05696577913385043	0.015506031779761708	0.01722138873028443
-0.0046204518620961395	0.02310255105942344	0.048740883370498624	0.03232853842572323	0.009363560580864077
0.03456266334167478	-0.0017429912989303928	0.012822828429700376	0.0070340674193893026	-0.0010901711674403338
0.009447686824494633	0.009032133752499158	-0.012844333397295179	-0.0040973366487530504	0.04952574739215001
0.01512513192751189	0.01264936974453229	0.06390315500806404	-0.03879703736191519	0.0320408442952758
0.04120332812314046	0.029333215134971814	-0.004939973792157773	-0.02574504002683392	0.027183366956952892
0.0022739081387905466	0.026906264802425275	0.012021423725523981	-0.010215926480532406	0.03375816517171135
-0.007152997594364314	-0.0005207839256912402	0.04227151277842307	0.018402589658391512	-0.0014720296236792286
-0.0048528075916035645	0.011559452097191019	0.04276574940085204	0.012739151976385529	0.024819492320037828
0.05655024942679699	0.004814553549712894	0.010427285162033832	0.010956154559821525	-0.022428344521957036
-0.019931029392729345	-0.004108344374626826	0.02960116387178037	-0.010848273690717218	0.005629943841606489
0.035124412703497705	-0.0008053453797783397	0.017272804161679995	-0.011685502880543664	0.03620737003245698
-0.007004123900825233	0.04877482261147642	0.028342633525104723	0.05407934703801418	-0.006004750894155469
0.007874470454453567	-0.04316635544767395	0.019071728897275063	0.043498424464811454	0.02360779245943643
0.04817396977063061	0.025185387646596936	0.05968144956160898	0.0010881702311855727	0.04228732653163893
0.020023943656962837	-0.004134436033570716	0.017655204988432146	0.002711314395965754	0.07119665120385016
0.02056302150690679	0.039019582371508627	0.021965648881920943	0.016007014076453677	0.0016478216615696852
0.024171788227071393	0.04589172004778935	0.01885351487281711	0.04006769385234013	0.026286393697394026
-0.027600594985998296	0.02532072805382097	0.020133838244440615	-0.00223094120804116	-0.014894799273715356
0.0023282732162327414	0.0005127377574273715	0.008451481509619543	0.018540453852957745	0.028191540221478035
0.030129224787585153	-0.013827207661241629	0.0017502369897564284	0.0211979397118177	0.014499686348554515
0.05177190526927965	-0.008170701916692743	-0.02268219124860099	0.00738994715521273	-0.003215601339596437
0.005770755433781478	0.06659759052755171	0.016042266237237153	0.023926874562627997	0.0020131595307601247
-0.02959006008044153	-0.01060143513531604	0.04620770687039429	0.025600714042192087	0.011635660115237275
0.017647880889772934	0.012791172392584593	-0.020554462127674623	-0.007445283765325017	0.035161125888461604
0.044373398736892875	-0.011405695216271381	-0.011500931133158372	0.016115334997441128	0.004392507915166128
-0.012942125122758287	0.016874666440590373	-0.010066233567531061	0.015778034953674684	-0.006000459389001992
0.027956486401361672	0.0015072380302738435	0.0233035220466462	0.0180701714046646	0.03603839780255548
0.005565631294915142	-0.020212349273686724	0.021931851857966284	-0.006312408327583616	-0.027669737098385053
0.005694830113599103	0.011022502617148792	-0.004076757938867458	-0.000687904420673513	0.014376698636353007
0.0404262069075309	-0.011196036038325344	0.018293740464990195	0.006198810601532708	0.023748001342445042
0.03215006792488878	-0.008085402540873173	-0.030686907054392785	0.0485991870441277	0.02151055174244084
0.04762219676010999	-0.004661353448789039	-0.006911539189844341	0.02006610327676893	-0.003277619245402456
0.00752710275813964	0.034288561587780625	0.009568687301284297	0.044064365169495426	0.038889084479279086
0.042871301231188395	-0.01781324804577935	0.006041651630212225	0.03946433361417435	0.049072957456068364
0.0012553886150584352	0.03514154074579354	-0.015344049463567216	0.03487742997982492	0.017152910058989067
0.016673069641528145	0.0261430946677393	0.019527521392352587	0.029075639906188024	-0.0019080406052701827
0.05186821649466818	0.009319694943368312	0.06583696646722359	0.009804337776806862	-0.01317162644477296
0.02824522082114597	0.00923807943668173	-0.011502473955624558	0.022450124061157106	0.04480684085318723
0.010050406941904252	0.005108353562218484	-0.027783260655660728	0.03922438561713855	-0.005607652147763582
0.0004607321511435761	0.0452562359179687	-0.020216535592150225	0.032382379421317546	-0.03066663455168226
0.04524135186993049	0.0316240854347312	0.009936282032331545	0.007408229811576219	0.028108876073605953
0.022645226972092876	0.024887074790041784	0.01585603357288111	0.008755249987197698	0.01173273796041473
0.015083318020787405	0.011339402485396347	0.009513876714283814	0.03233903205218027	0.05930495064359913
0.01192046970578039	0.052266255384936976	-0.0064149756261577175	0.006212302383680633	0.049673126758769365
-0.0013840772238542676	0.019590214722773336	0.01534854522485383	0.05203633623757258	0.012357986914266587
-0.015367483280620688	0.011214797602070777	0.02158254337825522	0.008208141866124707	0.02312636138339639
0.0485548480981835	0.05037561815031481	0.014135782883313372	0.03946364193582843	0.000860006125639785
0.013364666081237512	-0.024256195001682936	0.010654925716166799	0.00252497560088969	-0.011824137008102803
0.035883496444275555	-0.023361701376842615	-0.016407408308463517	0.0016603234207408194	0.03802593049468004
-0.03853735057418793	0.025427528207598592	0.05463373029310673	0.004362983621327343	0.0024989055783175918
0.02805781084215688	0.017164332155366592	0.07435237381377514	0.04191272456568327	-0.014404047966668202
-0.009348342980613124	0.030857228538820874	0.055150122515379846	-0.010229397160970852	0.027102616987786075
0.05528648382690449	0.03885688357576819	0.030150186463137517	0.012160798885936599	0.030550392151415463
0.013272192424164548	-0.031971118773259324	0.012801554029986818	-0.0007540765322241881	-0.026137002366733348
-0.020971860448142473	0.08073178198189615	0.027185096779991695	0.022652488013012985	0.0243665426268004
0.02326613376664295	-0.003169271126904231	0.024221882542081883	0.048132670690876914	0.033579644537520076
0.021917342543871687	0.0026133475050345613	0.007458036366058879	0.008577779619655692	-0.03224982101077374
-0.00398988287656014	-0.010477713019878742	0.03277532632586613	0.0032722139630457156	0.00749891151885022
0.0500391450286102	0.028099313576585478	0.014077451308650757	-0.0019777494384760736	0.005251246332002132
0.026566922495344706	0.016590597021423806	0.020736625933791664	0.02508792666341106	0.002964951946875842
0.0010318747330615406	0.027906051048580037	0.045335593450858185	0.03830223775572216	-0.026676606287870157
0.02234564068288481	-0.0014518306631246796	0.015650985011286783	0.04229867512538607	-0.027681542942268114
0.003873818571466814	0.013298078893659936	0.03986716290620966	-0.014981465778393786	0.01544489964172797
0.026619442520636506	0.0007714269557517828	0.03697580800682908	0.011370554890139205	0.050415115361204244
0.03610743828947436	0.02531425608933938	0.03315616871497272	0.03218500804933657	0.017353691637112787
0.0014615111157790773	-0.00391009244272569	0.043697697835833195	0.01137507781958989	-0.01220447892847237
0.03538327547016599	0.03292897355333605	0.016119266504099856	0.0035385042615885395	-0.001635614304410488
-0.0057932612831065	0.012170635490505895	0.0101556077076614	-0.012432471382218938	0.013302714053910928
-0.04084588853782351	0.018446859936484445	0.014270694395535848	0.0494723498489003	0.02973964799408224
0.03204298488090243	0.004497223737474871	-0.01228732799109855	0.02739506580272189	0.08060991036654898
0.01362624094961519	0.0343254022763152	-0.04876247995028365	0.03715045272137314	0.019149475455683445
0.004142025600121421	-0.006152569265496219	0.00852909779293485	0.018362588165941853	0.018103908975287283
0.011558112652340656	-0.0033860201703621575	0.03949372633747764	0.0029811874918677754	0.0013539872156493726
0.03979958200743324	-0.00952342898934834	0.026346265256072886	-0.0005882614607590569	0.04477080359649967
-0.00582492350232979	0.006008817545723946	0.012056740029665128	-0.0001612874725068561	-0.006499967680092992
0.04088837661458676	-0.008617840892193465	0.019319035920937026	-0.02442810054712018	0.04261074803045041
0.01382064344713731	0.022565171122586256	0.001751881727060168	-0.003678923864328186	-0.013854239632844757
-0.013006568316110901	0.019741045324688716	-0.03170096885019985	0.001500686258684246	-0.02408739904970951
-0.009575939387890857	0.06318497929660913	-0.043411339013453336	0.028094320359257855	-0.0031245865851146624
0.01543580261669814	0.028533984431048945	0.006645243790978844	0.004766428034434136	0.016967797172732977
0.06112477241251867	-0.00017940986001985107	0.016435023202672344	0.027218401326443847	0.01525164086293113
0.02084736967008409	0.029024653537454904	0.017472416413015394	0.004069628575388764	0.00042217880784293105
-0.011302192150067865	0.02350463169047157	-0.0009049547843048679	0.003827176710785791	0.02288391094367677
0.013237391048715762	-0.028024270354019984	0.009140101156041842	-0.017191432440076294	0.008081528613003439
0.020079540045508278	-0.00708241206907205	-0.021449006417894777	0.05094830901514502	0.035717752181606735
0.004048204474808992	0.02404487626097944	0.018168209293831825	0.05660919091167779	-0.014437974021197088
0.024347271986191216	0.008090361596853295	0.017881472985152854	0.04536346532279477	0.009712834935679964
0.026349285547011648	-0.0009200440615016398	-0.021772665418825672	-0.01042490670485951	-0.03475550493917949
-0.0185011112501715	0.019532565094573226	-0.004444200048291292	-0.0008488224478908745	0.017835220890113603
-0.015525796371752956	0.03353709539198452	0.044833589124195494	0.049316454657586134	0.040029292938262545
-0.015974746403759336	-0.01586866136876244	0.04243743420652871	0.011078280342722156	0.002185811392031695
0.021985108703955494	-0.008718384316116304	0.03128821612520099	0.02503843344501501	-0.01915958528449612
0.021544655436876364	0.034579780954510905	-0.003841022551493688	0.01977632857718731	0.01739251931767996
-0.003101224725546227	0.002553976197943711	0.017390145935307945	0.023404258342708328	0.038624408438033817
0.017748240678504404	0.019330047970535103	0.008713645281915271	0.01923754900524279	0.01959668782148587
0.03911573725383315	0.024514560072330657	0.009968674194115956	0.01212325644028862	0.021472394635539616
0.004493086417215069	-0.00779685703899524	0.005850777332544034	0.03523419250682661	0.030305478072673055
0.012027000348440738	0.024243176823834374	0.05342511117198284	0.0005081145693053377	-0.03939289414168491
0.030311262714651694	0.0016139258893686584	0.02135722729173807	0.0034368624886962056	-0.01952170222893373
0.0255604200765712	0.05192091238373502	-0.0018393085463883473	0.0013324637352684875	0.04573389172395949
-0.026467677787099714	0.025303625262422844	0.020270169659191664	0.03857262156172636	0.027850555045211545
-0.005772446414450746	0.024155946252788246	0.023481525886200845	0.016540865182652804	0.03503919501491645
-0.015777213462481295	0.02171140928862468	0.021950551766945603	0.0041341469819353	0.021522368988600375
0.046317527293687905	0.01819211732256434	-0.0102723014383893	0.024399648823978104	0.01355951075720336
0.005935331469736458	0.005495203499469115	-0.0060159660885399716	-0.0042957146565095064	0.026812871741959468
0.04088147333356441	-0.023599085146204284	0.0050499076952082115	0.004334320175248303	0.0055152354102446025
0.02505280931735109	-0.005558427915280257	0.02854337714947042	0.015008295547432306	0.01935231092849447
0.028546171892779533	0.03920138442929584	-0.009771614262971955	0.014252002254249581	-0.01833211003762044
-0.013042215562113407	-0.0054264342990975175	0.03439588534489399	-0.026487293361909046	0.05525164591752757
-0.003284180486165485	0.04481721409250962	-0.01762541091250444	0.037948652826917444	-0.004504286229112246
-0.003568240576419587	0.0018132280590076248	-0.008316800779527182	0.007289713681640189	0.006085436805083434
0.0226715166624589	0.02223650243851535	-0.0034367870856733774	0.011068359353714807	-0.018410707648782967
0.008167918241857374	0.03887430364687413	0.008403809255063876	-0.007641888342736704	0.027372485665041302
-0.0018305804114989851	0.015734600717834526	-0.021582747879737327	0.03548410293142252	0.015735207004703256
-0.020318372261227634	0.04424813931584627	0.025561227603252922	-0.004400112859320819	-0.0436195310135442
0.01999064548124621	-0.02403544628334771	0.0010059569096839745	-0.024725240149421	-0.02381747013790405
0.010649036468151955	0.0037235590984596558	0.007743198033825079	0.010962165188169733	0.04812940272767546
0.018181185326925024	0.022220922733962357	0.002599382300454831	0.030901779635442793	-0.008838601543827896
-0.02684444549771314	-0.012905131134380134	0.011450106207677094	-0.0041832102560777715	-0.0025213387870046903
-0.021095716262813584	-0.0144098061892051	-0.00837235695810734	0.0052283545100692795	-0.018776206001177888
0.02182776211312102	0.004407460955267263	-0.013951680697191418	0.02389708066194168	0.00510873461443651
0.00532140829406798	-0.007712147403957952	0.015113920988231652	0.0226263670862214	0.027663447216869252
0.014399331241892153	-0.007413196262519689	-0.04463454019582095	0.006228560513414579	0.019475264186074318
-0.021817735889309256	0.01884382482274134	-0.011904894976093755	0.0338818468446842	-0.0031424722418238278
0.0505697513401594	8.326549510961987e-05	0.01451418873255591	-0.004971893965361133	0.00340091624187622
-0.00418449007746699	-0.005969480292636469	-0.0028869036366311667	0.048594089245842	-0.01963650454707986
0.0047772887858106875	0.00805765806889195	0.00399867295147271	0.03828947240311623	0.04518916934463546
-0.023494126185307527	-0.009134636225841708	0.010029835776877128	0.01666491308675975	0.07329294100361755
0.004307662108752004	-0.02280400201828257	-0.014306014683491703	0.0032948103468110144	0.012686815515342405
-0.007075137985577023	-0.025954056696977583	0.012286250920975138	0.03349952921371331	0.01906721024285938
0.020718832597295372	0.012638359871472705	-0.019195300552403732	-0.006443108632804761	-0.006249658639565121
-0.008383630007375359	0.00572041917913884	0.002347204798104481	0.0028865317060567776	-0.004986629056933722
0.01691754689652819	-0.010035984278052282	0.011074066811443975	0.020573748481275803	0.03207022476743934
0.040151553574172744	0.01591036676719416	0.023490276319912913	0.018997845659839876	0.0026577306081049636
0.03771884480985551	-0.012267258981012864	-0.010145653413750162	0.008358652340487075	0.022159950082042485
0.01606979407348803	0.02559892919466207	0.05637414113023667	0.018197553380128184	0.029972329246577313
0.01789188147233252	0.06362552759967423	0.002340147692549539	-0.029978685618484623	-0.030134343092061276
-0.006988849783418849	-0.020382596903609343	-0.014064521997198796	-0.002165042617945826	0.023583887229917156
0.012049766392045809	0.04885289525278949	-0.006216294355680105	-0.016485029660404646	-0.015216673186869326
0.020421662028652997	0.05314242971760526	-0.022161309753665304	-0.002221867840962001	-0.01871676448144427
-0.035017113513503034	0.04911042350789644	0.0052637381173766375	-0.016788520636968784	0.010068548612313068
0.013012855933443358	0.017189978784389118	0.01777460477724824	0.019113182787233673	-0.005550261280470708
0.010902515839188958	0.007396136448597305	-0.023857757318171316	0.01676936017058596	0.00018087575442135746
0.02105607735715913	-0.023554238134103286	0.002478880213228761	0.014378321875159453	-0.015333514425397916
-0.010573600708691261	-0.02414583491608253	0.06796106237805466	-0.013639540778508614	0.03247157375195091
0.0017054528265787088	-0.011466980801344506	0.019977902826229944	0.020804531894129848	0.018724011656667948
-0.009793254245641314	-0.016958326829382718	-0.007542306763253539	0.03504634852303046	0.024358330980622685
-0.018110529472261275	0.0030772109067664748	0.04532840948022252	0.03981742289821062	0.015094116122110575
0.0009755050830082095	0.004773545576192038	0.003389809276224048	0.017238560465257274	0.05579623932355291
0.05757093701917144	0.02289653437272103	0.005768502175345079	-0.018665561499610083	0.007223648523152784
0.014950996264925284	0.027395077352742808	-0.012555522739344564	0.04767023167789891	0.007586498882124865
0.02197963594195771	0.01665809345566635	-0.030776696960206525	-0.0062808751881208436	0.06862352650326362
-0.031218822419544767	0.03704135464876818	0.017177147636062286	-0.009907358931342342	-0.0199287032764337
0.032894775850039346	0.0018993386039781951	-0.011839923027402641	0.03943162453129091	0.03387505879535415
-0.014327883600299032	0.03649592034142874	0.008930370848150189	-0.009819692258283195	-0.0005702537375532422
0.014008671630230153	-0.03149228233545574	0.03562745374155093	0.014303198481761538	0.009984967432738669
-0.0008513390355299379	-0.02035696073654595	0.04818243418481406	-0.019265866122089057	0.00668087770674144
-0.013930910758293849	0.009428997147903259	-0.006012947702549855	0.024899874185153867	-0.011986478512321277
-0.005542449018303851	-0.0025320496369472373	0.008497936345175736	-0.040894230799295626	0.02127352652022979
-0.025078034229611433	0.02733268139547603	-0.029369883132911015	-0.033265214494791896	0.006092201512514639
0.0017036864420630089	-0.017441857118941712	0.029643113768483866	0.01433252099711575	-0.002336324506272339
0.015069409867964312	0.024174844182466022	0.03346758708035908	-0.00945764668542614	0.033621504585190476
-0.00025682762489600153	-0.045721021170319114	0.03825669068627967	0.020710769363128913	0.005522173131158845
0.006762664792461737	0.011384087735689965	0.005392727755696932	0.008302735876944356	-0.005306578748642374
0.0100510739672048	-0.014732476084725814	-0.04988609930094789	0.006988358498333319	-0.010088679149841863
0.01202796166456929	-0.017226089484550944	-0.00974768392117665	0.0012434595504718694	0.034469931407390055
0.02455777398928334	0.017527137045837374	-0.0008173063936727323	0.013425975515570024	0.007196092697289174
0.0039011650987527914	-0.012991152633276418	0.004054542618013508	0.020295279337894396	0.009152189650674531
0.012534870080193074	0.05676412246062888	0.023925419893419144	-0.037811153358585495	0.018882358822175482
-0.005655925339148872	-0.0044640571332644225	-0.014604929170312305	0.028854649639446967	0.027472734045056138
0.022535529684202367	0.01983073594906568	-0.008230365446409121	-0.007373281000647547	-0.027029673349133254
-0.014239733223875364	0.018085121594775162	0.002145516226937919	-0.007834288234879208	-0.02278612148153453
-0.00220334707228128	-0.003443034451555761	0.0170381280646689	0.009763289275340328	-0.008544562173478053
-0.03176958660653207	-0.03353136057939017	-0.001933186975601995	-0.037705798709910386	-0.006112341590973831
-0.020711874789735206	-0.006423468468804259	0.0062914292095626045	-0.017691566507104003	0.02638188784554364
-0.012315672600952808	-0.017741583787943632	-0.008135542993655579	0.025099589296243483	0.0010004550811616832
0.01004696580876724	0.009622428520200173	0.006660271559645943	0.028837251776169217	0.005335815451949956
0.040185009097260666	-0.010027347057957645	0.017928951056067396	0.00042879718443655096	0.002228130635600204
0.003034639869717904	0.013423809347319186	0.03691688362755967	0.012290164521162729	0.042265798843352825
0.024106751097547563	0.0028023634928465296	-0.007867458611223349	-0.007736192590107469	0.023140023954656364
0.013671896606803742	-0.004701462963642364	-0.015172406416441665	-0.012344082173873186	-0.020845331989273144
-0.02552922110826322	0.0020455137828166046	-0.018387699512142364	0.012380297160251592	-0.010736103223539135
0.012771109047398452	-0.025403518819054834	-0.04372669128008329	0.004304032798342132	0.015073046599606637
0.0022651820647979037	-0.03866937484626851	-0.012019373712999767	-0.02051992640987737	0.01753273636379381
0.004539850364335284	0.01554487692345856	0.019895964414983064	0.0030236005039330893	-0.0014728472857617409
0.01575973751117794	0.002641997269909517	-0.0053847588609341026	-0.005814477167217615	0.021200841847676812
0.06488704456360624	-0.018615423823465198	0.03988820740644869	-0.0024488075312324165	0.03157513982452994
0.003346445279270302	0.043283713758328506	0.017509683443292498	-0.008281165117268417	0.05539665708784981
-0.013111778194076627	-0.0064918717029081845	-0.021704911366658884	0.02844140392239432	0.005243806256605196
0.02878696301766198	0.012305885914292401	0.011606586910086163	0.04575852310085406	0.02525455037827569
-0.002636279340275857	-0.004504544165452578	0.02846927595257307	0.01944968320822254	0.012349333690600813
0.02159302799796714	0.024964650404170195	-0.03914157094242983	0.018246321344495754	-0.0020537944572445775
-0.01710540784250802	-0.032490955757912394	-0.0005217431269116998	0.024289560303826743	-0.0075931511631605825
0.007372270393818203	0.08008872615169009	0.021258029794251714	0.017535852129493216	-9.34946392888809e-05
0.020091231852936983	-0.02049931640900693	0.012003390644026522	0.005827431187782727	-0.017895806215682347
-0.006198445393057342	0.01774691812022105	-0.006488790389824793	-0.03905081528850555	0.023083227139085116
-0.009342952274126258	0.03443035325264274	0.012456380774960647	-0.009142376099402355	-0.014921270448926119
0.0250125855941079	0.00321340163233471	-0.017031140088207088	0.04017228116782853	0.00123257383033735
-0.0004755728426989788	-0.015373507614103454	0.012493690213596025	0.03544171609342435	0.01909834344023727
-0.03662944453594346	0.03612257220049795	0.0192786144237802	0.022760660653220112	-0.01279700688924209
0.014352811117770018	-0.03498389256935374	0.02461123641863646	0.024131094793996718	0.004032322104586137
0.019430798925308957	-0.037242750108164045	0.035261208712049366	0.022823718971708377	0.022653496003540965
0.016048217760786312	0.01964811842536474	0.012892146631087356	0.012084459468819874	0.003346143128876471
0.010335968782312058	-0.008990633526324539	0.006539699297276291	0.01907357063833315	0.011386489915106778
0.039614036637882495	-0.024971137350391193	-0.008035649231874054	0.02114754255053527	0.005491798121814201
0.009201424927281415	0.016362379624732082	-0.04560592319898718	-0.005546925629871784	-0.0023593142378935316
-0.007807008621140759	-0.015502434445132518	0.0019763580422771693	0.01095786365845303	0.021285688374740135
0.024269142123665603	0.007958327991425204	-0.0029779507397395197	-0.01923314457437155	0.01595478789115687
0.008951772632988594	-0.008701768557237418	-0.02394661463328159	0.0063624532539814345	-0.0042350569755920916
0.03013628072942172	0.008577255843326113	0.01565535837090157	0.027122591179357013	0.03618916534961578
-0.01350435397314683	-0.00538735217089277	0.017373267122532947	-0.022075062529722224	0.010767995764984557
-0.01017575990581179	0.005317862935303825	0.01246064345239331	-0.018998928716149478	0.010456933755204496
0.03263508373751831	-0.03245343421614355	0.02246200015650277	-0.01633634362176543	-0.00900738768731673
-0.015351338431834963	0.02832273276505479	0.02701551365725193	0.011623879860980346	-0.02492963511104839
0.05127838430675005	0.0274605705536839	-0.0012259806904448495	-0.021482487072943247	0.005465293661071567
0.03438041981095441	0.014140649837124613	-0.021505511339015165	-0.030138099186222102	0.024424393446897338
-0.0014789565710003824	-0.01590896154062361	0.024219859526006027	0.038384928183031485	-0.005830328435482313
0.01833852932142507	0.0025320520079062502	-0.014184229977253321	0.012887331048134413	0.02192683534964811
0.005178936032398919	0.008380323030439412	-0.01715173882276757	0.004388219703202822	-0.007999244248531937
-0.0037407211107641047	0.04604647561604797	-0.026138202380617547	-0.015714412139630422	0.039027257669441234
0.018655060822898473	0.02596366926377331	0.002197856942925288	0.03247814272238801	-0.007079087961333345
0.007094583210430139	0.0018341701281571945	-0.0030862735521928397	0.0058107756093734	0.0195716050962461
0.005693892765818637	-0.00911017096004679	-0.009066591573663647	-0.012294917342965134	-0.0031492063927134563
0.01003766373797369	0.06116948896108269	-0.00852008991776898	0.03853770560370805	-0.038413814218151474
-0.010352285717558958	-0.016242276778074747	0.027620249517358714	0.0324217379939325	0.044242566362778374
-0.023267826635350153	0.015273456820300492	0.02205287492258654	0.014597068694541332	-0.015659420105958024
-0.01685295658789251	0.0278017623836712	0.0013436839338575972	0.000543020011593202	0.00815785611399959
0.006484731091406072	-0.003483237210553136	0.031713483692207355	0.02908987711742831	0.023134421685287863
0.007354586864057468	0.01519809450115115	0.015482664556710247	0.02336453389736145	0.020916147732094867
-0.028201849273189132	-0.030373154562676932	0.005119655185786601	0.009690633072369921	0.001469225775454525
-0.013736992578998675	0.040665943917304215	-0.008626944243484183	-0.01471328635334982	-0.045849112602424885
0.02066612254686644	-0.008777705250076897	0.04358062306109303	0.047530154891180815	0.0038960710817806214
-0.005164944007784518	0.021162211094958402	0.018485191916221354	-0.0006541427146241445	-0.01851630763637837
-0.017642913154043552	0.00763821455291008	-0.01580958783355626	-0.006167734354201216	-0.025634744807362015
-0.009186806407892684	0.009310487227210233	-0.024764103871788352	-0.006473122742123964	0.03278817394561698
-0.0027403976923938687	-0.029685546020322078	0.0319165905479654	0.013785183033877256	0.003595742600546936
0.02051952667210113	-0.0066692525956134376	-0.00030181400195568395	-0.005175592425826653	0.01020672809270533
-0.026090205084172875	-0.011755087967147491	-0.007607772398055151	-0.006272333040482177	0.029455862289947357
0.017854401711990847	0.006504600489463574	0.0018619108453288603	0.017942300018293812	-0.02371837431715612
-0.0015668661892656271	-0.05277972279092425	-0.007197953087367672	0.0029385145426527167	0.03172272699098686
0.012787593490544282	-0.01209444350891056	0.03641692498110017	0.013060532177991467	-0.003482468923319838
-0.017577642870318655	-0.017869698421233607	0.02096614257148171	0.01854942155436562	0.029618025365592465
0.010902869839380108	-0.01056773854635879	-0.01419819187969839	0.027497825645975364	0.013221060225784854
0.016860154729081478	0.006434662489909738	-0.008973680482412556	0.020548780973590516	0.025680736665941638
-0.0020536731846721376	-0.023219473837892763	0.023175425810875214	0.05571292811308781	0.03639816228947203
0.04705575989112755	-0.018186629675981215	0.024610329425595823	-0.018695470723984156	0.04451235952601662
-0.002175229928469606	-0.004639016059419199	-0.0003717236503877671	0.019823874978453122	-0.0015142120333947848
0.019307044015455382	0.03579305666414465	0.00947317691761021	0.014812130157020972	0.013650571570318945
0.013433016973864495	-0.014154301485616822	0.01559964506893418	0.03949744199794863	0.00886682182076728
0.03021828986634364	0.006558348098250847	0.011872582782198389	0.00580721651948908	0.0044623198070498716
-0.009526996441957671	0.0039056761832009573	-0.011427962951301938	-0.0005332974591799318	-0.008916561141720201
0.006066309305240009	0.0025613062706511605	0.03486527008490103	-0.015644935329892386	0.006045031262245689
0.01220475081228166	0.015299523400713437	0.021235188967775192	-0.016107026218396645	0.03625840821130088
0.016722111923272293	-0.021492721025520273	-0.006881412262801738	-0.0012658239335902547	0.03231721529722207
-0.008223535723502151	-0.012590339086923166	0.03471534339190967	-0.0242121540861045	0.003466958900587183
0.02266148859818405	0.011629888515785688	0.00872731107277202	-0.00837962743949141	-0.005479166424980952
0.009723214027973376	-0.00854712049537164	0.037770165094415865	0.024070233733622833	-0.019546419721661087
0.004622553199849944	-0.02000707124927675	0.016374216567489996	0.018738166920933406	-0.015451999912193568
-0.0010895626123483544	-0.012963176268784547	0.031494335593687486	0.01702478028078095	0.023528312217142196
-0.014688811297735326	-0.026206826973358983	-0.008261560934198546	-0.0009236649629513457	-0.015297486258486197
-0.010565588107822009	-0.017549520344881116	0.0365232632019772	-0.011876338272120172	0.011363795261393455
0.03453370423230852	0.006992060885052477	-0.01056268105030317	0.020631561899978248	-0.015306664545659054
0.009130905081735599	-0.006181211276181845	0.009930256696483947	0.012673181267710623	-0.0056902690987116035
0.044443855857691346	-0.015408700404541082	-0.002117804805127301	0.029114224714686908	-0.024770877837233106
0.04658564311982862	0.03473766820941437	0.003734215832354529	-0.012201411843419581	-0.001157262421551293
-0.0006831485029445694	-0.009677723024283911	-0.0034420638763180654	-0.0005893780191593874	-0.00729752168372604
-0.0014882926357061709	0.025677925987506543	0.027904964717845426	0.01961917275059442	0.05405439708011463
0.017764103559990054	-0.0031978454370837905	0.028500499476745274	0.02844591103721941	0.02113795284235468
-0.004484406586309892	0.01956289225826347	0.032472605279157615	-0.007974425963352235	-0.03981736228583321
-0.008284103439330413	-0.04034724940428078	0.01866223271060128	-0.0117930745250557	0.0264322433216083
-0.0018112666373162026	0.04503475003434959	0.006342305319611092	0.011795024926840635	0.029326610718946683
0.010747860638983853	0.04443211902753314	0.01384857936899423	0.01263219690669013	-0.02337240563438621
0.025795289651680188	0.009412752445175405	-0.02518802482706332	-0.025894455251396876	-0.02090954885173442
0.007622654400092738	0.004901939147488835	0.024645799978030934	0.013123201527947515	-0.013103127493631704
-0.008232684578889489	-0.008788314431772696	0.017996345678074704	0.02476806490568725	0.02878257644690463
0.02877867700486042	-0.01825843307508477	0.05365892762221475	0.016326983664503553	-0.033610833232933277
-0.023186497352743498	-0.010817899121350094	-0.0106633179761489	-0.008730187686382262	-0.005544529510717575
-0.02201691564470066	0.024579226988777785	-0.004410252301509867	0.03312013026098149	-0.00045346547067658203
-0.007754868923872691	-0.036709545605974676	0.01588722792443824	-0.028875450484699652	-0.04647022731477869
0.003393620944650653	-0.032084360662702704	0.006343317019012037	-0.024620056595056884	0.01680039695801837
-0.0249894278223106	0.04796118317200326	0.012674525885154626	-0.005520830815140551	-0.012343501490248288
0.007731127858063227	0.010612723696410092	-0.025062411146631686	-0.02382903278993392	0.017838684842374768
0.028363419278208263	-0.014875969507729191	0.018073238652917243	-0.004591320028236789	-0.006446157711615223
-0.019932356589916687	0.023130821783561996	0.0030936236108169476	-0.007656801577583602	0.01556712008904102
-0.016894731889521685	0.015837019618736736	0.037835280956961585	0.018543321379494757	0.015393583244442816
-0.028356210186994073	-0.022946881809446887	0.01838598930738234	-0.013744129717924585	0.010206907267062639
-0.029114051047868066	-0.013568904177074107	0.011313945550082728	0.04541932817158025	0.0009666707641991651
0.03236623602688651	-0.037312496294878636	-0.011705644939257052	-0.01441756495777861	0.035430185432724054
0.02279260753491709	-0.017343075932133224	0.029204366339707157	0.039816928699462024	0.011599494555908325
0.012614454853236711	0.04710530775447023	0.03974705087234939	-0.01397516780093884	0.013445787691939718
0.01427395008764738	-0.02303942920236295	-0.021711620716356433	0.021617115049815706	-0.0016675946229239985
0.011378617792909464	-0.036093848102342466	0.02171859913913963	0.007229642323834601	0.04726997865512951
-0.00022070728873441994	0.042773687385438984	-0.0013171942030347134	-0.004685616983043393	0.005588806042436108
-0.0030949882387569525	-0.001584953912090882	-0.007367951924702575	0.012500836903087948	0.05278750742771793
-0.006771007215021881	-0.016086712588344685	0.030506422485232984	0.007061996375897451	0.04441567564167208
-0.014011954104995512	0.02217518898234173	0.00985003471753688	0.009229262147656288	-0.05015498129761863
0.04439450389652925	-0.03824285800274512	0.0033029003518703017	0.014564759953908334	0.007567900789311081
-0.006110608956865476	-0.017913318111526452	-0.03338244237808459	0.02182942902023295	0.009949563733939494
0.004999628781764911	0.025886328435090776	-0.01570961316966598	0.028038074300663473	0.019421039710163714
-0.01308415906700103	-0.001427640453690982	-0.008126570942982133	-0.01312610219642655	-0.01951110430406689
0.04959766459405152	-0.01664959732551619	0.019494993261499116	0.04167931532748174	0.03308714608262064
0.01335749474748095	-0.013365109619641626	-0.01570016874373238	0.01684962058875422	0.017613862942373135
0.023539359867717023	0.019555511438795515	0.05575752851415567	0.005049358658943757	0.004670269261228949
0.047739083571681246	-0.009473032958552206	0.011993122948999974	-0.028941480830512914	0.006819676148241114
0.044929113109859385	0.002408610898810305	0.0330977194741774	0.04552882611654502	-0.0015522074799781528
0.01882205650436987	-0.0020125189475914736	0.029704891787363803	0.04085553624379743	0.05692169572981339
-0.0034127453374751364	0.032025904109644086	0.00311042652459242	0.016816872900972148	-0.012874574529669908
0.04847490336396559	-0.011326357804308228	-0.010546636267380793	0.012155793833981299	0.011383004475652237
-0.0014306481771977561	-0.013448381764960542	0.03590335824231753	-0.0022759886120490647	0.020388656972377985
0.01528964785147716	-0.015544301354302223	-0.005847448757475143	0.015215531502677952	0.04767059581278652
0.0014899770026775023	-0.02752951930640789	-0.003460040097157689	-0.03589182428349733	-0.02183129474191758
-0.015131928145690202	-0.011261419008958714	0.01556264171157378	-0.009300349373796434	-0.0012367835265029389
-0.049228485032136914	-0.004595181727401315	-0.018232660094532505	0.034156312866591265	-0.02973662885106794
-0.006968757053767269	0.029659857169795443	-0.0012033084492853322	0.007287933809602156	-0.005104293456598562
0.033041137380531514	0.012423569314076953	0.027555189411624787	-0.003273838921596708	0.022666045632357017
0.01592042490974696	0.004397683319823764	0.003217785220708567	-0.0016516395142246489	-0.04513575061357735
-0.026493839563424368	-0.009501239511584948	0.004327866362805808	0.026835077776795675	-0.01890290511815884
-0.013374784087328326	0.02596165450694639	-0.02090948939941609	0.01229342585414345	0.031447824235650436
-0.011621907649591307	-0.031902421494536724	0.009161853552678473	0.03658845873295578	0.03254791334179261
-0.009370215149934283	0.06388975731095034	-0.027287687901781627	0.03639654834500756	-0.021032031583851037
0.031395985717086294	0.014690407226844114	-0.005145154184070407	0.03538727004041633	-0.005269763666252876
0.04075078781512179	0.04577295932293297	0.029488673670803107	0.02288686486050543	-0.009570516940104216
0.008244345377099229	-0.0021218731297989665	0.017483244221943466	0.005075339586827652	0.019443543485047322
-0.0009458992083519729	0.013673602719743702	0.00010742436470387307	-0.0035318635503753916	0.02685240446852858
0.027493703405505884	-0.041094829589730125	-0.0039922361317062316	-0.028070549401116078	-0.015706064593897517
0.03497850094475251	0.013105288639141996	0.017648670114930667	3.196731430784444e-05	0.01752790666255042
0.0013677067060864079	0.05295283976961694	0.03650061591888954	-0.024172815866939677	-0.016252296252825513
0.007437995659154345	0.02724098209075796	0.017669752857280837	0.011261901986652684	0.004501347586062958
0.014685912040759816	-0.05144041927509424	-0.012614505365063804	-0.003989385961675421	0.02697477286705905
0.00956539450845539	0.013623529647562173	0.007257772211747188	-0.012502663499153079	0.00848757495790881
-0.008799323725309888	0.013434260985090976	-0.02028098596912884	-0.0005835897009792614	-0.006676403379658254
0.05322643658902389	0.018286230919921962	0.012312674509270363	0.015933911276608582	0.012447439082001088
-0.006618881628285729	0.05155163291368483	-0.004966861565954914	-0.010668418992622355	0.008163786210690938
-0.019936430118739717	-0.008190239877958309	-0.015211474607024083	0.03062505591807398	-0.0075270655369491166
0.040721026669107284	0.005760695889537619	-0.0003606908580396327	-0.002076698430407853	-0.0065858549568887405
0.006074813481304179	-0.045917830155630106	0.024146848864138353	-0.019503283652782286	-0.008024171976802996
-0.011114080411001339	0.024463196469026078	0.0214796570130917	0.015944132724099135	0.01961826413739111
-0.017567610260283962	-0.013725777516120703	-0.030632464492999015	-0.003319948394927147	0.001346772261590072
0.016183093719123194	0.039127460634794047	0.017739550096858493	-0.04388570341028835	0.01426155730379036
0.016779559984802767	-0.04477251189375399	0.017723205342780855	0.0388364491479006	0.012877084689352461
0.012579423306436917	-0.03701708645791811	0.009787022135554563	0.05955426823379885	0.02153302777746776
0.019285099166101556	-0.013083540674496422	0.012634704527837314	0.0027912076986912216	0.0013615600868151874
-0.0008596655672140586	0.015070536381200065	0.008462759838527482	0.043012871888480186	0.00030944669779469757
-0.026828339999342685	-0.012860691842193968	-0.015426601589724621	0.00239089354509729	-0.0366577202932467
0.03584895700226813	-0.005293004893732448	-0.03580975533188962	0.008054461209149995	-0.0030256332630866547
-0.0018793785144557377	0.0004468108660401924	-0.011271385999794275	-0.009629819978515518	-0.01611504156052876
0.0027644821321582518	-0.01734999270617012	-0.033642657111771626	-0.005046583171403886	0.012739050370025937
0.023377806378003213	0.012075863610034968	0.027882661730432287	-0.016092857210713483	0.008360365774784141
-0.01708901005914785	0.0239784205424598	-0.023418691128120374	0.043413932981308495	-0.010467779598560118
-0.013176420547141748	0.03898945968731809	0.01834046348381851	-0.04577586266339762	2.1473934586336424e-05
-0.03540378268619907	-0.02861831975504554	0.0290557544653779	-0.030445108275284582	0.008144611831571821
0.005464338581600376	0.03856710856607527	-0.0014374850215914765	0.018341619967957915	0.02417380615513298
-0.007260131848532603	0.040934186591727255	0.0004747762903224645	-0.016635973300366706	0.008205593773214363
0.016295017494982994	-0.0014266808983481572	-0.01096809788020059	-0.01945386284181446	0.021376943905123534
-0.014276468536101422	0.0031705955454793024	-0.0006402740041195091	0.01191031489586912	0.005434909833527502
-0.02992369369612362	-0.016895916520348123	-0.020619674921236248	0.0250013820735037	0.018316388125979056
0.02232433070245647	-0.020468972922869335	0.012568644859736737	0.003373387736219073	-0.017084708580167658
0.05271182841832903	0.007102408049294608	-0.0019169009444261215	-0.0072381204148111245	0.020396507256260306
0.012790164860823822	-0.027232093645490507	0.03755045687165288	-0.009326070398274213	-0.001037231370635963
0.01002161059191501	-0.001717107666543525	0.017598682406902284	-0.014099351089011208	-0.01149005795955403
-0.006638015231348897	-0.04346681242799026	0.005057357940205947	-0.03533068497281122	-0.0030445730487889035
0.0006731519389144127	0.032703807617534504	0.033914053452447857	-0.0157771249430363	-0.012595906456058618
-0.013863281490201785	0.002789298686392968	-0.006466583788777951	0.006529510303565395	-0.011297223698234167
0.02573407901696138	0.008312154825683994	0.006710529854181393	0.03608542175282695	0.0005242648756263873
-0.016760270495525625	0.03147497133487042	0.010677458339175678	0.0003987212453488735	0.0031166075837991067
0.010453513843903781	-0.0025124009157988284	0.0004080121367752345	-0.021605870312228243	0.011905156830873752
-0.002876594970760987	0.01594675715144273	-0.003042710360100913	-0.003183620213399718	-0.03767102979779046
0.005010869009897797	0.008554420152432213	0.0037255770677891986	0.006302496785634745	0.004379354923106501
0.03968799419083534	0.027312211062473765	0.01438460025200215	-0.03099817417082023	-0.02238316218718415
-0.004694128540810749	-0.011725114219906905	-0.007653794655729594	0.0016353745622586953	0.030955466729213902
-0.02298666526514654	-0.020801815302108513	0.003886319734606128	0.03278783741981753	0.002437559038884952
0.008079702371237308	0.0005595791163299042	-0.0008340225192916616	0.02053811334932551	-0.008460585008359526
0.047768217837433714	0.01442970166114264	-0.0004821915783797589	-0.003211855190514758	0.0059562980267651375
0.031936127720752494	-0.0018093065361733567	0.0026130543016024458	0.002711045434188257	-0.015912838205032843
0.008967500567288332	-0.0019691896427591472	0.028730488760620752	0.05087941217508048	-0.021629510500983593
0.0002002665291340076	0.025390312404908317	0.011562853710625558	0.015221505897425394	-0.0012949189153462952
0.00970338055261786	-0.004054594984560563	-0.006859057219814936	0.01815451531830053	0.011758460502556443
0.02238347365209383	0.012950295714576824	-0.017332340039931032	0.001672401257335073	-0.03283775454768616
0.0008673602191457243	-0.03494095303866378	0.013635923320540866	0.023037905008741144	0.04863966401184536
0.002927649255092116	-0.010490873163671022	0.0029316015948885697	-0.016252841646807986	0.009878383108448092
-0.003103460988169836	-0.03389786283155038	0.030975030461777686	-0.0005549403287011855	0.02619364546336706
0.03377532302797678	0.011992724575310212	0.02193202242411604	0.006658980660562483	0.028377513311625174
0.0061214917807914234	0.002056937716709343	-0.017736903557980962	-0.011235696393076994	0.029568353702182065
-0.007444644498006685	-0.01689689699204167	-0.00978202223625514	0.03666665592061638	-0.027955161275967887
-0.014796355857597011	0.02807540018597649	0.000426584572528213	-0.030390691760682674	-0.008544824134477207
0.0043930910346946335	-0.010393242605721234	0.0329872471649756	0.0013807352827758385	-0.031470730356646014
0.018035240709147683	-0.016426892949627167	-0.019206442273119344	-0.025266031148069322	0.017455729808697345
0.01345814968582452	-0.01546980142507172	-0.016333310366871332	0.033422680919937754	0.014543110791992145
0.02906474875059962	0.03444015406995103	-0.05103065269900798	0.0011801132025889291	-0.016324390391156504
0.005367486002346354	0.004503504593062082	0.014062708327662491	-0.01796710435137471	0.018384678683367805
-0.0215726356942651	-0.00938658424482209	-0.023275228738730742	-0.007912889415014331	0.02185781401232706
0.014867707912854099	-0.012079612889921968	-0.022624177373520994	0.012955506484341264	0.016593324503782807
0.002269526996899344	0.0012342867731366764	-0.00015245655835767176	-0.000903748229075409	-0.014177905539681613
-0.020466783126674954	0.013833710992477566	0.025364983856447594	0.0016179809276745936	0.0751902057855105
0.030682659955406113	0.006428438784910959	0.02078769295770064	0.018456733760925135	0.0310120153504546
0.00967135210981919	0.01773236837793605	-0.004263184411106805	-0.026208036927587722	0.031623026799880535
0.027505644378176142	-0.030482085221474102	0.015032597963679024	-0.014676687659556948	-0.031222828203963632
-0.045692578173988925	0.02935458656340569	-0.03242521137681645	-0.006774855395479744	0.0007308095485382702
0.006019630697214749	0.0049749515069926475	0.045271579076192954	0.02219543089381847	0.02533636896984587
0.002115004763084522	-0.003186245977281263	0.00507283810900787	-0.0010521640543392245	0.030644630639713448
-0.04316343835833737	-0.02397054572535233	-0.003459801908007168	0.003080315987595118	-0.01789918616791051
-0.01563752988396497	-0.011910974375926631	0.016193779723170786	-0.0054346420558324835	0.012560153355731487
0.023108330552650755	0.0041673125022716855	-0.004611340623674187	0.021478318713194985	-0.004920090481757823
-0.0005294319279865118	-0.008237306898940363	0.0251432078979161	0.0403654613969406	-0.020338291536811562
0.009071573554725848	-0.019307532349113008	-0.015980109731477014	0.017843259942018755	-0.017851284061096526
-0.0045445652698503924	0.004815657903477182	-0.010666579012178094	0.006204715542393199	0.0032965527580637094
0.01746124319341791	-0.029169274619383904	0.027203349548235604	0.0032326355667910804	-0.008432284253664078
0.029330924265648022	0.0007686719669628903	0.0034392501607386195	0.002797907138426	-0.0009953960112249038
0.032188445325884954	0.017461283547457834	0.01633122833555303	-0.006434776596372236	-0.010626449997206657
-0.02972207441566586	-0.010558618568413395	0.011965135202058316	0.02280754937132609	0.022830717829966866
0.013886379750350723	-0.005381856175383401	0.002060297676999654	0.005433563501376967	-0.04080659067828748
0.06084798126800399	-0.015146393932980215	0.016750750848712373	-0.0369086916535689	0.030130155599090474
-0.006592653505975517	0.04456503742913015	0.02897473163707956	0.019933348851075526	0.044148496740980966
0.02272799467207566	0.006095903565719022	0.030595330720633862	0.01621735164208077	-0.015426506782091015
-0.011809222852351597	-0.02081133213921352	-0.03211835408983767	-0.007223737034668736	-0.003687890199514412
0.029628885300581945	-0.024933746111013465	0.03759934223667814	-0.013728507840982125	0.012445949883847158
-0.008923042315100469	0.027907012962729676	-0.026409887060058885	0.023146863224961962	0.02882345557242266
-0.016822439287852847	-0.05447871631276372	-0.001360085466445709	-0.020894023002051485	-0.03588889425747352
-0.023162582750859917	0.006217888120607454	-0.0002344173893740146	0.007460352460449335	0.03903375349406796
0.009496040595844746	-0.0018389843064782387	0.011235477037508818	0.013968762635144657	0.0007246063965799267
0.02277746492738867	-0.031108807997000575	0.07326918441370017	0.012716487961854843	-0.004622234827599333
0.003936667348598608	0.02217545645705727	-0.013239768719530752	0.013332234046392201	-0.008745447015992598
0.007494530032859884	-0.011810063794835745	-0.01757231978551752	-0.02432242411736575	-0.018918897029073203
0.03559149940107253	-0.00022079919767699265	-0.01833399844112511	-0.012322290024674564	-0.003521379119168234
-0.012082637000338294	-0.001047210741223096	-0.019209098311715675	0.006330017527234055	-0.042779454408280196
0.012007205791578587	0.015243898686238516	0.012311226698664246	0.03704035870726011	0.022448901492646108
0.03990649030495021	0.008662650070152942	0.009029828811210205	-0.026152507557226968	0.0321421179694214
0.013374902455548341	0.011683888322366016	0.0027909092219591362	-0.023769580979659574	0.018011466310632725
0.004807850331915977	0.02404167512806896	-0.029258574371760063	0.013144813996400093	-0.01036622502354913
0.00014787498379240484	0.01015125603524546	-0.0056842261775842395	0.002709604612621673	0.012203781306654359
0.02757864830880024