UV/VIS SPECTRUM FOR UNLOGGED COMPOUND
INITIAL_VALUE = 350 (nm)
FINAL_VALUE = 800 (nm)
INCREMENT = 0.1 (nm)
0.5157109283062133	0.53476401905557	0.5330422037234087	0.49764265076819947	0.4874796635532486
0.4610613241899422	0.48070131016101114	0.4834310866133831	0.4870391313642492	0.49643755491974495
0.4830747616348733	0.4838652921951822	0.44115142219931763	0.447278525639511	0.4955245984232785
0.47224729995312814	0.48826409860843006	0.4499608582124724	0.4348410482335799	0.4491932137563191
0.469390153908455	0.3912678707273817	0.4082111098501027	0.4334773400560334	0.4126164681579514
0.3805047285821999	0.412924432403634	0.40791553528369273	0.3912675512276933	0.42074015928913955
0.3928363543597952	0.3908922237139782	0.36384168723752075	0.38266581218094714	0.38961183613217987
0.3787847954531498	0.3401011449167291	0.3935067906238781	0.3862677057808167	0.36314643413437026
0.3442590741380618	0.35771894518240976	0.3647313139752079	0.34352494669511224	0.3445985755718863
0.30001599426067155	0.32895768441473133	0.33533770500805876	0.3286978609568187	0.34266299665544075
0.32192112309868853	0.28564630510096795	0.31479941169597153	0.36353329925373257	0.35308116998881267
0.34075802671290695	0.29152823544510453	0.3149623866127422	0.29011782020190513	0.29250073985581326
0.3195805290620212	0.28263247028537153	0.2840003157674975	0.28220380680837615	0.2556592441657232
0.2719885354079345	0.2644614746966026	0.27045682393982934	0.28301966006105983	0.24914732095802747
0.2841777180002695	0.254965823470744	0.2614489895860475	0.24907839791160294	0.2633384331362794
0.25734458739400384	0.23609771025407986	0.2565073787677886	0.2666483410173085	0.2605078369090932
0.2172902114105554	0.23700126924136658	0.24206208247587616	0.189879690126899	0.21884166422017065
0.21537210722780645	0.22949953311663324	0.24760652743336703	0.24354607634086095	0.19831706952143163
0.21740208375794431	0.24375525562003209	0.21717828166511172	0.2131718166972864	0.21118161636083135
0.23198666094534126	0.22150673772217294	0.18327533300250612	0.24706389366619627	0.23962839618884013
0.18510724649948868	0.22237654399578866	0.2352652508578011	0.18917262116675157	0.15566211540750793
0.18737964459170348	0.20649742124206444	0.20520592923181533	0.17184993386600234	0.1624828105111446
0.2142349750017933	0.15929392495693823	0.20977730323030194	0.21151212657485774	0.1596334207484702
0.17386256299023853	0.1825093629057081	0.15615731866145605	0.15106941311642505	0.15474576567956702
0.21278561365529233	0.19652837252557617	0.22799436452151722	0.17524418360585967	0.18036174354555803
0.18006459981228418	0.14182049440077985	0.1848404782575713	0.16330757915379113	0.16383067288395586
0.1526141710809448	0.17453458219186402	0.17635660363826627	0.17058864188013634	0.15118072135387461
0.18961445917511704	0.14624474634801227	0.1499334498045874	0.16249841401541085	0.15235338946294488
0.1546249211917125	0.17056188541232442	0.1577910993560893	0.1465008465990339	0.13768483709372215
0.1081911680128116	0.13295553375893654	0.16821736559413264	0.15635748146989226	0.16000503176265823
0.14711364376887154	0.15892006840262146	0.14797269879718494	0.13993609725447048	0.12680769434734748
0.12301362557177925	0.1295652101261667	0.1542300263034385	0.1268877904370485	0.12050794003306936
0.1437591140179831	0.16382104805065195	0.12805397456443965	0.14749571520224672	0.09534470534317059
0.12065800344109186	0.13686778327163865	0.1537555051548505	0.1555621963665914	0.10397461351747372
0.11961920403199816	0.1611965361570323	0.08756827428718815	0.11560393702507464	0.13033614012965042
0.15829676985222088	0.14416094516178954	0.07464599231840012	0.10570046493875651	0.08804795244628327
0.1074796591309749	0.1273992779580953	0.11301335812882819	0.14285380898011646	0.13907344059154159
0.10882230261014642	0.10872326190837295	0.1422643852214512	0.1090357426574727	0.11614402895745563
0.09257662402963919	0.12462065100565847	0.15198065256415141	0.07117665184631052	0.0744518670625922
0.0763121010469334	0.11406990204660852	0.13943113651930633	0.07567378141299494	0.14115603062446425
0.11491717076470233	0.08788385583456867	0.08410050191632769	0.07648133910676955	0.06378027376896833
0.11000722227441491	0.12017313261424359	0.08911029780005914	0.11108117073840368	0.10554806481600405
0.0967656212861668	0.13753463648559075	0.12956578127274992	0.11568544824554453	0.12149373446709513
0.1095086954547049	0.13439683406663552	0.07212799618943525	0.09727982290420635	0.08956341644629555
0.07987738494103243	0.09354354270874202	0.1174222818178579	0.1109055241478661	0.06622725759343694
0.0675686641222146	0.07041324267685663	0.1053009872831637	0.06293986517870981	0.0855054774650668
0.1071770573612284	0.07940093942991412	0.10011606144035756	0.08878620606830971	0.07448019327261635
0.13924186282987144	0.0857937364216765	0.08535467141753361	0.10761339078205898	0.09238567598100997
0.06992420275392666	0.05743263486038573	0.09385111188197925	0.09872328904085188	0.07790925417003965
0.08464509976929253	0.08129817021529073	0.09955463079086357	0.08737493647683474	0.09444095339533809
0.08190165619002206	0.11428549318209447	0.06372680289895598	0.10883763339811259	0.06983881381079632
0.08942177357300439	0.0866634767462157	0.08889890184283558	0.09328241232838572	0.08584096992479241
0.05874520027194762	0.0806360071426755	0.10213975477655929	0.08847273056938201	0.0690000932895978
0.0603439598552942	0.10081623140967261	0.05612684754851195	0.09152560978124392	0.0443128116751586
0.05772753979258875	0.044587089270414854	0.07706698889101668	0.07691622179005177	0.09164570438422337
0.07939920026904719	0.08363450342936518	0.03537786025051743	0.059505433321800194	0.04896926543059709
0.06720463859133179	0.08388638269622045	0.07885546472536835	0.06672480434286795	0.0580879982364013
0.04217679039233811	0.11168492496000473	0.108097165645579	0.03556587457187036	0.04157278572367666
0.12450889288336672	0.11270095761106211	0.10111061667886317	0.08022398685129281	0.07384073064464103
0.023985989523713416	0.07625144972902163	0.0800509494364728	0.07181463033158869	0.0992603429443022
0.09723079025958198	0.06282908118442965	0.06832106348525747	0.0813749863285142	0.051109165240965204
0.08193913071708946	0.05806717580115803	0.08847582724912278	0.04484772171775562	0.03433409686230547
0.04535701054627719	0.024862329020078774	0.05911165074961021	0.11827700082606635	0.06209879495839433
0.10454423197738266	0.06315306479890037	0.05131860620941839	0.05771517251493621	0.09926005194183335
0.05743096997446798	0.04793255952496741	0.04149468905197213	0.08734664548961146	0.04281277759448761
0.07572812579924544	0.06423238333510628	0.0709358361453028	0.0056178011275014265	0.05618893352268119
0.07927369337475776	0.06140033200620576	0.07647889762989468	0.05684948522389563	0.09822393820998472
0.07561520143139189	0.0683875395190913	0.04993171054125831	0.031969842681909486	0.06239271599153765
0.07016264151579148	0.03327232778370578	0.07078440513890077	0.05079296456871458	0.05885368018870034
0.04647487056931275	0.053947402197048765	0.08914917232148095	0.09819617830832492	0.036412103950423824
0.014677268118272668	0.06306397991982589	0.07562091909470321	0.07901411785700087	0.0990042981028058
0.10705247295319564	0.06376075389265565	0.03701240200745587	0.02116799409151859	0.043996341360029
0.04539659285329403	0.051376208712987356	0.02573276338500533	0.0653366049053692	0.05258046575659552
0.04075871863867024	0.07484467127554068	0.04622355474731911	0.07295279984278077	0.09295478171942882
0.03718822501806636	0.04244301722309085	0.04697847241377709	0.05263140614580369	0.02394129264794621
0.05076164098444206	0.07790095052918684	0.03304913134365444	0.06537950794065593	0.059156089315973055
0.030443053244967388	0.08322289485135174	0.0746156561426703	0.0584103112844409	0.02635007700220317
0.05491405023449739	0.043971571968038914	0.07828602312811922	0.053159205326852456	0.06260935857047903
0.06821338761009084	0.10134229305097578	0.052463624916637266	0.08522108632054107	0.009022460525382345
0.08369296298273202	0.04141310697189291	0.06877907561745851	0.040110857170770876	0.028761130737042954
0.055553992208160284	0.01780048100994469	0.04918774343648239	0.06763177231465613	0.051718505482389765
0.017114401143139054	0.020658474969500455	0.06678829180735535	0.07239721472589329	0.036751978264791395
0.05492556750771981	0.04787226942510596	0.10588165147695232	0.024898503924684755	0.04197361151996324
0.062021917682497846	0.005755501375896412	0.055865069563962616	0.027179560362049382	0.02246737326662411
0.031095018170714524	0.01753769279765108	0.05719264812839686	0.04411858969378482	0.020609232671538136
0.06311446869176168	0.06774893985407743	0.06426598101060066	0.09544872364044976	0.03416885296391474
0.07787294941158346	0.01315564202901572	0.0752143926785867	0.04894096139588345	0.04682349395877232
0.0597313820336607	0.07968245742886121	0.022738054602758483	0.03276979022791735	0.04220355567862839
0.07043305905985157	0.03317066291166731	0.04712065869629985	0.06951037463823087	0.05466220531632864
0.049605003199584254	-0.009130390688646213	0.03964701918340195	0.03564469647278056	0.03845034618219713
0.04427471898241457	0.047452203296680845	0.030563631739013743	0.04642172048860107	0.07468684479585251
0.04921152848151627	0.039117233216304524	0.024605565947176982	0.017360146548512555	-0.024699400566363994
0.05554414268161205	0.032735182089331766	0.03819764306149774	0.006213129632001146	0.026438391174456503
0.05013035597262205	0.04298508305624766	0.052619252590397014	0.0700287361735616	0.053908229916477
0.056271835447655266	0.05816552061932801	0.03687069888676819	0.021618336135889586	0.009729486587539552
-0.003466796536288413	0.05692980493144082	0.03184139845161844	0.031754274340761654	0.05179715599081887
0.06160458167336105	0.07411147499243308	0.052629482373199234	0.036373483294637465	0.057591642720484504
0.04509262355561611	0.03539036140291748	0.025576533029871083	0.042491025389934	0.06325791144573358
0.051161221806786734	0.047077377143995625	0.06602913398683095	0.029519247511950158	0.04746215392645684
0.05045737601656911	0.061558601077529286	0.040763848460479306	0.055806871627745364	0.02901981600664465
0.054757482411983666	0.06831473269741228	0.043749323112218165	0.06915287376519005	0.06649814346665167
0.023540502226627884	0.062089555630746834	0.046972850223612944	0.018930208071282338	0.02548727894932231
0.03027008040508207	-0.002643372202183341	0.08504208563543493	0.0219926478352985	0.049559412498437296
0.04334388229568994	0.06383075561042516	0.009709598821943811	0.05428262179840193	0.06830325429164268
0.07082097732356411	0.024164064559834213	0.06863462933107597	0.011372554058784621	0.012471478610973134
0.03151070529749431	0.019302721660815356	0.055888843140845086	0.03308489413196836	0.027582112802593473
0.012262906512695963	0.04132023934243574	0.016342470654893967	0.03243973578144901	0.00018071418986870431
0.022450840940732852	0.0029749803812241637	0.08443166564701327	0.04186134140930223	0.04813139967560748
0.033348177523481376	0.06018215558570751	0.04636191316547414	0.00693381021084681	0.041930267574446414
0.03810073568912517	0.03129177486954037	0.09199143859484081	0.033959101976061556	0.0037033237540023247
0.056369913938063225	0.025409971458218022	0.05964285602616752	0.043310884134997195	0.01921858084186303
0.037403046536565905	-0.01453777319286973	0.04715445039359763	0.03955844272568649	0.03429258484120994
0.057846645444071476	0.027680124980834046	0.023112685833548485	0.02037545720395839	0.0393428497485243
0.04725492573357173	0.034325293728460306	0.03344556690570531	0.02294208582295299	0.07939453087354499
0.055921290980773905	0.046942504961541634	0.023076805556284788	0.053920070669049844	-0.0072245383803777215
0.013363055537334387	0.03548718185614491	0.0839148301414249	0.04085565774983047	0.023723018509567796
0.027751330518055797	-0.008930892734375338	0.023165319034594796	0.05745914657994811	0.057989312193111146
0.0042088952594479655	0.064582538281479	0.04965215944311677	0.04799802776338348	0.04310027708332853
0.018179840619802275	0.0533437402610045	0.06266565174405159	0.03707865696337805	-0.0004092824138190168
0.0512020466270342	0.0213966998125066	0.0028029416024347737	0.029823866970190488	0.029777232346966956
0.039236489531548374	0.02273145642400548	0.017220055308553285	0.018333018263256826	0.06920584489578911
0.036404329420418186	0.058687381050371176	0.029047051815137254	0.02965978811153138	0.03857563838018252
0.03437021308701033	0.026479848562364825	0.011103859401108604	0.03990998590602925	0.004013565520443438
-0.008901632306251541	0.005436368380566584	0.026058528014399993	0.06146321393552514	0.04765380401232172
0.016162007964594927	0.06449085931852083	0.012097061242651745	0.045675389180897405	0.061484495613007104
0.03324953896208346	0.03687222406706373	0.006852358476132931	0.005047551203663006	0.0381856581023421
0.0324492587349022	0.05445063407769923	0.0643772947440702	0.012059516401094027	0.042523905462201035
0.013652102764559831	0.02613215990253996	-0.008228618384186683	0.029422743516304244	0.020277440196249434
0.0012222425683531789	0.04712702628217092	0.018873378956443677	0.014568335909843418	0.03986561798162393
0.03197386357482362	0.07013418806497088	0.03091807119236146	0.01967232168551527	0.0449109863463218
0.028724112451102034	0.03312604650795588	-0.0013787505928185935	-0.011256766353150226	0.02564190954712814
0.08812815685785562	0.04817886455570117	0.05055135605650419	0.04167966949176221	0.03458869606904213
0.03511062441647684	0.04613258121223565	0.028655699925785455	0.04050603468711338	0.03369168845778205
0.013480680553732844	-0.004547985025238618	0.003988276647149969	0.026362730805197847	0.04439545037722879
0.05111234206367338	0.010666181001211392	0.04164957397644462	0.015287359743200356	0.025608553058275113
0.04663120367194944	0.052137612732888694	0.011862783805777693	0.0009339612234901254	0.012380144776728465
0.04658524512843041	0.00983572285256864	0.021502455478721066	0.028786731918918396	0.0274425060159066
0.03360391866106709	0.020090806680869933	0.057689388752717535	0.04110591473544175	0.02407439853839699
0.040365767570335095	0.02403602268300927	0.026180457344998243	0.054608228856921126	0.015542486940616976
0.06099043233427601	0.022713148129608694	0.057826699494059955	0.02884448223544707	0.06197218067837809
0.06546920390143494	0.018896732377923827	0.026954024593891453	0.02700144772884221	0.032803344740259595
0.049890403625746066	0.03514465224763122	0.0044462830255642734	0.03219542848101298	0.04435885221049572
0.009365585311111181	0.02729933045771342	-0.008990763174325771	0.04137130894689042	0.04750147056667104
0.016330271574578552	0.03559912587702276	0.00042218990904487226	-0.010481692332828642	0.05055210336736096
0.038743948931550413	0.03502600373561826	0.04786907978960779	0.031815706245116725	0.03805563857226933
0.009747423582988357	-0.014198926682833304	-0.012822183041265487	0.0014154138797155304	0.03791581720942515
0.034047049816297935	0.02968336942778052	-0.0018242821928621117	0.06437676124083344	-0.008754905856613798
0.05586954745803157	0.030649564280018936	0.05440561943470785	-0.010229930467113547	0.04949012904269459
0.025029508247934797	0.02535660284772584	0.044538814772290276	-0.001848239741252141	0.0510975292654066
0.03449964463303474	0.032897574720127845	0.03832050215866644	0.0010315655541375812	0.06573722297147927
0.027603886233163986	0.05749983006758274	0.016070903421706677	0.01542587494879405	0.022285031466021274
0.03430048246507385	0.013857492653759986	0.03930982412471856	0.049085513826953385	0.05097236178260709
0.04209278015238777	0.051330191905508284	0.006552651771001446	0.033291352208111705	0.05752391728501444
-0.0018527029377878811	0.045231946940119165	0.02170577740076046	0.01265691049128237	0.009698073627071362
0.0027350574076871813	0.029613490691006113	0.03814590038265224	0.01606977619284666	0.05018984868041847
0.04072149262462679	0.04897271150290452	0.05300858161728188	0.04969241046342876	0.03396099808449935
0.03490027490334951	0.0454639709325129	0.008103369402456668	0.023163234419104804	-0.004908093526919896
0.05471040038502862	0.07095463767742428	0.0474205062890228	0.0030920502702414176	0.03219880709113039
0.02995543088056791	0.034008934686947885	0.026536444332547943	0.007967180938717358	0.022215956244158636
0.03726079382249084	0.06005011843082522	0.055476859574976806	0.04290233583728889	0.05879195804367284
0.04474845968190464	0.026139221973471054	0.050531126737688795	0.015754222645144988	0.06604926760848058
0.03642046061297672	0.06095334287094395	-0.00014039888546781313	0.03449731948190876	0.03171561934416474
0.02788519074472576	0.02789794351382524	0.044960222845824	0.08684393195763748	0.012470680966661698
0.04045372576043143	0.03637859052145764	0.040860424155682085	0.041415256819387	0.011611265809743837
0.04736741454879548	-0.008170037576261705	0.045614915033138456	0.061315324073793365	-0.006711858444641242
0.02004700173861091	0.03884110277007366	0.015335303911882245	-0.028334645364938352	-0.001262111369544522
0.056036733791998077	0.037221989916839206	0.021317846141279313	0.04295017826765473	0.046408211906872554
0.04239340043671233	0.004640734838456319	0.0391208643611642	0.029508020648230427	0.047732496174628054
0.009416618595411005	0.06028087512683033	0.07301623875818712	0.04009119358868944	0.04817550847007593
0.019805349704860982	0.05497373397627989	0.013611788769403978	0.014637405115479535	-0.0018912243599282503
0.03563187407550055	0.03686495534323717	-0.0009528642289093579	0.012530456756000903	0.04833540578586696
0.01281668738578724	0.041935093638101856	0.01739648237404605	0.0056213122949234084	0.06389710159326527
0.028873463566011788	0.0645611304441536	0.015212904858109165	0.04330476364567547	0.06952619187612946
0.029969603317976087	0.062063979048773164	0.053033917148170275	0.016613528748590102	0.024440658296501137
0.01483251051146916	0.010913426499703924	0.020322322185376798	0.06590124749598805	0.01725669698976354
0.03654514341937357	0.07995064820980707	0.02967040492311488	0.01648275088134658	0.027048455435469
0.026902252847936077	0.04732494273543124	0.030376584407720265	0.027191465815613488	0.037456770895083626
0.05924772291255392	0.0426179478305934	0.05218617554688282	0.050567841462627064	0.023877178673363808
0.0432636429826945	0.03900342212231965	0.03914820444161969	0.024499431433666338	0.03353291385582481
0.07033611309896867	0.03325968147747001	0.07022468905967168	0.05888839516342618	-0.014636612696870038
0.03624324781862928	0.07068580977053818	0.029281349768234106	0.030988060792517126	0.05194304716439098
0.06654274500451852	0.02114210364156424	0.062277415589531426	0.025143223361944998	0.06714333911241269
0.058963617071456864	0.03951816427251337	0.047947409165619764	0.025351512818816133	0.04570105599587933
0.03463383990122153	0.024155973162567162	0.03602311678226569	0.024526402706426857	0.05669818711158406
0.059662671657929926	0.025884870044611014	0.030210107815620203	0.05309401320293333	0.03367161928539976
0.02537529612422548	0.027158860419092545	0.020059652638363238	0.007051559112601244	0.03225685603889539
0.046059551094599194	0.04310396010778069	0.07946836556255443	0.027588152240082122	0.06211375096667749
0.013299727246025128	0.013417169682119675	0.030623999764247727	-0.0019390491539817683	0.012309215116765868
0.004646960063316056	0.01101365724755601	-0.000381029254606223	0.046140806695404296	0.022393189411711294
0.018128236369751145	0.014911358114907585	0.025601298684435767	0.024671982809823828	0.07534327826389538
0.006150795395059612	0.004543095581005572	0.04956480831290666	0.030057471498571187	-0.020476173763401665
0.027597537374407004	0.042195835284996513	0.06656272831511789	0.03310071773419326	0.047451515095079645
0.04733299668838782	0.03526485857934433	0.030580458463277067	0.05726508986624644	0.04155289375069318
0.005344438455224232	0.030388645623588208	0.027555763755623904	0.05830340014307495	0.03908110384789144
0.06326748611075973	0.06684875220269286	0.01256980105332563	0.05501589956676974	0.023098874027630122
0.0494673118138276	0.019528390309771323	0.019102823788985875	-0.006790995641134114	0.02138391338683833
0.018242111195572428	0.05516955491439447	0.001206297585803093	0.029658440175032986	0.02263232607012554
0.01675036642435247	0.036124314840028454	0.06241542108290854	-0.013817031032550255	0.025493983460905062
0.042483047474248595	0.04174818378497499	0.052612128323759805	0.06025937667571544	0.10124731564323762
0.048596126269098046	0.0099463623205687	0.0267871212820581	0.045321307922922216	0.0024657177377954945
0.052662067239039226	0.011999975787103864	0.042361095932731185	0.034988899150530516	0.03654753599881819
0.03492174778626165	0.0018834780677355716	0.041836034991834525	0.03845631194901641	0.022790875509901894
0.0378450177841366	0.05532414037364719	0.0551694268167862	0.012080042967189307	0.0015573605888080846
0.0192616562636976	0.002575114221811454	0.01087197394629424	0.035661917162721234	0.0068593087949418196
0.0561699870984985	0.038277689268394234	0.05215713198987028	0.02557235796261907	0.06460784764179905
0.022623326530278962	0.0458368018611728	0.06274525647203799	0.03272583600732861	0.0324449143972407
0.019191063538650802	0.04338494838106951	0.05411942464821787	0.029159443572827924	0.040609345848810915
0.06947848573801187	0.028486080042829175	0.03137353409819076	0.06903687708816163	0.04409882362800045
0.005351259673416915	0.01174664777603861	0.08431088761548602	0.0012436776417322627	0.009445880856649748
0.04233312490686854	0.04546204094772631	0.0328236398680825	0.02361366204957318	0.04155211150637447
0.026050873446697605	0.04403013200325734	0.054116790025353724	0.009748390755028598	0.02037909227543863
0.014297187337571694	0.05345652948534452	0.011552788292620006	0.031465062698305034	-0.004824814005193109
0.06331307778956434	0.056018146287438876	0.04811762329132766	0.02535999464120207	0.04102956267003897
0.017045277330328314	0.05053487476925301	0.035081765634419754	0.05610851139084723	0.011723454425254666
0.0364126031938639	-0.00840385908743886	0.036403383497334664	0.01514224050292219	0.04270656587525029
0.0076813841186495445	0.014512340931784374	0.047041874567379696	0.06279235095876531	0.006534786596548897
-0.0105021578458011	0.07494780624580388	0.04146616376720725	0.020852693419980337	0.04047824495336611
0.034130303051077705	0.025784326725398442	0.014030081148329225	0.016998602062643746	0.039519923843912445
0.06154225764993937	0.04423533095393672	0.02550475629340368	0.056734232253009366	0.023827388035553877
0.010312610849810852	0.06479614952481445	0.06817135906785156	0.031553957298843305	0.04265081306282414
0.021377219500267622	0.0008969105514679749	0.040555328396862655	0.0037632003941684587	0.020314018534790413
0.04062691939966947	0.07253384855073321	0.028621091522396978	0.06959160407010584	0.03371554736239991
0.0036319673227473426	-0.002644287836498125	-0.0018766390714169325	0.005954037401919601	-0.0077620529271232004
0.04539374056483027	0.025047451740729053	0.026220932096471222	-0.004213581766117434	0.023441128151143825
0.04230998455946822	0.05919226335818497	0.049842966357410735	0.043160842320392724	0.054309311953893546
0.0234016058759138	0.008716359891067022	0.04806857465917448	0.015692261933341993	0.057544624871729066
0.022572167172735705	0.0189302876006941	0.029455224030858592	0.07284045476156628	0.03761294777218695
0.04948275661543404	0.03741159929794864	0.038493457741713547	0.03146080312759163	0.04210301097415158
0.0499443622231551	0.028835730562719996	0.03216599575889072	0.02840782401572208	0.05156676767054616
0.043900585054644684	0.03667024285649202	0.05081510791879353	0.07536788729964818	0.0467990291396429
0.02652916039274652	0.04261725770985749	0.04201090652704412	0.02658616015952598	0.0389040883246169
0.011469378228700587	0.042710572011267746	0.04031128322808129	0.07925274666439103	0.0388740659101483
0.05017755761441967	0.02776710874824156	0.040747079139571846	0.03552216663575023	0.007395448304753168
-0.0019176121645679452	0.034286711157146585	0.02686311967788204	0.07078010358911581	0.039318247958278776
0.020014109645803572	0.03577390336107966	0.05048512214746609	0.023168432863542286	0.006366968386494047
0.03662283133744631	0.016661722469233156	0.02403796171482829	0.018946155325779687	0.031907566505185836
0.031423612128762546	0.04150857090224729	0.006156794204725036	0.04736745169458999	0.05869300332377992
0.04548166407877474	0.05372101041753058	0.049925377381303114	0.03862316146800153	0.07781881290171988
0.05533083279572101	0.05159783236164048	0.04714219953480312	0.04882535573089525	0.014880123875275472
0.013002153136375469	0.017631947812692502	0.03418286683873679	0.0548129768511684	0.03631046732628525
0.037515578449851546	0.06446109005865897	0.033918794515521565	0.02998594852208178	0.021779768891161802
0.044994849583268444	0.011136482807103597	0.004681516809965846	0.03195796569208409	0.07198121287468721
0.04049571151479085	0.04294032574759522	0.0293947893654994	0.02052414332249496	0.04819103661684599
0.04118301205192014	0.03249170484408948	0.05825491789414297	0.027251433015469066	0.06872734185968606
0.06203416838382226	0.03636054937735047	0.04804306525853378	0.04955537107921531	0.06672293850188271
0.053858689389941206	0.03263223588392925	0.05940399818217172	0.03986087059894902	0.03772635454202066
0.09764707346868093	0.053556185155123254	0.05973078977232703	0.05501326174200708	0.08536185941102457
0.059594375026508675	-0.002422768526572629	0.03561997575027524	0.023476807277827964	0.0801458981402173
0.04859273316040458	0.0569058011210616	0.05991672389222511	0.04650323386028993	0.0596471000291468
0.04103427118354369	0.057440402755322494	0.029925951311968575	0.024430583803781766	0.0735748045938182
0.09372857691600224	0.044292533156177635	0.03590470293818398	0.042124044378216624	0.0475370539638575
0.0681010598116551	0.03559198451390056	0.03310447831269409	0.03240124615083649	0.0425750632903928
0.03837986866653925	0.061771565684225975	0.04086664118678662	0.03302713234362678	0.033170878643813115
0.09670426486859846	0.0486162929024298	0.0690398632324901	0.032041239198508355	0.05796211389446854
0.026629581712142365	0.039936401783673504	0.04212737461089244	0.07186170014757386	0.04317433526822548
0.023775904309925627	0.057641710497349515	0.08678863307112411	0.02386238768695574	0.053512567334937935
0.08750671583322088	0.06104088172724293	0.06412600478142486	0.09091207047887225	0.007665388830162194
0.07674035425529176	0.07043609337700159	0.04001222622005525	0.09713222878022838	0.023831086711359348
0.07298759270711791	0.09091676574867268	0.06543906768953937	0.07622067543685965	0.007563707711758998
0.05136049520065879	0.00598005685279219	0.039129426282465296	0.05424562835170295	0.09374343666729876
0.07506677563812231	0.03239601922903369	0.08370042098964409	0.05262280542310408	0.047462860754012695
0.08125281904946152	-0.001751981596086111	0.05782809086808098	0.038189361775977135	0.0869559217996066
0.10804969953309003	0.019449300946688283	0.02796248383643828	0.07025217909832011	0.06671503479149184
0.058309756524753814	0.06643475776011334	0.07229784289289722	0.05960618464158203	0.08364197415345524
0.10040887943418689	0.08736933487630918	0.06156014280896943	0.03429985337822344	0.05732053849974689
0.05236896658048249	0.05838059139605398	0.05572471208315999	0.023916680266258365	0.04321719598626711
0.06024156427444139	0.03694230022346053	0.0638322925688157	0.07285335258702222	0.03976133695415368
0.0330618477112839	0.1084850541639783	0.08409308421289151	0.07178940557391489	0.047829899596009036
0.05299544648790765	0.07052706543199645	0.05507059878567419	0.05839239802496178	0.04997367608544267
0.049342573819424744	0.08114492297302833	0.04127104200279999	0.05677234417153053	0.05716142622098927
0.05844647796438045	0.03926977658256036	0.07523570185105571	0.11439451063857548	0.04342967412831428
0.025422656211932404	0.07234018445016467	0.03725243101869352	0.05931673257166456	0.05994384576493173
0.06956399053168659	0.09042364029078537	0.038946842338202135	0.05801432377750796	0.05441579598546385
0.05225448178761179	0.029816341598247594	0.0466261223627316	0.09355139678136297	0.06447091266736558
0.05640487490683208	0.05175633218496325	0.057614395402425904	0.05599260343976811	0.07565513242873255
0.07037626235690009	0.061045269502907236	0.0663223367083833	0.06199343660851858	0.04981535277702452
0.05296692325852473	0.058917521943784454	0.05809063410328002	0.08265602068621368	0.06220216708925473
0.08209315345157098	0.044838659088174616	0.0809831528167974	0.07262923308259453	0.05763954516401688
0.07321697062681293	0.08177236479877589	0.04183450437170731	0.07986830333282505	0.026000602593953235
0.030307824874310784	0.08090378455896048	0.05537074444516511	0.03780801051267582	0.06137402828681604
0.05738182034618173	0.09847114724199582	0.09894886389889856	0.0729109143311762	0.10604167408273489
0.0615463023271292	0.09310616188314659	0.08351826259930706	0.05047245604990526	0.047084437910460165
0.07234484309142991	0.07958260540185566	0.0699674171599868	0.09177505494572684	0.044210697705186236
0.04865016573157012	0.06527985607567234	0.04894300490709105	0.07001908554295805	0.047162736197120074
0.07519866672269764	0.06826630816804662	0.08880779564396986	0.0827885684249194	0.07907832283628646
0.10852681248428178	0.054911411496451054	0.07810825558905152	0.03952533831925387	0.10734746916205895
0.10893553744378343	0.061416874797495004	0.12297543884855856	0.0632106151500654	0.12073072138774418
0.038360336393253626	0.07439851379603547	0.08894549820798787	0.08699295239060799	0.09917185872876752
0.07414913649558884	0.05782849631777329	0.1277430087853269	0.07791667838080024	0.09999879226687694
0.10623586088122097	0.05882153248264465	0.10586542584486211	0.07407549579898348	0.07362746426576414
0.07526126834931213	0.07036347353839767	0.14401471151735915	0.1383538086912151	0.03288487049559847
0.04750198185300422	0.062259623695595144	0.07277592747226541	0.0487738732665336	0.06365385049519433
0.11579502193951881	0.05693442468835176	0.07486127189477335	0.08164537799127275	0.10445680994351236
0.09427758510379612	0.07458550280425348	0.05035866383967329	0.1013478838975044	0.06263568694268577
0.04780814324048273	0.05653263249195401	0.09369834762671492	0.09933581982871101	0.1000834537852952
0.0830460489252919	0.1091980646251028	0.06733113580624847	0.08746945954183931	0.09367204205936042
0.0856628733246605	0.11408986361155987	0.1008042351412918	0.0755360925927853	0.10825612629716945
0.09215939477778867	0.10549366474293502	0.0945743838510269	0.08620348540961828	0.0699118851045669
0.09648118432145306	0.06570912259134778	0.09887206117311756	0.10930503114332274	0.09631486909730581
0.09152169691084214	0.07283492699374626	0.11042369878715044	0.07633822434089213	0.09087977816193225
0.08890890183887445	0.12879052500300728	0.09524920428379391	0.1065830258956274	0.08788916219077846
0.11327359937323692	0.10577346434191427	0.1280143649691616	0.10941156144275097	0.13536957761084326
0.13398066150884033	0.12861373496151646	0.1195609909686181	0.10343700728583555	0.09893388922194181
0.10900251591906736	0.13933288308567954	0.10530756032944041	0.0832980313701997	0.09320334751331662
0.14834150200861812	0.12544233989209572	0.12625067069021875	0.09702728551176105	0.0910259215655373
0.08736522876898874	0.12232367378250053	0.10194273328910783	0.12328119546227059	0.11656332503222801
0.14288997168785877	0.08245230542885731	0.11083725206864925	0.07276368171161267	0.11537217634643313
0.11009336821317281	0.11654723558890671	0.0850932836641252	0.15494329848532226	0.13295664014379857
0.15685630347436408	0.11626157948923371	0.13203944505542162	0.16484097167604575	0.11949658797415796
0.09736731427045023	0.09775028206857789	0.13098987691104563	0.07333946247561995	0.1617153201199581
0.12374685090990317	0.1266058193756008	0.09182980481233474	0.09547636207322609	0.10997296183022692
0.1610780441119889	0.12710337010178405	0.11961878815916614	0.13159698826489932	0.10506708927884661
0.10195561762317465	0.08851796347098306	0.10015681303057275	0.10414579341964453	0.10358908134226741
0.11745875137157721	0.11930182493825181	0.11808904768096684	0.13608695306340132	0.1624741505124579
0.16403486357946215	0.1534172281582671	0.13630342774731635	0.16951526901809302	0.1316293502371086
0.12022436885022275	0.15227252739300906	0.08404433808059115	0.12642621065757137	0.09692421904977393
0.1147360951747477	0.12486138942352155	0.12924820034658455	0.11968586643571834	0.13835984398590684
0.1487075417484123	0.13212350613750637	0.13540551967636233	0.16258604227836573	0.1388176302198064
0.16333212846329875	0.17507867580500988	0.16521024955803815	0.1797176999476807	0.1501678884695497
0.16016202339363592	0.1500129472154	0.16326427506122335	0.1600746141731615	0.15852517224398135
0.1742846420332063	0.1489758214810285	0.080599861948411	0.14610305535325757	0.13871041022295877
0.1659704065299026	0.17674378938462743	0.1420680966493341	0.18075495468924918	0.1576581727755027
0.1529468962384694	0.16551199920337328	0.15070899447076572	0.1652819347847113	0.11881255678555273
0.18463119390101715	0.2022362624269817	0.18856753531373557	0.19998183529238592	0.15170000136284506
0.17722448242260844	0.15634496462463915	0.17570841454984673	0.1337569097039368	0.1759795956944667
0.17181566191636044	0.18362346464731794	0.19467643938731796	0.18538820742051876	0.1954495970388894
0.20703129712509036	0.22229734977791743	0.2004926838736845	0.21492754475452772	0.21509478502067333
0.17402933892055963	0.20326268746268772	0.18422143701550195	0.19702594924888706	0.2104930677938798
0.22564179606171086	0.2044956307956274	0.22609703483296947	0.18261993269740917	0.21270253851977983
0.1673541765627144	0.2013954834936898	0.1864420192239462	0.23672774284158657	0.22541547430818193
0.20328946137740936	0.21243333340571185	0.20208510745495767	0.17141587764384753	0.21224095476417032
0.23869444607785262	0.2512121704779799	0.2169399176688062	0.23820470305109398	0.15625745123858387
0.2127184762471939	0.23524051761380252	0.20369039025452493	0.18716999824391597	0.21560896826879872
0.20970709365005974	0.21086579472996084	0.23911739417871408	0.2198058011940513	0.25953258256707207
0.20051274691807436	0.24950266634438764	0.20854998559050633	0.25863579341123843	0.2576050707873628
0.24721832508995473	0.23275591355457909	0.23718018800264	0.2548798646940058	0.2305876763784992
0.2755212612002552	0.260296053164026	0.21526329631593288	0.2520027186384559	0.23868848233643916
0.2838865089555881	0.21437513110680942	0.221823524763082	0.22902672298889334	0.26890000636636946
0.2673545579204955	0.2373844225232962	0.31538082984406784	0.21949784499830602	0.24210413800875752
0.28477928527105106	0.2823055260258881	0.23895128330502183	0.27882941127117017	0.23485838370777834
0.2963621056396111	0.2832434922306235	0.30033400628811463	0.2996477473697956	0.2573399884714063
0.3087683196128182	0.3176949112337848	0.30612852678166425	0.3371020625390701	0.29210149210443764
0.3258739485533397	0.28198773478829714	0.2852601698913575	0.28311295269656445	0.32033012596503113
0.3084828322015369	0.3002757583141779	0.34666285980941086	0.3051262378439692	0.34348072901316057
0.32953730566596284	0.33833479647082393	0.34070429355999154	0.3479391303407106	0.33099345846799233
0.30211473297554375	0.3142553639294555	0.3258930812031978	0.31466394126033	0.3477298727090089
0.34476842740888486	0.33019795141262054	0.3296335658432726	0.3547625638350566	0.36419747493497145
0.3736843943520866	0.36618980307228366	0.40805806051058446	0.354183510423592	0.39896211568198214
0.3505491583933607	0.3796805182717137	0.4061586145335548	0.36475827359637686	0.4012837873637447
0.3617861333349541	0.3637073371552873	0.37035851657161695	0.40121968172789524	0.36813749467443174
0.41946324204650903	0.40484177127844834	0.39199267176494834	0.3831419185429655	0.38936799036027575
0.413963456135088	0.4143721935790426	0.4346378839853038	0.4719114426760977	0.46032439716941265
0.4133719117716536	0.4511216800005443	0.4755133274749447	0.445138397815906	0.4667807276877002
0.44278835324736004	0.4994562921405748	0.4447370766398554	0.4349062536785297	0.47706989231534525
0.5011591321343023	0.5303800204542626	0.45567931533344863	0.502423400697497	0.5120834875283141
0.5163278590955955	0.4999799638448755	0.4752758488988485	0.5349767168678919	0.5346342542846628
0.47786037591382746	0.5249278392248949	0.5031731261819511	0.5613166217302299	0.5289225515613675
0.5454442481540049	0.5551974657101386	0.5342609701248965	0.563668315416715	0.5576034491905837
0.5757110427375287	0.5779969962190906	0.5869956168255711	0.6062359919365216	0.6027176806946726
0.6253035080953305	0.6186000245474037	0.6360817607241422	0.5920160325156795	0.6413201157890582
0.6661100652838673	0.6417505668198819	0.6515421229497051	0.6291209156668486	0.6656297940328297
0.6792047807624568	0.639688377087603	0.6808810164929191	0.7112915432551328	0.7149936379680446
0.7182229159911137	0.697704845646126	0.6952790539683287	0.7271399088988992	0.7447310843043928
0.744595209003387	0.7424519686479725	0.7123533007798508	0.770622012988495	0.7141824147429103
0.812750932229363	0.7788944053262813	0.7912149159023517	0.8013767613976629	0.794697283876271
0.8281545611232662	0.8299465611390502	0.8353681268831998	0.8599646882455114	0.8347950092502027
0.8404508281705699	0.8610667621713609	0.8380241623396156	0.8541351160426516	0.8244664251194397
0.9035173536801233	0.8984711354583644	0.9296003950084551	0.9119887446449013	0.9448978592396944
0.9393556818555419	0.943761759604873	0.9374717536491264	0.9487435283426662	0.979098981735542
1.0103804358081974	0.9821905848706584	1.0189026699913668	1.0274804423825508	1.034277510398946
1.0464314828132852	1.0668740177163474	1.0678499661113288	1.0428407493338079	1.1133493318280345
1.090927663440251	1.1315763824780376	1.1091252997154155	1.102663523183449	1.121036080172463
1.153083750992074	1.19769876772118	1.139192992957395	1.1914617225335797	1.148892069568366
1.2047458707994048	1.1921882961649481	1.269899514062544	1.2328541974707465	1.2700245072335583
1.283714106216388	1.276142439581111	1.2924249966607497	1.2955203896231176	1.3712861488065422
1.3109738774189124	1.3602963410406457	1.3247765779308305	1.3834282017200883	1.3588444257067696
1.3882377758766336	1.3981415680288414	1.4235830188949499	1.4319166278387614	1.4996023723668546
1.4584507882761628	1.4560270541355542	1.480315828505063	1.5425883984407738	1.5046687587123584
1.5493328309474221	1.5448587815295394	1.571828755165523	1.557936129565015	1.6015564192495804
1.6122374331617142	1.632983784582656	1.6308726913017606	1.6467139462127014	1.66939713018197
1.6554731727148682	1.6791539435565612	1.6987609263271386	1.7151645103751718	1.7101874495928922
1.7761034030002523	1.763445319717197	1.759946691377239	1.7609994213781432	1.7637033915301676
1.797624128087419	1.8205961997037827	1.8195549444541517	1.832209291081022	1.8580214522248069
1.8466956007074111	1.8733332227778308	1.8637924497510083	1.890960466313058	1.8764160653825133
1.9104909560483874	1.89098738982567	1.9144608941795387	1.8952543091370941	1.9596241357499766
1.9546290808677231	1.952196035461083	1.96562695058882	1.968115208528034	1.9527040583659665
1.9646817298753645	1.9509108158495005	1.9748753878492913	1.9921628498360788	1.997764258916613
2.026600960499702	2.019192742665163	2.030382419208525	2.01456342035649	2.019103003149524
2.0172098800360176	1.9935987933030797	2.0663538803107158	2.0570003068150324	2.0472554236674014
2.05121777632775	2.0123146684423476	2.018110131684472	2.0209416455556872	1.9980066943014418
2.0082504932521257	2.0125014385439286	2.003115852033464	2.021942730794623	2.006628581625507
1.9856763866531373	1.980558091261558	1.9640660965081778	1.993163316116964	2.0112926316336734
2.0367898027742766	1.954198835879788	1.9606018301847883	1.9516038353078435	1.9527910484471374
1.9270624732390358	1.9656266276278456	1.9308037806483105	1.8960424754117748	1.9379445819168308
1.8938380834147481	1.8908420412283005	1.8396947469912974	1.8622015943883274	1.8761407197491198
1.8355582496989054	1.8352237203848307	1.7879068481932805	1.790099915204527	1.8022195991183612
1.7827686013060589	1.792831335758916	1.7435797512107043	1.7308701433166462	1.738431121384141
1.721053286591453	1.724227563478581	1.6868379114883871	1.6380555620571058	1.6790064444394455
1.6475046499871668	1.6522569325427923	1.6517823409354622	1.6100611266715024	1.5721152429822347
1.6224682643195816	1.5756817607772624	1.551008394222472	1.5737187954496836	1.5172090998927608
1.5223013511409595	1.5369287517796115	1.4989362836342428	1.486713224095713	1.475469180801452
1.4488580794010086	1.4827314459350445	1.439953525407954	1.4485642612756084	1.4011631719314346
1.3910782766686989	1.3733112635198472	1.3656734749735835	1.395765012241027	1.3139246979602701
1.2925858080932682	1.3090347556364172	1.3073387038830226	1.3226052920548867	1.284070401836717
1.2527205143590368	1.2402733097245162	1.1988321139940057	1.21177898948082	1.2406255599962783
1.2076200010318927	1.2113672073050512	1.1657080901364092	1.1848960786988736	1.1528648870699594
1.1816582821744435	1.1447613146243054	1.086399358363628	1.0949350489173701	1.1189876418663904
1.1043712809039394	1.0816137977315148	1.0717055640272453	1.0861691708894037	1.0478780024273486
1.025249622709691	1.0341270602234671	0.9731178374074118	1.0009328258296497	1.0053674549608291
0.9819501207004055	0.9587404028875702	0.9454375858035275	0.9554465323072108	0.9556390847910927
0.9105340718138099	0.9011806616823107	0.8936979505068454	0.9106074280924493	0.9160889541754839
0.8781894677005508	0.8780216318131864	0.8921856513460221	0.8624289957860577	0.8270528132868886
0.8063115746315571	0.8521807105786614	0.8515229660808061	0.8142196576941382	0.7764578408565488
0.8096879011223245	0.8249656207387758	0.8045755721352177	0.7709887926539317	0.7555327320143377
0.7583314145876981	0.7314553256521829	0.7722805503757294	0.726034750346672	0.7362185243536198
0.7497626848877219	0.7067964282299881	0.741702823669473	0.6738400669360926	0.6665807290566751
0.6978289321992773	0.6659748276909164	0.6500173925533671	0.655406020193397	0.6625166133661634
0.6594278214971065	0.6538798570306078	0.6225696766992722	0.6541587925521414	0.6442113577185614
0.6116448516584067	0.6343168167440589	0.5710688571965377	0.6313020689071869	0.6115412554775932
0.5967680584633919	0.5873636075284976	0.5953712638622842	0.5446712417222364	0.6015083397035108
0.5357958649889494	0.5771627822108019	0.6057895998570361	0.6012111582495018	0.541726604636424
0.5307364211540011	0.5788742844542617	0.5651700688122001	0.5401888897319339	0.570657394191512
0.4660875821228935	0.5394905677390536	0.5273492556594124	0.49608525404043075	0.4702249221757953
0.48799775776018617	0.524737693468834	0.45325765021516196	0.46206659445497117	0.4832648569352903
0.48067373234120214	0.48408619202287045	0.45287001994649934	0.46671249962886613	0.48266344680914985
0.4547958031547184	0.4501791458074828	0.4492165481661535	0.4296429754482887	0.48304598401863497
0.4270467330379761	0.4581140131337983	0.43814617576073617	0.39965530672254435	0.4388656559316921
0.43596565666801856	0.394907399454298	0.4045068566533176	0.4308544839722832	0.3619420939575626
0.36737151569659265	0.39809270302917377	0.38542657320594165	0.41000142213052965	0.37946711709729647
0.38707050616275623	0.36351963016848604	0.3496128037602651	0.3656438582663546	0.3663302580527792
0.4073753078308364	0.36511330675493237	0.3594089463397691	0.39001046198992173	0.3785086928180105
0.3693722732836021	0.3738693955984771	0.30905506026469354	0.34834549902445633	0.3650365920725919
0.3401256696072111	0.33663461682464985	0.3550751700857667	0.3045792944909713	0.3563249996034793
0.3606828984574629	0.3377278281345586	0.30260540040437633	0.29821627173127585	0.33489280371265034
0.2976009046020111	0.30051455723058396	0.31713732087010266	0.2872483692420531	0.29153857279490253
0.34113415240739153	0.32531534233424414	0.2907785664457969	0.27191513811996565	0.29304303071070337
0.3010019029305154	0.30851357175684585	0.2906166479523744	0.274706736150462	0.28349769753146115
0.27882328054598804	0.2694158185486861	0.26397454055371733	0.29934187171292226	0.27129956315760495
0.250814012575681	0.26144037152129374	0.2723088387897799	0.3031722867239352	0.25887321151253834
0.2617640066647201	0.2642507191589938	0.26721860536513	0.23665899638802382	0.25710802405979544
0.2660802943426616	0.25078591948462603	0.26900747826036014	0.24072402581260324	0.21799173702630026
0.24033258717063571	0.25542937966534685	0.27779459137710993	0.23887313682426098	0.25097345324991505
0.21924066923331312	0.2257200186448167	0.22240302195465445	0.24867126108221843	0.20941792843131857
0.22588840777423522	0.26756748195792046	0.24336220766924416	0.22961651045465725	0.21152024200449984
0.23724964892488037	0.25786438934676237	0.21594899625035766	0.18376490405316256	0.1949050918038081
0.22517932035940144	0.19238037174573222	0.21380917074467023	0.20475504936507496	0.2128178059706004
0.1889405224166352	0.22988979661292616	0.2032516059153698	0.2144364752657373	0.1850692451508036
0.17647068545610284	0.186833606219417	0.2043117140238466	0.23309600198163366	0.18871587099827533
0.19060329634111467	0.17942789413993632	0.21279753674815707	0.2044950416465091	0.16526468333081307
0.21158627879264208	0.22930714590624313	0.2294557516980142	0.17961946285397304	0.19530495173319862
0.21704229714985301	0.20005319396063637	0.21968637261040339	0.16297671850287695	0.1824203582632669
0.1999982426914231	0.13051489152900234	0.1510159151627857	0.21878336648557775	0.2180744230997073
0.14882204052293907	0.18316265445652288	0.1805429585432999	0.16028604651521738	0.17190678109649576
0.16410767780903737	0.19205764105769305	0.18800500250650187	0.21181459261315774	0.18246939765180042
0.1539468992864829	0.18053657520148172	0.18085324296735744	0.2026807416831239	0.1741833937055863
0.1741431260715335	0.1266614186174304	0.11039068351733068	0.120561216685869	0.13752721654850075
0.19021293379922286	0.16512941883986723	0.17190592226446902	0.1738739853635735	0.13646605099321882
0.1437339354024577	0.12393464414554095	0.17224220290808417	0.1399435054420975	0.10006291990182374
0.11069692402368582	0.11819215768619744	0.16986220769187202	0.13786442675132912	0.1296341181563238
0.1639866313087547	0.13751340107216603	0.16644654051101873	0.17329810389755668	0.12371424013127191
0.1615928018590484	0.11847507259354687	0.1392461585543398	0.14901621429324552	0.12216402570054133
0.13203460391386942	0.12145570531640873	0.12842670448482754	0.09619295607871861	0.14544851696171146
0.14671913964407302	0.11847668259858923	0.1512084867704743	0.13507717343672182	0.1483211471041213
0.12414808859526784	0.10970984684712587	0.10202082878397864	0.15632855744860374	0.1178154818337665
0.1106217544338056	0.14662068269059694	0.12197857120619958	0.1363650193243698	0.13965543449459122
0.11932827317778594	0.08773661690350544	0.15533888557494036	0.10783076347260957	0.1168654714994347
0.11584237871196382	0.1464379929956761	0.10718669645618245	0.14483216620952247	0.10577865873941197
0.1084213936247231	0.0972446250016889	0.13540119809219703	0.13539594882615555	0.11125097971158913
0.13860247622348357	0.10777342612742065	0.14367246935477457	0.17231811336259273	0.11866832767212639
0.12933516876600643	0.08885665597529592	0.08931123313443651	0.1339881870826009	0.09579448932600164
0.09811499910527627	0.14431698247463606	0.09846030810311075	0.10276572825431074	0.11505567445982959
0.10410720952976599	0.09445937949794629	0.12164048374311355	0.10418231368965185	0.12056123458656916
0.1274111593392842	0.13878931371559627	0.1216759058713851	0.10822924519053177	0.0853345852206643
0.07478859204575015	0.15721952636282074	0.12004097735265426	0.08180110565454218	0.08896152957947437
0.09125608110625452	0.10547083564840251	0.12761367290967496	0.1271165104644904	0.059739059767974216
0.07792214010352772	0.10244402616636804	0.09973906105574164	0.07833998828914676	0.09352109008354136
0.10378392522590035	0.11712157532857809	0.10025284432589046	0.08156010048409795	0.0921635117871755
0.09143698326886777	0.09690158172341504	0.13671781791134968	0.07294076198965237	0.0820604182367829
0.09170094476414668	0.09995334915270306	0.09161764735780152	0.1184414962093279	0.09059020942941398
0.09219510887232611	0.14352715133841362	0.05663957472126539	0.0853674123525626	0.09501443970348365
0.11569298800254536	0.09219431797930004	0.11857446054011106	0.08580306201413326	0.09672553523845383
0.0723732174705684	0.03625925175692232	0.08952734503860679	0.07571563225503544	0.10400779651800127
0.08413989079254666	0.05139090929192887	0.07037684934162905	0.08323248338456002	0.10237002782205265
0.11204402491643782	0.08361291594229023	0.08994356808686024	0.0805433809657656	0.0802498365913995
0.09483159090138107	0.07305756890267369	0.11469327950960635	0.10601656610944213	0.11992922680277071
0.06781229416562613	0.09161403564045102	0.10177660072850832	0.08075642054810692	0.1065119844529917
0.0775375194436314	0.045651497779198656	0.058354434504453934	0.058732968257157035	0.07430518925578414
0.12062598113129223	0.11804731042676876	0.0971596610216078	0.12243971034332966	0.08351051427060821
0.06568621121642829	0.10114547192259285	0.05689875482736574	0.04789437091411918	0.08042483218182277
0.10454475540970497	0.06175114652059129	0.08569518431875608	0.07820107537218395	0.06347914152970172
0.09653603824878887	0.09791492021653543	0.0933057075479335	0.047165230257524525	0.08351164490126287
0.07470664010637884	0.08562393383596377	0.07951531532691862	0.10436166233240994	0.11379348768609493
0.0720949175399403	0.08880736597027497	0.09312142699825124	0.07275563164703763	0.046164895581860585
0.08935602410317889	0.07449279909385045	0.07439819290061608	0.06582197279785686	0.07653677158826185
0.09678508576136778	0.0857981524413815	0.10630460172331745	0.06614833553998947	0.060270205906809246
0.08000999662751088	0.05143356612591374	0.057428362601425156	0.06007845400988128	0.05354247745981367
0.06350245926145896	0.05065759635494517	0.05952482402673787	0.0637351802189536	0.037173975209027585
0.053672745090542644	0.045998375381612604	0.061707359524129535	0.05769347985249853	0.06606508762227434
0.04387908456399114	0.08290145851265604	0.08065225085456233	0.06662825215436184	0.023945265172379798
0.038482877186245254	0.09057671228765575	0.0633785339105447	0.06291014062041327	0.04368199499876677
0.04056928683773966	0.0878784439630751	0.09253105739479557	0.07490329009849497	0.05279780693017087
0.061627445638186874	0.0631810861154567	0.043142613280919936	0.05284940655882217	0.05702137694024189
0.07354857134600612	0.07870224254877807	0.08666577144765296	0.056764069265628464	0.10859490711625196
0.06730887198720967	0.04412653931473628	0.05990150877790372	0.03934573351798305	0.04028725732584598
0.07376146341986552	0.11561319758112285	0.06275349460251348	0.03706248295044526	0.0542834367858986
0.06531396239362623	0.08878808787720213	0.07179464885550799	0.07172296884045078	0.05000316188724718
0.020419906833569472	0.0319953450228219	0.06077749608238138	0.062414781302049846	0.06707110458298102
0.09841172187057429	0.048052591817656407	0.03574593468889244	0.06738659430565226	0.06638515036730436
0.05801204965398693	0.059940635660703394	0.03942872616066605	0.08231743806361311	0.08573081603322477
0.04759844161623227	0.05467576247835653	0.04530297863483364	0.047274281049243375	0.0774370043315031
0.03205340636197683	0.061570355200187055	0.055382303859786465	0.033941111573153215	0.022197976918341453
0.06029533995461326	0.07843599044302452	0.060729105908515005	0.05256450293853977	0.03328389318279135
0.017152064207893777	0.05542035153056954	0.03962793524706082	0.0681126994419092	0.0246424379490946
0.05408542331209443	0.06690461267828396	0.07726475983437454	0.039927430832490375	0.04893830524127351
0.04602832131131193	0.09463063130341157	0.044493435810235155	0.023310074636212038	0.03320855495715058
0.035272607034178706	0.05811007957991429	0.06398094524663644	0.034085364357734696	0.031181633352723774
0.07128397048001175	0.03788721943559803	0.04579100645542451	0.06266322421214703	0.02087622574616762
0.04621501601754901	0.051617818267768206	0.05381968074239896	0.050517466330932806	-0.0067823097488122295
0.017909016092639958	0.044641278388148437	0.05122609409306207	0.07791568085487104	0.07353112649968738
0.03837438397585524	0.034050884093816805	-0.007044475804700459	0.04528949838404535	0.06417847419260295
0.053826039896397206	0.03422119516735249	-0.002423606155964089	0.07768924304654719	0.06438402540054068
0.049800160879350526	0.06642425573208906	0.04997447048911455	0.029791504222716245	0.020904325581356367
0.0347383218221713	0.02511089153408041	0.036231109377765344	0.03454802747265736	0.03668862470734415
0.042042102692767605	0.08596023954127331	0.10391201321651652	0.05480072149118015	0.03276679745432471
0.03757001853162489	0.03401642840256757	0.02740217180662181	0.056188761151082824	0.04132498008682256
0.06634776437928314	0.049316937619223566	0.07925654127190322	0.0335672727995851	0.01619939205140076
0.0397537612358308	0.05535563525687401	0.037045609646342646	0.03749198799557253	0.006980193094652006
0.06967984113121588	0.029414423055702448	0.028741152332418616	0.026169899093626887	0.05236777478065421
0.05156954157256045	0.014752563651403799	0.05801655855450955	0.038138444453430814	0.03154119960227797
0.03886169297509665	0.014392286217118562	0.024722049168455915	0.034468180705187514	0.014882745218744822
0.05400683163193656	0.04889203101899318	0.05782946217877737	0.045450355763611894	0.019348795689093472
0.02471270082424638	0.04314015183211894	-0.008965559037926823	0.07149050472659163	0.0781399964113319
0.03244786582854913	0.04587893726826538	0.07262927496442444	0.03676396035839267	0.04237587183890508
0.010167625017710335	0.0380755595563103	0.052142753369579985	0.06388824317380712	0.011893363996038648
0.028862358046062478	0.025510660041441223	0.06397550435902223	0.05619040038913345	0.029048347610254398
0.00879756199157734	0.042077328525794246	0.04123985126075949	0.04924895991708897	0.03700105394497603
0.03926691750306639	0.019849330348564037	0.02794212511607138	0.0687983979204196	0.047975180400543
0.04644005068558034	0.03536580451095031	0.05598033156959258	0.046367268027229486	0.01607579700515733
-0.005979032070796723	0.03134041854879813	0.016782258863925988	0.04812029112174538	0.017673179551105145
0.07145987122688319	0.01617154246585754	0.02621209351686374	0.037025869088260686	0.06175808966873306
0.010512766693793073	0.05886555015877934	0.04408552970923565	0.07462608288558367	0.054561396709517054
0.034082774232206355	0.05108210613051383	0.07830941708754503	0.0262255990222469	0.0429921428889795
0.013405033604592498	0.05686534045983717	-0.0016743119800723878	0.05649131899444087	0.04313767685406066
0.0459501074288201	0.023106174037357808	0.029978069915585798	0.05099292405500133	0.020194623874863184
0.02903870359573739	0.031327306422262315	0.05695042843288981	0.050924035878919006	0.03551698139645203
0.03653171472120667	0.03290328484096433	0.0243371194626879	0.016827999754672515	0.05428678852821968
0.03267371373824088	0.04233502559530789	-0.0032044189539611424	0.07114428166398466	0.015227372401766148
0.016721235836533135	0.0441987562145013	0.04169683349982934	0.03195961708664135	0.04296492740170723
0.04088557172521321	-0.01290228294098651	0.03236438223694601	0.03692121106776301	0.012945578240036509
0.05377175707881227	0.04263180226663718	0.024438646581366304	0.005389262801323754	0.026175751341536567
0.032366555873477906	0.00820601860628423	0.015370280453172812	0.01071461902724595	0.07717150762962757
0.02074095625169073	-0.011678743781565786	0.021513559907065615	0.0339277639356919	-0.02054650538755315
0.026087946451685176	-0.02347508950828861	0.04567822814199132	0.05339295859335554	0.045813486418523876
0.008688406384461354	0.02292764966169827	0.02353293762907696	0.03564673955555346	0.036341054693869314
-0.0042641936498616926	0.006509466284643229	0.03585268809619821	-0.005071526493412862	0.02075684184004041
0.0002700035194776948	0.03784747582609792	0.04862042600975825	0.03698476664922098	0.03410948506448549
0.0015995885544231652	0.018948747090759326	0.032848812931900555	0.07804076203091569	0.006404439793562125
0.03248579807066408	0.08537896599078115	-0.0008221347320337296	0.05673361274975366	-0.010642738714923352
0.007833499127912254	0.0358615544659756	0.03829676959344543	0.04395300806432596	0.015141428340037358
0.03184872231296093	0.004442092061732456	0.027326033977659057	0.013508547080634786	0.04399954420623839
0.026756518773198682	0.06010543049632491	0.01635736767082843	0.0360079753625394	-0.009842083012606459
0.025397814424311625	0.018777605726018394	-0.0010540962301825848	0.04098751882700151	0.04817639976649158
0.009930147418649404	-0.007944353048891729	0.040719010876017626	0.010985740414244237	0.030060805844426566
0.008249409852546737	0.025852843831208693	0.06154476520835013	0.016383382004027856	-0.008160169583735938
0.009692349455709098	0.01952118213383446	0.04541050844821702	0.008401700041407282	0.04473760978102361
-0.0029023285626614955	0.03770127880492913	0.013903472153978209	0.03302065066248443	0.02197833932366855
0.021688908337117424	0.017068033588033372	0.02129822478331608	0.06066192045338682	0.03441915543447668
0.005304397093751239	0.026157583936890147	0.013118720273106042	0.009628487539009866	0.033755887009768996
0.015109084546281584	0.059335515330802314	0.019813519844178666	0.015549174517559158	0.04677819687048494
0.01915620494896049	0.04919266290655116	0.04669403958621691	0.023556556052564227	0.05061464105028083
0.03211088831173656	0.0033355008273398745	0.024445985073301785	-0.007681669148507752	0.02459440372804326
0.016447828708580175	0.03157594437443208	0.0057616258635767815	0.07194299917726049	0.036600982325631484
-0.03424533064562793	-0.010404140320172504	0.05559016793391769	0.019248276708116796	0.04205816415140291
0.018160532745843606	0.05277311925090873	0.0414694844664929	0.0673180058864504	0.0636089521386535
0.036636691788518055	0.03247965517666775	0.06598012285296262	0.06949305474896347	0.021144139628185076
0.03443075756934651	0.02223984841775679	0.02945156176809506	0.03140286964488395	0.060158923108489734
0.03549875688838918	0.010286329299913827	0.005911676379960177	0.03636563139838304	0.0380456377756759
0.0336475243111315	0.04580971404509527	-0.004713941951497397	0.02721721500130327	0.019472390092413208
-0.007085337667693384	0.0016087158506559182	0.03045845563714747	0.016832593073681453	0.0285493876244206
0.02327623426274822	0.028684580550982493	0.04554567498796215	0.024999065226108702	0.013374639866578787
0.016924469410602418	-0.0028099871219073695	0.026335501580082767	-0.0631458386677775	0.06143276528420102
0.02519542378471526	0.0456170378858687	0.047755805207298	0.01984491872370995	0.03492384477526154
0.0035031313182163626	-0.00046754281045702174	-0.014659884505458947	0.03459076476003724	0.01244718233158746
0.06325878461628745	0.017904786494238607	0.06876171639146679	0.030087958295081953	0.012601520593605895
0.007253739585499961	0.008815341715788643	0.022734847360890514	0.003892582745329602	-0.014471290986170718
-0.011036111747823532	-0.021036792688412395	0.040914660446337216	0.011625945654554245	0.06651536764386276
0.011632773461614062	-0.013946388662061604	-0.057521859743267144	0.026939502732689885	0.0048059911943444346
0.054718019124324765	0.025470254569341037	0.020210444423607185	0.006964927617007484	0.05274805891190596
0.04248894000696852	0.05116023447237368	-0.00900143433515991	-0.003774779309036494	0.06661608855299533
0.018649814607238017	0.02719443918742571	0.01305376695899293	0.032222484238760486	0.0067544992457072225
0.011893445735089176	-0.023893161968000412	0.029874483934036362	0.0469184074464238	0.028311084661246787
0.00910491902681445	0.039224617529438094	0.03194337003046772	0.018468052298976072	0.027387134588428792
-0.01077538987678757	0.02797033974335428	0.03944400746903791	0.017006529414082667	0.0232822882482333
0.021157455723356814	0.02379663856546726	-0.003498845549875217	-0.008560115538265993	-0.0015830125782960612
0.01318853597277038	0.026052231489088716	0.004597140575074253	0.0670846471573897	0.029323798869522116
0.024665423531872538	0.038829383775284616	0.015641402233726735	0.03431152759748281	0.008557891322731846
-0.003017172374239511	-0.014025474626928505	0.05030894379189674	0.04441776147705841	0.033312479569711145
0.05983716996708757	-0.023255595022269208	0.08105634980925544	-0.005247390738443552	0.0017312211130897219
-0.004368697098104156	0.007374596993148955	-0.015079668304385651	-0.014182379807909245	0.011819531171071538
0.03618468677376713	0.025637072499068086	0.032246426337939296	0.034221072633704844	-0.005199406871066518
0.026149797429887975	-0.0018713577414099375	0.0457556423272876	-0.0019923845666894417	-0.027918725595927764
0.02676297648059521	0.00728423789390235	0.05319589383723976	0.006334148314625643	-0.0028936747791440728
0.06712616907517407	-0.0029733496445849897	-0.02212594612074278	0.05270600698961316	0.011046280016148647
0.003151472255322148	0.043131035391530334	-0.005389101916359674	0.003188748654426581	0.0014114556359129996
-0.01105509154528836	0.02278833420001494	0.03167594739393967	0.007098253660805194	0.014331134621573479
0.014488512756028488	0.030940506774090184	-0.014429558396700466	0.03894994165898989	0.034394249164206414
-0.012638909597734886	0.01305852097946281	0.009009922449854062	0.04008402907768318	0.01619770048091702
0.00773056433422936	0.02201548908894154	0.042695593313323614	0.005213882483068408	-0.0036989485011429835
0.025339651499730657	0.009611403570128718	0.034577213253821376	-0.004386140832641845	-0.01643283702648211
0.043988549664078634	0.027493988922551005	0.011133430336510982	0.00883407451757779	-0.01746838600450126
0.007308668649566901	0.04841324893671808	0.001360395145773955	0.02481560430375812	0.03156228116498351
0.03866942133926607	0.008703446411245572	0.057983090953191055	0.010410634079097649	0.03905153132066745
0.032022347894891744	0.01202144931042143	0.043539388309531975	0.011734731667404671	0.023333899186272315
-0.004459196712166352	0.04823951057247576	0.016493159299836163	0.005420405877968364	0.0282357881096484
0.00589273918120011	0.02402269813210017	0.013884628108842797	0.014322727370929923	0.035446075332069636
0.03701718456509586	0.04274979251973975	-0.010653566993314826	0.03169704710584025	0.052268434640066044
0.06227870122008077	0.05735523312343967	-0.0010918256792374495	0.005137686726804118	0.021480624281282685
0.027433303866996606	0.03028363140605211	0.017726055339849927	0.008268588546288536	0.0029300699347947975
0.017365691210969404	0.005770240947148286	0.008793403553957906	0.01494472539334896	0.030882104657132314
0.017147026265560406	0.027752108199714905	0.021246670516068628	0.02785441326417486	-0.02613230026104528
0.005648912358075846	0.015013685278019853	0.02247168610849925	0.02650182982440617	0.04228903638352411
0.0004600495002550389	0.00828883124024743	0.022034796805284612	0.023378324287216225	0.017428427030986328
0.031643779941238404	0.0500505639432787	-0.008718508528527747	0.01612852577481494	0.012968930346758648
-0.0010516943126726306	0.05179263202635744	-0.03234504549681716	0.03195763272093657	0.011228635265248128
-0.007691186749637102	-0.026940992422915096	0.014685730420997202	0.03845309307604129	0.009376271351274352
0.033149507535344916	0.0176377784865323	0.03471655074640188	0.04119661797143077	-0.004725693377591518
0.020077058068229826	0.024716409535863397	0.023329841411755856	0.01754229268959552	0.0029632270601136455
0.011703826640820715	0.00933292142257961	0.03567203671004354	0.040304490875175	0.008116615530353678
-0.0009845169655918907	-0.017235444137604805	-0.00917786168721254	-0.0030331531649265006	0.005274140457979139
-0.01884329851594031	0.012758540847678126	0.045897299603609235	0.013180548595681978	0.006453631212864732
0.0157915337336076	0.020684153621486092	0.02374881376793605	0.010239288620724984	0.045948397890518404
0.012933762310669738	-0.004535684280449736	-0.010984797088454606	0.04032497190758321	0.013793402859458452
0.00970682078899935	0.007883285522668676	0.04849564032343954	0.029286398437633924	0.0020731710048881484
0.013163123474482183	0.038206541725593415	-0.007362860342991471	0.03974789102012155	0.02567050051942835
-0.001123971924552299	0.052309457621777675	0.023398607189248945	0.021132261483356347	-0.01331648670968534
0.02230652660530171	-0.004079930022563034	-0.03155547523331332	0.043917156751171436	-0.0032754277146084584
0.013632826400173307	0.025422080027433576	0.032056793536498526	0.018453582353694965	0.01002208771709293
0.013019096519858027	0.01665932826748859	-0.008930264322611417	0.030204977202881515	0.035483847142545426
-0.005096495195013616	0.014413125634398328	0.006530347256088656	0.021416317933111908	0.037009997834842184
0.009192543765591813	-0.02509430890457171	0.000929564284581269	0.027674090923949	0.04263350850985224
0.018470237563878097	0.001242556289311326	-0.00964212275363735	0.022715121462446954	0.0030210884753048128
0.000419784265566862	-0.004029792521930989	0.024884374098591226	-0.004722601845945459	0.009669126524874365
-0.018422627516064948	0.010585966396302288	0.0446984320922159	-0.01831904015974528	-0.008218518606372764
0.043890804827166466	0.027307251878801474	0.012942311350427994	-0.001882105763103218	0.025826971718382098
-0.0004638082323629271	0.00024866584289912064	0.027778211222409605	0.01612923170923254	-0.0029782525859624277
0.032927762370438166	0.013545754267185881	0.042855061007365844	-0.01433037068049017	-0.02351958499858854
0.0033749635984076515	-0.00902416100855676	0.014681331171213782	0.014826821332572713	0.03652459472509097
0.0462105702266178	0.026779762932079752	-0.0039188558457946936	0.024092941080089955	0.015294446776112348
0.02571304036254047	0.0032200454001323274	0.01823128682504127	0.020651272425710156	0.015695999740972008
0.00801549491867641	0.004630144882413641	0.050925178975356915	0.03286886800715314	-0.0473132611388346
-0.018878502742680554	0.03823394436991971	0.00661361769269767	0.05439193293334542	0.03219635148327295
0.0014762590258601107	0.0213971569674422	0.019301489459015924	0.0077506120635944	0.02032434487940126
0.016015656420057017	-0.014876825113793658	-0.0014234900607645942	0.0214280415998635	-0.00971688845622036
0.026004353558489013	-0.028200523340086832	0.06344473856879292	-0.02227072795291072	0.008651976758469869
0.03427104848582792	0.026058196535236573	-0.005400675286132453	-0.00029694637357282954	0.02716655701643678
0.046673541540986366	0.021280435005620827	0.006211456575288737	0.048931719311805726	0.009134174580299045
0.009515647720980215	-0.019386619307347697	0.005677433641028021	0.04510906804272905	0.02841665460442942
0.01585565727988177	0.0026041771087548073	0.039536995801327836	0.05172963065359361	0.02259359346359747
-0.029284285535829672	0.0009887875781790538	0.021716487763637476	0.02282836808252462	0.01033474006184391
0.0136346723394165	0.02907782456666207	-0.019113442280340377	0.00716851808400229	-0.025630910760970273
0.031269033614453094	0.010023842875852538	-0.0021498471504920466	0.02056419619832155	0.032306139525928354
0.013325630944665219	0.001773215780324515	-0.00786741205738758	0.01698573036240485	-0.03297168519749708
-0.024111055283962277	0.028620678859757755	0.019874334737901834	-0.005824771980095301	0.031058437721577882
0.01029483925363889	0.028614949708197966	0.032265227545118715	-0.044768685894629824	0.05335590444091021
-0.026607935300921284	0.02522643919328947	0.040061699070633165	0.008359085161357027	0.019981975219670767
0.019768551871032616	0.013375282358957574	0.03752542160432009	0.03684734764342479	0.002196159322486596
-0.008343239440709867	-0.02371068135095831	-0.014483553225065114	0.012548458921347455	-0.02489902426894553
-0.020159101731403378	-0.01409998617357239	-0.007256668095411343	0.04616464878158667	0.04679657178188758
0.030899030897944397	-0.0050257014386674605	-0.007919665536812176	0.03446417582615112	0.005176270200678701
0.025630486568651356	0.005707463653526097	-0.009983523334189424	-0.01705586874008873	0.0033387614960019452
0.00582448296359109	0.04812315788499831	-0.014984006253354625	-0.0029774778594013375	-0.008069196123680246
0.06720008084778716	0.0602453380411195	0.045098556725456894	0.009122838126619832	0.013147157145448283
0.00179777218815114	0.0036773213397147037	0.022302178188019266	0.0017276391958030786	0.004429941947319958
-0.01669016627917879	-0.00982040566811027	0.021644447989443955	0.00012471696363902142	-0.01630779989302735
0.04212652841690662	-0.004916341023325626	-0.014856809740544374	-0.013878072107175864	0.016989642117283692
0.02642233717774584	0.008778742024413169	0.014193848711096869	0.027921498290138794	0.020904067588932485
-0.0030988752978917573	0.023978261825884858	0.012096540505542257	0.0023958103937645595	-0.018212135934867042
0.018582743051172815	0.026944373353096178	0.0062924684121351635	-0.032605543721725916	-0.054413704899211976
-0.015260767230549007	0.0025431929196552683	-0.003860258667996797	-0.0166808699139378	0.018997129879111733
0.0450170212915154	0.04263689608163563	0.026570471583975533	0.030022132783485086	-0.03535282333119085
0.03207373024958852	0.021549169059953882	-0.006226390835038006	0.047506880658926345	-0.005047939236562776
0.005343354921734391	0.031169154099497706	-0.0063551303607657875	0.034702270803007536	-0.02345493662706102
0.024829890627992426	0.04260325476703239	0.019585364144991468	-0.018344797010982728	-0.00847321445292395
-0.001591164142636913	-0.003277778429160767	-0.0035675592784899525	0.004495582862164342	0.0030791402650181907
0.03570793691841046	0.018825395227580567	-0.008653262515223541	0.022109198626118258	0.041846176833711946
0.06564107951335936	-0.010342034585313725	0.022557541618003187	-0.03500352315730064	0.0036770151891153176
0.01030844520004807	0.019310621974035158	0.03924804003466884	0.005949470996263988	-0.02420908304837032
0.003872459704157425	0.020064802031560226	-0.019956752400793767	-0.005658876378666806	0.00030189016320715566
0.02220097986276995	0.01844941698581276	0.04610339937460654	0.031366671795238624	0.00275117207631045
0.02850348431045091	-0.02305734423917867	0.007864747168394682	0.012360381420872361	0.020812717244928332
0.013435153523555135	-0.011560168669207147	0.025023992233568486	0.03738617405547736	-0.0072251033379229015
-0.024220430899080478	0.020624316966626574	0.0351559626386988	0.029588379470949396	-0.024541278865344237
0.011811975153566377	0.007297640960546251	0.012637928356635806	0.011923786996626108	0.019263525590455802
-0.025988066534587552	0.01892649938869157	0.040212698590392074	0.032816098316133184	-0.03690237846860878
-0.01162865510263513	0.009632158314171416	-0.013009275525996013	0.02312915649109307	0.05539826822420278
0.00876352313033213	-0.019768824785468597	0.002002052051449709	0.04818772280783383	-0.01201568421108917
-0.015211496417000786	0.007221202658844394	0.004830161470746965	0.007066449660774824	0.00219095097393251
-0.00505757381385308	0.013884739222751161	0.005263816877019364	0.030600467231277517	-0.0007544803710893139
-0.007836337407280913	0.010009777586086295	0.005637780193982179	-0.02026742085574434	0.05344874648623624
0.008483855434229495	0.035412824470160156	-0.004145158580588327	0.02375701151202017	0.031786507532772824
0.01946851062863065	-0.025167040289580667	0.05644042381288465	0.03483892495820147	0.046249272453380966
0.041949801076432786	0.029933950221970956	0.042427318650483055	-0.002165551542838565	0.03979373781092836
0.036689756398029495	0.040596209459200325	-0.012619084317139692	0.01909954869167336	0.04421922491526535
0.006331503501039328	0.005301228179175839	0.014070044641043344	0.04426051179476936	0.014706581652120014
-0.0038495123598710004	0.011228822886947673	-0.009313172310899277	0.011235949560376613	-0.009819490057243014
0.006181109484072579	0.004140225858048631	0.03102748208658119	0.030162947489653372	0.05331954551683015
0.013514876386827593	0.0262686936174624	-0.01639996861785096	-0.0033761201083093518	0.019372305719422955
0.01217430609746311	0.0382798505168303	0.03034247874224822	-0.02433804091391953	0.01329972496775119
0.029314606116486244	0.021076167262343	0.03980817775499084	-0.010133240951867743	0.00914737803808802
0.03253131201110912	-0.006024580151700622	-0.012096217883156141	0.0024579866132964446	0.0032581011896264094
0.06288043108364132	-0.024514844821887198	0.030011252112806433	-0.013505194837343361	0.030375290468618404
0.027808092510114596	0.04403689181598051	-0.015252188461092829	-0.008618359431427946	-0.009462551522817685
0.006962464777846391	0.01841874685395569	0.013213819112561769	-0.006474835948953169	0.011029131259799433
0.03818328706593686	-0.014793929424736528	-0.003683278953171438	-0.012763641488305676	-0.016402661084006943
-0.017477662971241	0.04441054427372505	-0.04263306817840206	-0.01631546048861553	0.011825863023873086
0.001562716878301138	0.028837540605818054	0.017403655200680015	0.007714673188356528	-0.006428196246079615
0.003609400332358309	-0.0032635186731081976	0.06870998209325375	0.009770080580328607	-0.010440308337723282
0.03805790030012763	-0.0002935042404704595	0.033658064791418654	0.010206069015027701	0.011213787118153493
-0.009168755729336772	-0.011429826833639434	-0.01790324049728898	0.026081028445218757	0.003064531228578327
-0.01654829874218154	0.0272938041453227	0.011724020900186037	-0.03331418253855448	-0.026287608026104678
0.03458395206669235	0.021823639862505937	0.0008595390005864158	-0.01982343588157814	-0.03624860898942921
0.0417993621403777	0.011144747867174839	0.06122073414539099	-0.013989392167852315	0.029972132253118938
0.012116698982961478	0.02857880849957216	0.037258534477790484	-0.01527925508689254	0.025036701743444037
-0.017586031258264235	0.012699891797876764	-0.017741039390111835	0.018004893323422443	0.013803933741537133
0.03634775291389802	-0.012974462182495008	0.0033485998122816177	0.011900809865648454	0.011071293204382266
0.0071849535341874625	0.029808969745210655	-0.02618603004417036	0.017427223175230468	0.00039212423741044784
0.0308274318648612	-0.014538942757410321	0.007708782766100854	-0.01234200062223424	-0.018985966991250006
-0.009872609248705764	0.035068334528234046	-0.03155444698641321	0.01611550561858468	0.03390780207642931
0.0019065634689901748	0.0182165502093524	0.028528219214502805	0.009603912203217109	0.01777323465092663
0.01856808319873217	0.025826628803766006	0.04130506530922806	0.014981363507671984	0.02849663874457981
-0.02345316918629576	0.0395751714564601	0.02329752732808183	0.005844017698510194	-0.009580534662428905
0.03456719090728712	-0.018320012077901685	0.02099204816059806	-0.025242424939426113	0.04084982348296574
0.004770844809762576	-0.02968876157554331	-0.007049305755608911	-0.004645420861152024	-0.005874212145831364
0.03363566603281753	0.0019381467997609796	0.031195958056973203	0.030546009048170335	0.03037010374146286
0.0014358821068600766	0.0006619498293603467	0.021579161732985536	0.02450034542513787	-0.0013297944197435537
-0.011281948775008068	0.02025649636230798	0.035611782669577034	-0.0006172005834134582	-0.06065830887527857
0.032076390095659685	0.008811846396723774	0.008914882987012205	-0.0467950463376223	0.005345809181940351
0.040127987277596	-0.002049214460722223	-0.05842608376758295	-0.01913266257117264	0.021661127646208825
0.01807778999491497	0.02147610716466361	-0.016727481297929454	0.0302229000575855	-0.008951810124754527
0.022962926281801816	0.00874109909957312	-0.002187355484616542	0.025718157666919268	0.001977942839322083
0.0007662303974224618	0.017552715822984913	0.011075345936277788	0.025438106138250906	0.013589085173184749
0.009681670135171858	-0.0062930094617477525	0.01518077092883604	0.01202804261870882	0.02400305955344641
0.007137675970527542	-0.004418769493296953	0.009616276675718722	-0.010381633003739867	0.020089056698632823
0.015448432504098702	-0.008100272331748745	0.00291002182242589	0.015177350012330778	0.016731117302937144
0.013280406724017542	0.039588546844861586	0.03297081017394459	0.03301644714701517	-0.017272102819441675
-0.00931349490833894	0.007130971486594039	-0.009671699871065583	-0.021197644129480237	-0.009158458242991047
0.004479086665622272	0.03837915569095234	-0.019294249160111215	0.004023514290984135	-0.014636941434891419
0.03910782050366807	0.0037405528037601126	0.022794595449042054	0.015232024985356519	-0.0038443451344526546
0.001735159442385419	-0.00543228427244534	-0.034715663699172124	0.009803795132551248	-0.035607664136966824
-0.027513811343204384	0.03719098187106013	-0.0025254933489806805	-0.024014005753256136	0.05190837992983683
0.02477173432766518	0.025175267991437725	-0.0024409089022953212	0.04387380049585893	0.003260936227071294
0.024343328589768756	-0.014189846214744898	-0.007648370462999005	0.025940331846500915	0.012025659464359604
-0.011873466459731826	0.024265048564025372	0.008122353470370044	-0.006079224126950339	0.021806953667265157
-0.009102326489062198	-0.0403436285589188	0.023932286062183256	-0.016842407217112644	0.03798876686051382
0.011352262914262189	0.03194095317770933	0.007658998936278982	-0.001237650994073396	0.03270356184048044
0.03188333306030001	-0.012471245280148029	0.02323666052198211	0.0472244736015865	-0.01077329485134372
0.039962525607752056	0.038841203157081616	-0.01913374098613496	-0.015512947485362125	0.011256918059607452
0.015766823539776112	0.035692435330502585	0.0387572392326628	-0.03380514251223418	-0.0008204824118711483
0.03560988792833851	0.007691971959255209	-0.021286202482773083	0.03798265156747227	-0.00812445303895636
0.02115117051384299	-0.0045261082577926146	-0.006189185639587408	-0.011050895364237947	-0.0264979615097556
0.012356902571401599	0.01581588267257912	0.012338841251456997	0.03182844039000747	-8.400963207294207e-05
0.011318461725552044	0.05506711731444646	-0.019672974755180102	0.0011164131077540198	0.002730766143561406
-0.002496987391698632	0.012929708023846255	-0.014901409421532662	0.01982319678172328	-0.02927368296670507
0.009062379057172821	0.02825953703115531	-0.03737181788997828	0.0003876250678670132	0.03810836549247106
0.06082037381828157	-0.02636494661478689	-0.0025432163821207422	-0.01834839295440422	-0.009086854323170697
-0.00762400007482851	-0.006283887083145263	0.027101329022543388	-0.025173484298317797	0.018771072810920695
-0.02338520908972056	-0.01637786341581109	-0.0008574467764551302	0.0058442732829762385	0.004129938647227887
0.0350292622819114	-0.007778312985934267	0.015606134202305482	0.025719650393656222	-0.01748288965003271
0.030426239840172634	-0.01397629223067667	-0.012776742265451287	-0.0006792200007253073	-0.001967511248031203
0.006647735256316979	0.0015566051097168458	0.04753104421198783	0.01193438483928969	-0.010105380740163265
0.04559927243090351	-0.01105193875965847	-0.0002008741822417529	0.0019923328856410938	-0.013196467519085434
0.0071184644718918265	0.01863159136619233	-0.001906633986818819	0.033036316763818054	0.03480567108463238
-0.016518660892826637	-0.008523154449076056	0.018419609790822997	0.02959012766780234	0.01043426508529077
-0.009674702371902658	0.05003875522286428	0.007160975958774897	-0.02759249463155038	0.00688762000449288
0.016607748183755613	-0.027668039360426958	0.008599464742617044	0.03784991224729893	0.0074849785124769825
-0.01564979695740064	0.02262312865212711	0.04299571230288027	0.009929657875912403	0.003177702441792306
-0.019021996430706747	-0.014498739536423945	-0.004045577932146053	0.035003284490915276	0.00603315379357127
-0.04270815516060829	0.0370638819449572	0.03682978548899507	0.00946316359407403	0.010028975356277624
0.005102358291608782	0.04626927832681391	0.008725945376725313	0.05502854745521763	0.016452605669181868
-0.02027685271019797	0.014135679294718099	-0.025296372627477234	-0.02718727845434852	0.002580113916062171
0.018571618950123665	0.045861680620091015	0.016543319824593578	0.04221900790785329	0.008742347568644549
0.013075264922655611	-0.02357089634772931	0.010488060408069053	-0.05274558236777891	0.005433427203705273
0.003369227074077653	-0.024251654360453623	-0.025006421197533484	-0.008406154857121841	0.018806966070182674
-0.030813353216000507	0.008439303781851256	0.030127325637849527	0.0031732261442362422	0.024438179579208345
0.0024940418308654552	0.0034720867847617696	-0.010147456571496053	0.0017366777467012857	0.04834086782526841
-0.013911109440365957	0.003978178003204797	-0.010644621033415645	0.0027394417550072915	0.014588701093853526
0.035887995459026954	-0.021905660464610288	0.04856006686527138	-0.036325674739671666	0.032799577579862675
-0.00393481752978458	0.0029411167405275288	0.02097836839759215	0.01554396053294214	0.009763725160965622
-0.007283745474080611	0.014817895543734498	-0.013060402544429809	0.02797852098244656	0.03212050416209361
0.015149139947600065	-0.03846734909617007	-0.005066219112261678	-0.012106623434480194	0.014587910858756093
0.01352123842702078	-0.005688183892991695	0.015918587558936548	-0.00174015365831211	-0.00013762301733616106
-0.021668781237878545	0.0070248387844740945	0.031819586107044405	-0.020449773517502223	-0.017418019427865306
-0.019185561793967396	-0.008213848301270962	-0.013768604266637006	0.01490495527645876	-0.017940163445653665
0.03752990993192534	-0.02588419562478841	-0.0013495901045469053	-0.04686604582098655	0.008753780161949491
-0.026093231746117773	0.0037209084406649856	-0.016549764377456415	-0.02188701796011936	0.018085356227044165
-0.00490541552021868	0.053904290954073765	0.0022912900866003884	-0.010381350476058485	-0.05943618390480945
0.0038009479986261642	-0.01797042824332159	0.008332686871748547	-0.0029913245923187254	0.011901108701217123
0.00818529888008117	-0.020580498112108082	-0.012927626886303265	-0.023922444626938672	-0.0026556108215388522
0.025175717734616125	0.019380667809307563	0.004033473637879612	0.051738000944879764	-0.022723556375234544
0.0012607834264787114	-0.02306628599710322	0.014036863161046567	0.009084388060708451	0.04143385321762254
-0.018335292006241836	-0.0013408494569751277	-0.006522822164724088	-0.01212491518589768	0.02036677978810699
0.03069638312386312	0.0006955428417255126	0.0077377340135366904	0.01013623620228897	-0.0022910418198647284
-0.002730515505512178	-0.003996610784919591	0.011465150320787999	0.0029616762942029076	-0.0068509461573498034
0.0021798881767380995	-0.00711619856135868	0.018123858975529934	0.0074458468239512465	0.03175684327886371
0.006208164648256766	-0.0047477067285289385	-0.0027425599050914205	-0.032001320818645373	-0.006721377548221842
0.009969471663349242	0.0018598902567513141	-0.00689077253696131	0.03489501544928561	0.018912088590222243
0.04703946363396616	-0.025261247916899897	-0.01697554976296944	0.03891241532001446	-0.0018578536829758265
0.014132202132107325	0.02092789043742294	0.012694264708350167	0.0007953016479381372	0.020972269943779966
-0.015753512622645113	0.0033987356644232377	-0.00815093966123798	0.013037670410716736	0.03362534185174111
0.013639816703879147	0.0023470336068100337	0.04046050017401436	0.0004757746654606089	-0.038889702745535375
0.00891880054070572	0.015737128217818145	0.02644478705743214	-0.012965776719937669	-0.0006695065364319503
-0.005275707815009575	-0.006414039654128964	-0.012008199352739979	0.017857277015744882	-0.007639117025314671
0.0023062507095281994	-0.009680994553316368	-0.0019043282061645232	0.03737872078989127	0.056664878647685955
0.03271219759145775	-0.01197880699896833	0.03355228170197251	-0.028444009131047474	0.026604619789245727
0.014896863770660462	0.02398812137544692	0.012448015560840122	-0.0336410169255383	-0.0048128375791338125
-0.04455731350828912	0.0036029891471273823	-0.020985758044676082	-0.03286599779334754	0.020029646235761315
0.03119418901305278	0.030693163443622745	6.446163423711262e-05	-0.01536138610683218	-0.025032738574559052
0.011393422960473493	-0.005298336199633666	-0.017468677201307906	0.0567161484678903	-0.0134869210194291
0.008483754469876717	0.00318273759897562	0.02862536057767249	-0.018221474356197906	0.002684342385709534
-0.041302378365780316	0.011064427488495232	0.0022714115067228057	0.027527386705619057	0.024347771242490185
0.008679045274701503	0.055801152962656364	-0.0014130692415494604	-0.024185300704006745	0.006530161421268686
0.023601217203937534	-0.010607364517897832	0.0464890257928328	0.006598968092405781	-0.005548952922309082
0.011017680570211115	0.013285582351264882	0.03196547018043596	0.00040399793125981895	0.00557723682481044
0.015760012458628233	0.05359815891650888	0.01063474779661486	0.02220084080948548	-0.014237304931978214
0.03174420628304894	0.03632818369784634	0.007903002509148726	0.006618137844764601	-0.009964378415842254
-0.009818260967690956	0.04208233340187392	0.005802251316994523	-0.010629828879304857	-0.006008359823188974
0.060389380610109275	0.0004352598830290773	0.005608850269930511	0.020693747676765042	0.006756398883097955
0.005948519989364772	0.027427155676062687	0.021359079095287194	-0.018708911823120917	0.022658512848431005
0.021653792801426815	0.0044969162539791685	-0.02996383449797447	-0.00803024944239349	0.028143040105536112
-0.018262504396176143	-0.004915607417057065	-0.02791947361213692	0.01601736367493674	0.0357871854244423
-0.019908867191169813	-0.014481231163476903	0.02187864290647057	-0.007573664323337569	0.0025186755536408694
0.03113370833434498	0.01199458998656697	-0.013627697916349227	0.013721074509922071	-0.003228385686746947
-0.030514856193575798	0.008435762710310745	-0.010074269222489433	-0.004953605967124656	-0.014298127030712
-0.017460107045381514	0.016640906678324865	0.004564007932278383	0.053426421587967524	-0.03252552915422233
0.0192347276099603	0.049514287258054845	0.026558530444788793	0.023140041303278666	-0.04388172493507231
0.0048840732764039675	-0.00897747610391093	0.007203500083671757	-0.02499619144342774	-0.0022607906629309024
0.02560686283914109	0.021795385330486958	0.009782920489051957	0.03328872236205209	-0.04186978130706116
-0.0014474034016936392	0.001408595840130992	0.009426716149649773	0.02248415485427463	-0.04956098329008675
0.027701715003819682	-0.02349403030098391	-0.0077190635952454015	0.005964107383376809	-0.007079700632002507
-0.003563249817530506	0.004114589904236104	0.02910286234500642	-0.013435228903153303	0.007417585301703485
-0.02254045726365028	-0.01333611775051603	0.001157143966938898	0.023997090149178852	0.051686843139029444
0.014535507395701988	0.023867174254449355	0.02235469254387598	0.010353001560555445	-0.03404892950146768
0.028803626528801703	0.024842299858163476	0.04114778317688343	-0.003136924864977103	0.041922623699334104
-0.013848053165037939	0.014667926640257537	0.001628621103276836	0.02186364196401592	-0.001948315522415971
-0.00289033251813821	0.025743910339163727	-0.025969567356517186	-0.011306177924248323	0.029336061436038504
0.008578613076580378	0.012685677886378095	0.011863678093301036	-0.022070433609317503	0.012414503359874228
0.015382003535586537	0.00680124737164243	0.0007648281026876348	0.02531197558122325	0.02169710019155635
-0.019086589869130595	0.011093463074744129	-0.009073441086538549	0.006629164384076333	0.007352843367268403
-0.013218840027924793	0.02293087329602506	-0.02664514130670113	0.019631600861277458	-0.023442393056062043
-0.007387091479281382	0.024597057438472552	0.005529995255097224	0.01536284418614279	0.023399403059910503
-0.0028453325493031723	-0.008674196180424157	-0.002550186887313816	-0.025421565744701245	0.006776147443196743
-0.02437313660387717	0.013592499002812283	-0.02389287124305823	0.031975483019464096	-0.00882827139537193
0.0163642067461742	0.005627611113687906	-0.001577645043996195	-0.04132110065457812	0.01035039729507655
-0.0002866044834260199	-0.01656228635691498	0.0199218336885726	0.001420259199929662	0.013113277851358556
0.02813297081696886	0.005985379006921209	0.005497138671326846	-0.011585836402865833	-0.030311562837545963
-0.028868225482085414	0.006650975199510828	0.027637745617579326	-0.021659102941824864	0.022751613247564535
0.0008091152622301423	-0.01929392443531465	0.005952767285657537	-0.009724980314570397	-0.003664318882724492
-0.004997266023566182	0.02622753233672602	0.011386900007039529	0.02980630684427481	-0.02572308401922299
0.006285577715638995	-0.03351543472357217	0.005928136838823328	0.0005270315133451362	-0.004746419769664814
0.036574981912750305	0.00751014898813599	-0.011413134835984922	-0.008963989217295944	-0.005559871651470223
0.0034412766255637888	0.013628794004076742	-0.010795606486605084	0.0482291544382766	0.008611535072676282
0.005462432126962013	0.03659254403286128	-0.017348800626722918	0.0500369057278517	0.027272153013489855
-0.019538945779811925	0.0775773971328357	-0.0398357237426302	0.037783043115578605	0.009934017351776084
0.015916689988894873	0.005196806072816019	-0.005025061350172446	-0.017512807815810116	-0.011191490893730466
0.01116279841656157	-0.014935625182686377	0.010501065183728654	0.013394724787356727	0.04079772861995997
-0.017399147244013237	-0.01540169906118009	0.018005341238493473	0.005252574030430455	0.02340613865047024
-0.00643379684936948	-0.023142202124310313	0.03512554323595001	0.021585235306848	-0.009264680406196655
0.0007082200020047799	0.012650285439165316	-0.008363240750118905	-0.02329699569273083	0.01617824624166966
0.003036611281570867	-0.001041664323651696	0.02777940428358003	-0.017244901062228715	-0.03340219481187754
-0.0032539875376237336	-0.019745586622592546	-0.010194028110157556	-0.008401915183684447	0.031347846220547544
-0.018800276454433034	0.02742352096339626	0.009903764147654396	0.019886250845842404	-0.002015601232382184
0.0204728471550702	0.044564386563501576	0.012484046690405978	0.033498844168496786	-0.022137796229712268
-0.030716136907729855	0.01258199970981519	0.004418919499186341	-0.01107333950194201	0.04148717756780758
0.0018467155516526512	0.0005378396424847334	0.029617625697281925	-0.003973484700300891	-0.017941053681634768
0.0024455464660112164	0.03456716149601633	-0.04715031648477491	0.0018610071912202107	0.006056802049159836
0.01002379042635184	0.01440515340339912	0.017446140311302167	-0.008153429247456042	-0.001275766058689448
0.003979084504201107	0.03799486799938167	0.014635785952836194	0.054609399890865336	0.040757665578005614
-0.0019672782412637688	-0.00842004328849064	0.003984952000457821	-0.007857674742554319	0.05148026809867867
-0.0106230858750719	-0.005953015557592017	-0.008065383659108635	0.03681665552381365	0.018828388864128163
-0.052121378370934134	-0.006176197870920719	-0.024687732138667356	0.004640041381995706	0.054242226105225916
0.014583378828178657	0.004637521604321978	0.02493613586476678	0.021371390749864307	0.01057092188909083
0.004539921982444187	0.024519452671738304	0.010361522962568424	0.018467544643632247	-0.015278377939100191
0.02138183935809302	-0.010768374312945741	0.004230624807328087	0.021675520023233908	0.008679593459954347
-0.031164421573113523	0.04064198814988647	-0.00787319595530308	-0.006753668137498066	0.030672676490609316
0.015853629926724157	-0.00522891222191471	-0.006391493662677767	0.0009109065099473157	0.017444653757214726
0.007909782869276526	0.04260830245649487	-0.026313823290308958	-0.012888437469996728	-0.04025972817512898
-0.0007154045307298448	0.01694489167798037	0.0027815273396716474	-0.014812093839082956	0.013271965294197646
0.023008768249015887	-0.004259875188044125	-0.004338359274238897	-0.035278928897115654	0.030321757481047013
-0.021292778938861247	-0.006926573615476145	0.0059118834040471245	-0.00810221882657177	0.01302327742241181
-0.0002956939745203384	0.0407158939485814	0.056306468374974	0.03467776815278541	0.009869475898692078
0.011743317683621024	-0.007687506799300174	-0.004137630245102157	0.028729353714128075	0.0016012614281856775
0.0466304913269156	-0.006104407227714229	0.018020631616806095	0.006119190293011773	-0.015323173850116539
-0.01967568649260347	-0.043728165742014345	-0.003497683488079672	0.02705607324573654	0.028771173279414374
0.030917326741372715	-0.019816830534481224	-0.024669565572100094	0.003279140626064261	-0.020339820926831752
0.034251516750560915	-0.009138413624836169	-0.02559216966471392	-0.010616876480700657	-0.014297296292928453
0.029542419314683176	-0.0056912989330290455	0.04773377669782083	-0.02511184940434128	-0.04306095746593044
0.021509751952023197	-0.021731213884223822	0.003713279306435214	-0.01661782373773163	-0.02614734187893059
0.013681036113348219	0.019479451172212087	0.03423533130217018	0.01880200930121426	-0.03208489907227623
-0.003313406345910418	-0.024008178647715796	3.5729605937931744e-06	0.011128668087525075	-0.0037894204259507703
0.000335395552553781	0.03606668938774913	-0.018612574218675043	0.004582510339115313	0.022585537505388536
0.004458722978651219