UV/VIS SPECTRUM FOR UNLOGGED COMPOUND
INITIAL_VALUE = 350 (nm)
FINAL_VALUE = 800 (nm)
INCREMENT = 0.1 (nm)
0.5306184119595471	0.5680416465894765	0.5659215287550218	0.5366744935045388	0.5444937617411726
0.5148222379161158	0.5019857632851695	0.5076195901148954	0.5262030648429119	0.4784114023599495
0.4969510135370266	0.5157450785213022	0.498646099914549	0.4541868583716352	0.47620686558196
0.44040733245830177	0.5182242539720385	0.4799047604183495	0.4315393268288509	0.44934402740253737
0.48082591966502874	0.4877904106988151	0.4108634236852692	0.4392382351532158	0.3924399288570851
0.4723961952886209	0.41594017710063613	0.43408291211398303	0.4182981402510986	0.4292891837938758
0.4124242746967562	0.3889433047729701	0.40458726606447826	0.412152518024207	0.36762608703978045
0.3481399789296186	0.4254753496935981	0.4003252686383912	0.3699092293347183	0.3779780345813895
0.38616658153227207	0.38861187280331133	0.3796471262211293	0.37578890318993063	0.35556626780200024
0.33934850319057547	0.3731897022632865	0.3392443900260839	0.321766309456707	0.29827600959169365
0.28571805228887526	0.3125357846120291	0.3418976252724755	0.29529785071002695	0.3025992501836598
0.27693619689162013	0.2996323695996688	0.2812055642147618	0.3128091742026546	0.30720055297754195
0.29986776941823223	0.2702826523240869	0.30922288440448437	0.29068037727837603	0.3036460006734019
0.2650846099317007	0.28098660765353783	0.2716168058319368	0.27685467606660924	0.2783773542715583
0.3005391815795819	0.252076583062654	0.28015166038191314	0.21888460213655303	0.20483408775005493
0.257582271824118	0.25421087607860554	0.24777547450098789	0.234720316236121	0.2481143448054767
0.2444913278591893	0.22314003034738406	0.24074837440184554	0.222956057720092	0.24019836255107951
0.21134539587333784	0.2227179721599209	0.22272045715356167	0.24445079971723285	0.21078054831886844
0.23007751721235367	0.21131004750025095	0.20182387322522577	0.2258573244461446	0.21607688063334707
0.23110589313526328	0.18307515586043951	0.22625252339453994	0.23538317445535062	0.1955074140932901
0.1761106920739716	0.16251355245716553	0.20837837905114923	0.20430485390418354	0.16200244692135488
0.22081027987018637	0.21694227266288058	0.221572444243805	0.2284481986061649	0.16891975889046942
0.21421931921820123	0.205816726459986	0.17159518114160505	0.18591858704441105	0.18924203100943113
0.17084533442577352	0.1912879055761696	0.15105095033898394	0.16722297753190976	0.19360354976296837
0.1739650054273193	0.1471035991511269	0.22080589545969576	0.15885716760238294	0.14535386880528361
0.12927302626805703	0.18823034509060488	0.13755082378983022	0.18512083873434856	0.1685287650333925
0.19702866610760666	0.12792815590127776	0.15071990283880898	0.11579681425545399	0.16887927584763304
0.1639168980642774	0.12856898860821755	0.13508030092828316	0.10545369517253095	0.12939046410557015
0.20785457053679898	0.14305537575011126	0.1539894664584507	0.15201268819941116	0.15276890220121195
0.13503290764500686	0.17304606810604845	0.13803242929897055	0.1281870360705808	0.16994891768987305
0.13258752491938713	0.14690614210015007	0.1425329908652399	0.15143192829268273	0.09807674068155978
0.12725005717997673	0.10967612902840213	0.10408057367834452	0.12910236279413057	0.1356671245018384
0.10980007264496347	0.15597457181948704	0.09406553268130112	0.0974175068221818	0.1186065277740793
0.11032489552301462	0.10418316106840853	0.12738349227920387	0.1006533931324474	0.10666424613543425
0.15048449711914197	0.11536606254847086	0.16335827662712882	0.13688472117247297	0.11907848754162714
0.1423314007508563	0.16678611066300553	0.10021958703233004	0.11966355352484317	0.13144277002259674
0.1388929285713577	0.10763051095375492	0.13275398870446517	0.11975455553766642	0.12417542771200067
0.044322483220133185	0.11314444134581195	0.09214308795138455	0.12897964081761745	0.11037131773770843
0.10892098569976015	0.10082738468240915	0.06438080798020426	0.1281628468346808	0.10853254117428981
0.14042174517653408	0.10871935362008013	0.09880243514619844	0.12263535449823484	0.09918044981504018
0.10237555227139426	0.08837032746669832	0.11463429352660878	0.0667355858360265	0.08867464979745465
0.09934241819654535	0.10855754142208877	0.08812839504129852	0.045633600854535605	0.12020765386152375
0.10102204189016745	0.11598029153730478	0.11108435794464327	0.10804664626177266	0.07903840078407168
0.11221704964896738	0.06888702585901545	0.08368042979277612	0.09966307950288279	0.07026350360059673
0.09836572620096269	0.09194242022405831	0.10195552814159643	0.08119441723747137	0.1120675820542973
0.09616941562120368	0.09213647962281375	0.09315221367758367	0.07122866512193421	0.10153129098912714
0.02760432628102046	0.09744392003680262	0.06985272672211466	0.08220058126746768	0.06081476615495901
0.08770038387332087	0.06619651428726604	0.09516669641375697	0.07864662215192494	0.11440848710579671
0.10174444431957644	0.06572255812900474	0.07140866513129165	0.08277843575839294	0.08293594317459026
0.06269680331501382	0.05898637043812795	0.09001838934472157	0.07951750579213994	0.09279119518975794
0.10345100525978956	0.06423564098921505	0.10266909365440166	0.0524020971545859	0.07438028003718661
0.10974664631987106	0.05556084183399044	0.08580930251925872	0.052781739842185066	0.08873557154668868
0.08416450997213212	0.09716449027306133	0.1008879021986739	0.10513198190921191	0.059127053080214736
0.05479762311448773	0.042992479884449396	0.032399882159320686	0.0697811652502801	0.09393661756085267
0.08400908144676036	0.03568242256748373	0.11664889067577877	0.05895470936477751	0.04586462638081837
0.06001835605948792	0.0748816202594517	0.0812521569427022	0.0725525272653812	0.04028624000372012
0.07822337739453841	0.08784664485582924	0.061239256095141525	0.04121006026243514	0.07701296377766204
0.03490794034518213	0.07618037283148868	0.10930501625233285	0.08407022996464872	0.058631907261912176
0.05285002563665541	0.07752315757831171	0.04907114543742565	0.0496836799814829	0.09852009412237095
0.05792734116778541	0.030384325238614604	0.07168156760427373	0.08252268003452827	0.03249073291664445
0.09113618258548015	0.06350259051804291	0.06185286224772899	0.05017297438444346	0.09892630325883475
0.047333613421727316	0.03931880802830401	0.06157431541279091	0.09109399562301608	0.05714452890267005
0.020346334745934676	0.05838979759557768	0.04089248030768445	0.07494191850692886	0.034621228499536236
0.044763640881557154	0.0433629867880194	0.03561201248504357	0.03980667563365659	0.04673949655300929
0.0724238823841245	0.07159055579690349	0.04039575147154537	0.038175523556631404	0.040142751838212004
0.04633764251246421	0.021412387560970414	0.03953982382171637	0.06858717587185444	0.07495465655249364
0.029533843156477238	0.03361508471452995	0.02640667946193868	0.036521117846727166	0.05138570735337384
0.06866117339768323	0.053848483203450336	0.048102511209741405	0.057030685173587545	0.08845063498151814
0.07261858733867556	0.08442074655503848	0.03790903032291426	0.06633407945869835	0.06639318420325556
0.013335928270141826	0.10327301663710406	0.07179815275185528	0.036103800896306555	0.07885515218638185
0.07012199042958023	-0.006534749576506754	0.022485611940221317	0.026809925283200843	0.05002659870983824
0.05304282466087814	0.07176492624932307	0.010865031040702007	0.030609373686054916	0.06665631289439274
0.08225014435028266	0.05548411822318418	0.07647108522712269	0.05666360659766023	0.061134269175312755
0.07151011584224026	0.0032304341339223306	0.04565622539855333	0.06606415137007803	0.07249574728066716
0.05859619761239522	0.052983514596998724	0.034851712035211896	0.020196371390208568	0.031203670889250044
0.06372477644600089	0.04555340192750851	0.08891717265165625	0.035182535543936216	0.04134744931226046
0.04123586492482806	0.06051906058857914	0.06703192772652646	0.06424485211349173	0.0812811959758669
0.004664039224683142	-0.0003076605788047519	0.05156198538665875	0.08389479940635258	0.054389210142050955
0.03607523659059028	0.045940725871956335	0.022845214971183032	0.07083723883286044	0.027825402351376045
0.061011620984824856	0.04881227490854116	0.015060666180954856	0.05081610569267729	0.05069295775496598
0.05162153059768139	0.03986442538994561	0.0898913955607993	0.055947687663868186	0.05812094776342368
0.052376643004582904	0.04533149880316198	0.06563525272461734	0.06483770198330538	0.004412461381041472
0.06102367597399069	0.05321166011329752	0.03342898912778513	0.04865384507171906	0.01306377624505949
0.08377725575816829	0.03624836598891882	0.05254887654547154	0.06367094647215558	0.03791090378548782
0.04145348488955021	0.03527428214915804	0.06816802876926807	0.03803963200819164	0.07409600316800741
0.05361353678366707	0.04742698994328172	0.014336640403009766	0.03130542744613648	0.03925711926925102
0.0325195615992709	0.03282228321324413	-0.03156347854944783	0.015769023501133496	0.045417054966619214
0.02057227744611341	0.023618858704514967	0.00895105273888359	0.03614698934155881	0.05278315699360196
0.003426257904450992	0.05215059614824202	0.06886703389947524	0.05141168639536717	0.07076126324986798
0.044374938753715475	0.03723922391868917	0.03963378444376166	0.05929238128586485	-0.012460238064469338
0.045365835310122095	0.020705915384938423	0.06759003278533149	0.054794857658991	0.01182017209663665
0.02014997174815798	0.06948060762449706	0.03446398671927092	0.04759369106066176	0.04789528387580744
0.04621301150477902	0.04404454279140554	0.013722206837198433	0.058279969834894536	0.044026738509887
0.008725278923226608	0.007503980650273485	0.022916319738263146	0.032103207719686104	0.044999291745989316
0.03248939890150251	0.042431942009429846	0.06338466536232587	0.0027156916293756255	0.056121356553226955
0.06596342331372963	0.039775562009772836	0.011129665717809652	0.03254418166204044	0.08109569311659581
0.025405901347314252	0.07120141060134702	0.026698388119566693	0.01977112535931898	0.031998680566604806
0.06711907167889154	-0.011005561366132241	0.042430969147847976	0.012850168281205441	-0.028658780154361845
0.06603042547821554	0.07333754451307138	-0.012588020324068399	0.05540260052604114	0.04075557845873974
0.042802403536322434	0.04708799748660925	0.03659292729817361	0.0835246401048702	0.06073044025309976
0.03619367052374856	0.05934902903257931	-0.005193245709717702	0.015306511076861193	0.014669821634287754
0.035484775673131574	0.06354324595088848	0.029147008917481308	0.044732358828481304	0.06327135892100108
0.006021818230577455	0.04645071709258983	0.035962774241978065	0.03650837896128326	0.0042841210756288176
-0.021452538298642077	0.050867156746841724	-0.0018548184940087994	0.032710908094668326	0.045609520748617044
0.0832816762649577	0.018217123325814197	0.050391291910613825	0.046608654777125946	0.028909199746200598
0.007634213300566354	0.05712006886579586	-0.0076895370405422395	-0.005882401270340277	0.05935467890029277
0.06111445929405941	0.053508919251316754	0.052244901012576415	0.009682664768615255	0.02291150264182783
0.03150410431990952	0.027030986728266797	0.01910271621946311	0.030146421053390896	0.04684133912576901
0.0422077243578188	0.034849036932195085	0.053238587187037306	0.009044080732609495	0.04283205017933081
-0.005152476095107366	0.07928045582209078	0.06122239539280823	0.033430388469181865	0.058828685693953074
0.029447267786226534	0.031163147846516564	0.015786902873428845	0.04004795039645738	0.03683460048060542
0.05182637682181385	0.08021946442774756	0.012417146254502229	0.07003451353636232	-0.011979090978757042
0.06344172863576135	0.009652313995580962	0.02490571710775605	0.04722560859708928	0.045700989837564855
0.025991070738800047	0.022337792950079254	-0.013023738027460676	-0.009838523626648873	0.018410199219106405
0.023169895031120775	0.015320151998931844	0.01180590015441918	0.026136720110991517	0.012953907532049929
0.06171721062696123	0.011279287665148598	0.04985799023715479	0.02877699696907348	0.03194904411542518
0.04509327445900992	0.040740288977096493	0.012995821882153157	0.018881978327076904	0.04238848170464723
0.012258580971158384	0.031054475660964306	0.027764279388159948	0.09298217608119656	0.011792230142404906
0.05422503835610768	0.029526062367363715	0.024598714143674753	0.018971877134049513	0.053522588757887624
0.029977920137185442	0.04946902833494046	0.010273553672006571	0.005684749279557369	0.013964878172739377
0.018490721885387477	0.04611654235778877	0.04275980666666555	0.035946374188111724	0.03185783732631426
0.032948665551154915	0.0296505354353123	0.005886132970966979	0.02443876222752096	0.04133448319971687
0.012349642933431545	0.035535260949617495	0.0775902897913042	0.015337825835752338	0.020131065441753738
0.07524143241713876	0.06556219750679508	0.05585248556656755	0.04280527359428689	0.002911283228944796
0.045261715891469	0.024542404973965367	0.024627731366223468	0.022931422299831764	0.018327690187784254
0.014239225791532239	0.020685333673234343	0.03960025528257774	0.03190771220971388	0.05380447491965201
0.05081908508974961	0.048417136942277526	0.03784342285076148	-0.006293815839783944	0.010068633546893357
0.06592551550734947	0.021336033068510847	0.05319567271497629	0.05058253127889238	0.04740934933091479
0.06441427233991709	0.029939014600633633	-0.011456408850285564	0.0014970884639531768	0.05263012522083098
0.020911952303069213	0.04886604201770929	0.06169399897272204	0.010171411015657899	0.006232362523783161
-0.010227634828162111	0.036580189948458304	0.019141137953786157	0.01731165125448459	0.0016026138499964752
0.04973852156855629	0.006861218299701088	0.06347108449926513	0.05566235319232046	-0.011055791584681271
0.0015794619506921924	0.057627778317679276	0.043279667685260086	0.009956104892155744	0.026441951982275648
0.020980802577146705	0.04494440738908577	0.018895223201220716	0.06445597835098389	0.014392560209606591
0.02527593679033987	0.07097986760875843	-0.007938295414704455	0.021683330185949146	0.0315432098911229
0.049912081503054186	0.05647704781570553	0.02388533588271654	0.0333191624425955	0.05612903183826756
0.030241138733831614	0.018988913362556994	0.01802122580215573	0.009516456733087944	-0.024811448040799197
0.04833935941153769	0.04297710917763173	0.016004403363580146	0.037187639620765926	0.03229587673587236
0.02419799795832466	0.035287221696440996	0.051083195363315306	0.04601314562447694	0.05046288026565637
0.07863128825287682	0.033091290346283	0.012964816076015954	0.002606345456624355	-0.004725047412685125
0.029312654598038203	0.05098486081816079	0.01821138252769098	0.03708867374688962	0.032009753600646576
0.015598875098539081	-0.013472122415785538	0.03513728723159291	-0.0054687777201458815	0.0070057318849220535
0.004822140537930567	0.028526872902725327	0.03597093318546615	0.05605749449612167	0.024642757288521895
0.008208382643536589	0.03101731784456613	-0.0010044833444798557	0.02815710750454628	0.027580969313569095
0.011457168380973822	-0.021544987606493864	0.06245640835756093	0.05544009595274925	0.034888035802577544
0.0647935070967516	0.021365901136466924	0.018469360882467895	0.016955013675801718	0.005962343644523715
0.05101123425457521	0.03797140833981148	-0.01725420539648482	0.005331283986050413	0.04949151445770489
0.05557162400108745	0.049486548095179106	0.04589534472931427	0.005991543133509064	0.023200338163917214
0.04986865072737478	0.054781501127547205	0.0009267315860010043	0.044315977995030315	0.03304002476241793
0.01688598979070938	0.04858577234144022	0.03892470126774641	-0.010045136471995009	0.03501437212298126
0.01780776713895838	0.04124913776845172	0.019114167718457954	0.05492973380330517	0.02871429037872967
0.019854369687509435	0.010089361186710104	0.04486722797456465	0.05162711795581524	-0.0017064978364101525
0.05859131057316389	0.0394000818166568	-0.014385808140237382	0.007670852207337096	0.022153629293319727
0.02934844289057421	0.007546260552267283	0.0191935223461024	0.03209518284817217	0.02038806684378182
-0.0179077426247685	-0.009556926966694558	0.0022428496985976553	0.008834688981000535	0.05352565801404533
0.0037711881012667584	0.009039942399841457	0.0210998348081837	0.034838415988333885	0.021432851303539547
0.028442760577736117	0.046825090165459445	0.006884203444811024	0.02569915518622656	0.017215803732854064
0.020572122135280858	0.012641816487589032	0.06897317070852972	-0.01312510611733933	0.0033066641323703542
0.043293422892571744	0.0504945394499853	0.020150900070995653	0.03475870002008598	0.05500934110001483
0.06633154242593571	0.02272231296098233	0.03694135093289568	-0.0018060578449990128	-0.016697390418042073
0.021360499393048227	0.017542745503816928	-0.010572548957870694	0.03819607113253543	0.010585010498127788
0.07274970377442255	0.017179055428092546	0.02971790833976191	0.021052330256370093	0.013423236399493603
0.004653873636608536	0.044774413178494406	0.013489333661841456	0.0033831702170901536	0.05447722128633098
-0.0036371391443186067	0.03117055589035752	0.05721151836619141	0.013240968017805527	-0.00727828705550433
0.0033980576917951267	-0.010849065324011437	-0.0008784041379104228	-0.011035900122330244	0.033098619082580966
0.01876621028290154	0.029191351865327314	-0.0007518449897772018	0.018076206596978436	0.010986885578629773
0.013425485599873636	-0.0014781587999165664	0.03031612228749378	0.00033806691723434375	0.013645970078909862
0.01710055753692869	0.054214163923728576	0.04240722851119335	0.0435391297358798	-0.015807901603939727
0.034504220504566835	0.018290440255967187	0.019220596106036124	0.007355731985811077	-0.00633766923118067
0.058339909747506705	0.03342200124979991	0.012117497808414403	0.06290483083570583	0.023497302993725405
0.015291532597859453	0.027652046669133717	0.03373611197602906	0.008351815157484128	0.013322267915784065
-0.031652699779066235	-0.03574691611173527	0.014331419293326935	0.03258387357911564	0.02308953465638917
0.05733152840638313	-0.012792295350563693	-0.004585367200492861	0.050831707576250204	0.006908644493520626
0.06781294716676696	0.008640851260752515	0.02702730651530072	0.015995692163321328	0.008086607537983816
-0.00029042757037561154	-0.008367238004551247	0.020952286759622157	0.029395275380162407	0.02126670768736524
0.042168041182255034	0.012206690805348521	0.05003586237806314	0.01804590136017949	0.04914146908580603
-0.02074321794693656	0.004617983343655806	0.019796442138776203	0.05212769495053204	0.007773352763124207
0.027036316867201416	0.016627101590721186	-0.00610923705052285	0.03618978105221985	0.034038363852471186
0.03867692648055121	0.015761970858998685	0.045271123436286254	0.04508727733199856	0.05017124236975882
0.005009800103089559	0.05698852629208501	0.049918912096654444	0.00873543594299858	-0.005544691972646437
0.01261226624049846	-0.01653152495181032	0.06674813758669249	-0.02386479778855188	0.053048530803090424
0.02682259917899121	0.05954718445103814	0.03202730551239194	0.028057544250644967	0.06610800356115876
0.006326728653427624	0.023635047649961972	0.019324845302024208	0.01755832106005086	0.025448202716509386
0.011391834078783282	0.025599353867085606	0.05293295657433343	0.045102759464752534	0.02822317799868385
0.025252785115514306	0.0189912958686597	0.025248895636018842	0.04183805872120162	0.019516944485741653
-0.026211587540895896	0.030679193099702694	0.029350560352892886	0.0199713078529782	0.039281552649250685
-0.021253692580973937	0.06269186776188591	0.009302162938622925	0.010172548577460246	0.026979539921320253
0.042204861328393115	0.048469111347965985	0.011787832043802174	-5.096618115270259e-05	0.008332485276295815
0.03459117616268504	0.024360582676660452	0.002501854152018436	0.010696860205382328	0.04722100450952116
0.03585240584930993	0.038024712367316624	0.057397441610376465	0.004411270723032822	0.04005649901341726
0.01773264250349884	0.03426258286598703	0.07272450678858987	0.011526411573283643	0.03483878610067621
-0.0061342851495538135	-0.011199428187079419	0.028974973688986293	0.03632741606807269	0.0250318580666822
0.03173315006789892	0.023449073693806187	0.017305535253441036	0.032597340025251186	0.03870959612723008
0.05123753196707002	0.04896641893464496	-0.006500382429991447	-0.009989930624935785	-0.005301962636866024
0.04401408434038374	0.03480453384464252	0.005739177821378197	0.02067122604157824	0.025785390266468894
0.0279900409943663	0.034425284988020416	0.020316313284956207	0.004856814091037552	0.0024498157477869918
0.05320570715678709	0.026996354160036616	0.021428675286595936	0.02458461808318114	0.014714036719288164
0.05084608248360886	0.026003093199521567	0.042487338661220425	0.021424076296159816	0.018771506299177756
0.03126956404346757	0.07261362419461398	0.04329281035140953	0.04205786041321456	0.05135640752138826
0.005725714194400891	0.04672763202613697	0.03399304030252497	0.03215501626534603	0.011499980451571112
0.028405417899374584	-0.004686341616151288	0.0520392960075963	-0.003303844753584518	0.03434311198830443
0.005916773913392697	0.020867547090454516	0.016557119505988538	0.02107393833153757	0.04438870039231004
0.04360820706804945	0.0466879590423981	0.055433325671230216	0.03337002795419182	0.03711939247904185
0.03382314716293406	0.04906945084556632	0.037176247408721885	0.014661733486212993	0.04101850964420593
0.05890599650028998	0.021752606942671546	0.040521375551029734	-0.0029957550869293068	0.01306338910062797
0.0007401301113440922	0.04152919893207061	0.029574772153167686	0.02784847493010266	0.02344284397566206
0.041028406936436626	0.02147827641194074	0.05885006673735292	0.04994119966365739	0.023081257776330744
-0.024600538940429954	-0.03996697405790486	0.016747416766856423	-0.005559268023499023	0.04075727276327855
0.050512927430226465	-0.005567071383399805	-0.012230376243232574	0.0009414893249896335	-0.011270823183073219
0.04035042297396777	0.016365410647554673	0.04492402666662171	0.004995875047598423	0.028087941226875843
0.027174106642844913	0.04335575475842263	0.05047204932912301	0.052909717319897714	0.02940392520726864
0.05268445258407607	0.04098221861761743	0.00036854009913713827	0.06936818208596099	0.03859564934959989
0.02390328803887739	0.025410810034676122	0.038470492669388776	0.051223006141797124	0.036936632225475156
0.03883361370960424	0.030519778625457093	0.00685621543543705	0.0029849760059196522	0.039225014900645436
0.055101032328681715	0.044830090170147316	0.06411976938231242	0.05195647073412822	0.015016858542480943
0.048937591998094394	0.051923861579334	0.0062446685716913645	0.03081925851690799	0.04892343684318197
0.017001217619379984	0.03381923120279356	0.005146626342606158	0.049026004319050874	0.005395416778459927
0.005773062976981932	0.03987797209476479	-0.003238150410678705	0.034508315418343836	0.01630894088553088
-0.00925082143620657	0.022109785454153513	0.04103518712164133	0.03446826900728561	0.0010359853019626523
0.0012933654094514219	0.05885219294778729	0.02225051257586926	0.050790408454129556	0.044265911139801224
0.006944437598582593	0.0537908237022074	0.04714429909132159	0.06751981806821902	0.01486789546141094
0.040477174707118035	0.002808404180822925	0.0319078334910255	0.03325521180211219	0.03169382879075768
0.033789762861151464	0.06322193615293802	0.0941471058149494	0.05709901840039324	0.061975582116629964
0.0065777722379077395	0.042302129854626856	0.02694376342851932	0.01095020595295507	0.0191779844087032
0.027183380916082224	-0.006173671206027751	0.0031165019724854266	0.028465357804526865	0.006133778939532524
0.010140068833893593	0.04754038775607194	0.03359660073437284	0.041282472998185174	0.03249215199940461
0.058045835507379	0.02217292120715906	0.021719441634435253	0.031060238206404103	0.04302688352357058
0.062335900035224816	0.05511339603869034	0.040598566319703336	0.027103812100708922	0.03167632486994399
-0.01323271151834912	0.02526633627699356	0.0606087214942426	0.021096556925952088	0.02451115499698325
0.0384348258819976	0.0769314155359718	0.0354533122927459	0.018561234908462995	0.0686317448614281
0.07375320216476593	0.021075437585952532	0.03421211312622146	-0.009456608607715924	0.05659747795490715
0.00647657301715373	0.038978397408489344	0.019396082591581203	0.032310901276954546	0.01603127178889279
0.01381234567744618	0.023911599993897678	0.021339627828960622	0.006697865769756048	0.016953550648179008
0.009765412319727723	0.0411794393551435	0.030885126624273895	0.07967306683507744	0.05501182924107692
0.009661708160420767	0.02880890556081875	0.04195831232806884	0.0640737402699208	0.01696122707490073
0.030949538370205042	0.050598854974521726	0.04938954549933467	0.015019865372272744	0.052593190093369366
0.044384543910679176	0.05686661316484342	0.04624391691732416	0.05150585941718831	0.002118268110274329
0.04450393913189923	0.08153174832800167	0.038280309257573086	0.028624562962798285	0.047405227228055714
-0.003439395101131533	0.013171017326958474	0.04019396946923527	-0.0011446262018156364	0.027120046477331378
0.013992990953071808	0.07248698849826088	0.04122670487680362	0.027612371715423783	0.042295486620027904
0.05135664833843573	0.02281344480440687	0.04164947124410431	0.018533749372042236	0.034721869816937964
0.034022101839299344	0.007111269726951657	0.029025624771656773	0.044431528276109446	0.05176581208578583
0.03808819913133119	0.029668644631015255	0.05777321403377188	0.061724264543646046	0.039942500402598335
0.07013581616977252	0.08031935328144069	0.023853169173226642	0.045117934785767345	0.07461281983442448
0.008145441728822879	0.031776345871787376	0.03060561990230319	0.020136397464042714	0.03696596222567838
0.02488277038550249	0.032370502232832166	0.061519396755918644	0.02014195442645611	0.029968700187280872
-0.010659643065975475	0.025494857482742266	0.009960094886829047	0.03932442702586241	0.07761451796700303
0.07156015424944528	0.07568654475125984	0.05976698628370466	0.03677293057398828	0.059410114037748415
0.03833491429969685	0.03082615664137902	0.058838972233331566	0.003417330323702706	0.06878722958732982
0.022552254306549776	0.036373330497233895	0.06312888553234675	0.07007270883520642	0.04547240849536714
0.07456653412708585	0.005727856126927285	0.014532327612855755	-0.0015062941726112673	0.04243481108364934
0.07768602458991292	0.024574020928447956	0.03539673476477784	0.012287007602146308	0.06646562806268881
0.04318908852307789	0.05561246848670108	0.026343671664242486	0.05509102232027895	0.0023182235113063153
0.054498590311238285	0.07628613683143606	0.03725706008130646	-0.003984305554047771	0.03876811294602568
0.03234425934864552	0.05555799357103117	0.03600922767466552	0.02264208927904677	0.041611656455803815
0.03939936683644867	0.05677551453313853	0.013847003044826216	0.057127501861109146	0.02382786437142982
0.05635182146141462	0.017299768467001663	0.04516407205551597	0.02454234166281997	0.04206262658498293
0.02568239420401968	0.06309643817248081	0.007790842642025598	0.037530155793694786	0.018647134001698484
0.034850334167909766	0.03146176584492794	0.020963020102314718	0.02741199079804056	0.052488206356577485
0.05263619961977252	0.02485690239873197	0.05492013493605952	0.06498713192882946	0.03053156138625679
0.061410271851072395	0.06116716094815801	0.025847629759029368	0.053211190306226334	0.06313467771173806
0.03695067584834378	-0.006152144847248148	0.06726991839280942	0.0605151653039729	0.05310857227440094
0.04932088397215126	0.03817022092351393	0.04456491712621255	0.10094814185159713	0.06889677952002632
0.07519110891336594	0.03015049838893956	0.09271195979698056	0.02820995100693565	0.02934593558606168
0.048862961454541894	0.07111454290600662	0.017718699425430376	0.05905615164421228	0.07713196098263334
0.04589731200539023	0.07974564718208653	0.043898247599978346	0.03229296742627916	0.0541341827205521
0.05252103621912734	0.06568408980854436	0.050684089771721584	0.05965505453117634	0.06554564512804106
0.042443982565112275	0.07306224203186495	0.07890774851992598	0.016053123828128294	0.015980747117951832
0.037454593585591785	0.04903601722043811	0.07130496137461727	0.037630025106560855	0.06884132862697229
0.060532474572838384	0.055928853825519195	0.09919830823404552	0.04724261846515119	0.07962775587668543
0.03908647004792773	0.057122441412061284	0.051470465716930036	0.04863385102567476	0.04388890708762932
0.09509814934638051	0.018510420093574988	0.07894451858087762	0.027614805260847954	0.02596000898082685
0.05754679080894646	0.07223259356381664	0.05862342443574936	0.05278766511771286	0.07698263662985927
0.050720499169017795	0.04794486381106121	0.05040232250705985	0.06917072718876502	0.05815999004898843
0.06669703290720401	0.05161847437459935	0.0456639718408078	0.0756926360350133	0.023204127835687073
0.030463012552854194	0.04758506206750042	0.07315637431589132	0.07083625023188618	0.07422524172853054
0.002526455657663211	0.018448789056301783	0.052461520292187244	0.07553396703566674	0.050977217093977185
0.0586228985152599	0.07590332442377229	0.0861355514994255	0.07300948431685773	0.05088735430659927
0.03919429723409176	0.05018509152129361	0.04451925954438104	0.06669169803847748	0.03375490407518077
0.08913319932175634	0.06195275690643479	0.02390639462408123	0.07832234165351716	0.07558712030411491
0.04249227187201204	0.06063343247050976	0.04185610638857289	0.03825568878303611	0.08720519259574999
0.07302816740452171	0.07106261244284587	0.06396138151162188	0.008123486723918423	0.04984236436820177
0.07779023838829087	0.05166267331904444	0.03650137966538705	0.06252163686903382	0.049470983578568106
0.036267789451883116	0.06246217041717662	0.04644804102597744	0.05888349310262389	0.08203372432847347
0.04755630624655223	0.06868343930181284	0.05976080908929808	0.006204934064573111	0.05753862286242491
0.08991067855545498	0.03375190182109536	0.08423936411608113	0.04829793266085451	0.05918181415351623
0.05801252344675214	0.05966863641692368	0.11183778183010251	0.033349670620372196	0.048899015843569434
0.06776115258298257	0.03274780987142817	0.05925161609086041	0.06081197270147275	0.07526825097394035
0.04136851810516053	0.06255804304631091	0.047414523889827136	0.08065474022047583	0.04896151708698098
0.0673490758005329	0.07166997299834384	0.06146367191734011	0.044640881865253515	0.050807158414734
0.047581746581355985	0.06966173408105723	0.07781581753781598	0.09127285990121972	0.053983615659986675
0.10560482936873618	0.0730751555656167	0.08713475131226091	0.032238042053270806	0.07823490448584901
0.03582307297855846	0.07445554879464014	0.05453526075906157	0.07887890361567311	0.07115810013096398
0.090455846605144	0.07335352397206146	0.08391362319571095	0.0872163989424021	0.0717252334813981
0.05687253805396151	0.029135200249193697	0.05738174167956512	0.051768918301287166	0.024398886393125672
0.07012240151141746	0.10111807195709446	0.03404391778070198	0.0681511339455398	0.0781708558767678
0.08435177117902116	0.10197279227324298	0.08599807402815479	0.07530748595266985	0.08934531189094345
0.05607392405723102	0.05949062937193364	0.08204300801631163	0.06443779121669757	0.08820421987897914
0.05047976548147155	0.03853929332026554	0.0711716773325044	0.10324176867938498	0.10925941513596588
0.07651375512924498	0.10655306965307722	0.06538490306730967	0.11746499820352843	0.09656967590403799
0.0468370078908473	0.09215844757072064	0.08127632603278975	0.1335828774785162	0.07864738334381197
0.11150138403978789	0.08911144309289787	0.08420129350224896	0.10408724618374365	0.09191916785782635
0.06055638220014018	0.060378115839782365	0.09031826487297574	0.08247683499084704	0.05701030717618876
0.10606374575665034	0.09535660959383734	0.08112583954883812	0.06923270299350448	0.06595707811198376
0.10259083175676734	0.0841251878749667	0.09322351046507407	0.09711350031591319	0.07060024068493287
0.10517820370983023	0.11191079002624722	0.0647655987473976	0.0942164838970046	0.12146676858747937
0.11221842575310832	0.04947339849277807	0.04241494898158974	0.0922208324526904	0.04206083483527906
0.08254745495714935	0.09650217048347332	0.09685192579150875	0.0774408896132968	0.0970294829651327
0.09675966848261948	0.07293849963394791	0.09097021527516512	0.12172292742884447	0.08865002663734746
0.07722667439249152	0.08394129939976258	0.12168530729428022	0.09022407998078465	0.10603932459450291
0.10681940470387993	0.07879016545568318	0.10430411003534515	0.06734848102742251	0.11038274614947116
0.12459747195961762	0.12570843144084237	0.07595609992131085	0.13045829468741232	0.09869030170348748
0.08510191012713889	0.13183930045991624	0.10164534410662543	0.06565747283653289	0.11432676730677858
0.11349473052629358	0.10793657521680798	0.07655334561658661	0.0884112968682585	0.13006821255158252
0.07043577224446844	0.10679623017544122	0.0919731649980241	0.12390646938014724	0.10227811532584448
0.14140733589151283	0.11649146893057438	0.11671163829999705	0.11017507776652526	0.10068331592688937
0.09511128751904419	0.10062306691995818	0.1171475137087094	0.13196845551674266	0.12992149518010213
0.0734269248250969	0.13288037910014897	0.10483589196357311	0.14527032596042483	0.1254638037612998
0.11115781643587064	0.0801095949289891	0.08442469701204926	0.12300422993655263	0.14608056174797768
0.11523763046046645	0.12739513045982317	0.12554966813120852	0.08129353935668379	0.12324708485988599
0.12229112281716055	0.13598826449778018	0.09613241317744542	0.13639702613412802	0.1296039718162585
0.0779444507566358	0.1000760950138737	0.1375758148484585	0.10964232988701472	0.12337650813119863
0.12464373101277587	0.12962682782163187	0.16362776230386916	0.1411942132927216	0.1227321905580573
0.16187820203490785	0.1268183399742889	0.13622360767927424	0.1681533528533326	0.13221653242391668
0.13986707415793623	0.153850350632703	0.14819534279009605	0.13226886725784853	0.10536395963761594
0.12435159957127268	0.1576515734683613	0.133636261473534	0.11418869924012129	0.1192468632704863
0.15368263137291377	0.16555941334561391	0.17590305997569772	0.12825766844727102	0.17842631682257762
0.11835956360046784	0.15605413301033474	0.18742163142368687	0.14000728454950845	0.1299858570151461
0.13791822634200765	0.17059983466595216	0.1856251957486544	0.14142739562287296	0.1780659049577148
0.15526935478875123	0.19581367240431233	0.14617392780738525	0.14353045075631338	0.1469950665431937
0.17602148873803167	0.16890467054445887	0.14531788962368647	0.19550511390204306	0.16173588398879032
0.19772421948215985	0.14347321204288344	0.15224888282089707	0.1536696131734155	0.1988304339994055
0.15711517231488906	0.19837138426958015	0.20503266826476024	0.20695565846225997	0.21827032140329256
0.18909496151719332	0.15416344591353334	0.14825553390989457	0.2358866294928104	0.16145090199630743
0.18894721596980035	0.21691881184104223	0.18664311252751833	0.19247245341680244	0.19717231706088223
0.17970116595915805	0.17318474257436717	0.24566663210535428	0.21281152154004704	0.22776071444111312
0.20795757921878089	0.2418937576056997	0.22648607679592825	0.23522559923752365	0.194697538541261
0.22631921729300952	0.22687411087467077	0.22978407849344884	0.19965832305388156	0.22500915819823894
0.2204179685352591	0.2172305909552547	0.2120064174985219	0.2315981904539309	0.19735454519930767
0.22298030174469102	0.27043129725861914	0.24135295683152155	0.25367753797455744	0.2489149606706975
0.2071557906397402	0.2237260103627882	0.25193800586497167	0.23432434916451456	0.23754254290821245
0.22016639920438147	0.2348899532885118	0.2678304450886804	0.257632734384073	0.27928372869967105
0.2439400477132997	0.24884922777392554	0.27372431655754426	0.23257289304382606	0.25065277900472727
0.29841345748466575	0.297204987830869	0.2821852869619229	0.29589704786910814	0.29494538369177986
0.346027607414188	0.2949584689111828	0.25398037289459535	0.30233337755211265	0.3113487365977781
0.25727113594566464	0.2894326692512654	0.25568298232405	0.3101559072110797	0.24442280731409374
0.29636694392319873	0.3354911634392666	0.29716494010680705	0.28673056870352304	0.3022464590118519
0.33708254978520086	0.32521797943890673	0.3110651125789573	0.32115710395168756	0.35392330403747413
0.3365239287595184	0.37038782383804	0.34494353193267513	0.33172326971827115	0.3486611623891601
0.31665202595996733	0.34987113743331155	0.35819897664451417	0.34148400760870307	0.3571873392899074
0.35505150143466513	0.34521095859933465	0.3401316828243955	0.3736112037273505	0.3822366871049125
0.37445969192359396	0.36282733385383176	0.3704591597692238	0.3788633083135149	0.39092842042368087
0.4024463476908054	0.38794076918754394	0.4166246842288428	0.3933419217319967	0.3868280258605225
0.414457484133624	0.40111397326894105	0.41660113229165474	0.3820124181114837	0.4396588444202069
0.4263682710502438	0.4218492172892732	0.4019866203027029	0.4176731639520316	0.4149530472826029
0.44625793685965837	0.4662973080201501	0.44361817915529417	0.4665240325903067	0.4354462197908377
0.4685782603263999	0.481759560168314	0.4477828110090777	0.4633703361297177	0.49215995072588625
0.49845891346358456	0.4964709635199369	0.47960462963785305	0.5238570453285226	0.5265500720232201
0.4953284189794714	0.5352975279221975	0.5069072470729772	0.514541976105904	0.5215406261890134
0.5061064229791395	0.5404139158908079	0.5773966079630917	0.5447792386929086	0.5781889985380481
0.5504056032666479	0.5484888477687889	0.6018875655633535	0.610552116255098	0.5881973582495286
0.6360681390561003	0.6079089391118172	0.5973486963333956	0.6607428303411397	0.5859381018749164
0.6325065853496601	0.5925849462735886	0.6483185822607248	0.6671257115217673	0.6588834518958883
0.6717517149264824	0.6953314735567891	0.6613157155331649	0.7158114766806883	0.66961822595899
0.7654898227608636	0.6958263411116853	0.751243644619308	0.7339561425053471	0.7380796951696136
0.7357076932175164	0.7828474445648465	0.7417830311041245	0.7879232215949131	0.7559071011897093
0.7799583972485868	0.7659290141704936	0.787042800918856	0.8006943507631402	0.8244741518864074
0.8530249848418082	0.8180171711431277	0.8522718466516196	0.8754783241186643	0.884916771855565
0.8874901478654166	0.9293230716649383	0.8919427796457715	0.9094412057759126	0.9360755261185257
0.9342242843916139	0.9865164403373716	0.9790254813972579	1.0157471833393268	1.0138343245582364
1.023338005011395	1.0367449519021454	1.0321356492004827	1.0566023157546938	1.115128331848622
1.0970931417911525	1.1095087253020792	1.089047168776255	1.1093084994406466	1.1333084888641018
1.1610768165854108	1.2017284902127656	1.2165320456961697	1.1933975501208924	1.258843647881333
1.2409464787433142	1.2193454992123414	1.24095814168956	1.3037087350292695	1.3099449417072107
1.3200793398469435	1.3216192612699864	1.3659683273629444	1.3651295423691008	1.3949872125503453
1.4001979348350475	1.4237757201718764	1.4170350259734423	1.424089112533553	1.481036231027508
1.4525012587677584	1.5007301163621676	1.5690662252787761	1.5838739382274423	1.546430741787637
1.5836738611449854	1.573881478490907	1.5579716995424173	1.6025329453368216	1.67096997561394
1.6175543603960163	1.6863923952947264	1.7273517945506067	1.7450086776667	1.7370328827772843
1.803219140009121	1.8042012826086966	1.825274227886172	1.8389126285761237	1.8552472274685687
1.8697677079382713	1.8911580553415936	1.9483100320019882	1.943620769280426	1.9843161128047901
2.009434437894138	1.990185798554739	2.019057783150977	2.044082970397379	2.0646811664990756
2.0889857342412155	2.1172594065278005	2.139469815515557	2.144984168175615	2.1211360463746196
2.17677282763685	2.197141674301091	2.2673011402126737	2.2783385253607893	2.2560598114929764
2.2250904068754283	2.2585117847900125	2.2810759326296925	2.3060166991284965	2.3384863432208496
2.3351870433525677	2.3532511772271714	2.38115183583715	2.35849697903308	2.4169421262013193
2.419008008083042	2.405914177634195	2.431311571336945	2.4336928426898123	2.4626384018406977
2.473551809924346	2.4634722785761056	2.4797379139664146	2.478284460076872	2.4983021387772126
2.519893077136024	2.4876302822013927	2.527853816586223	2.5262572535430206	2.509342499445401
2.496297358282017	2.492139449469895	2.5155331024362613	2.521016722370487	2.475927265444274
2.5232005322135964	2.460906265298157	2.472994188185527	2.4643067861113006	2.469345093567281
2.484642993805164	2.4548912838260906	2.4267529820907985	2.4370136300805556	2.41108024442848
2.4043604489737316	2.3708132890129905	2.37547905206663	2.3569351366494447	2.341847579964604
2.3437369773488377	2.3228114554003136	2.293336184391556	2.26671831072104	2.2836832371058553
2.2641280937211237	2.246436220882653	2.213068289796632	2.2024464219602518	2.223801350347106
2.1584715474074136	2.140022627797721	2.171191063926099	2.139500339867086	2.045921387058482
2.068116661072777	2.0579352550968593	2.000328076872581	1.9782486327893793	2.0163835338852802
1.999142717808312	1.9633303698485427	1.9073891969897971	1.9267621306284943	1.9052492692811012
1.8595975033500163	1.8507275658896845	1.8163136072283141	1.8223120576542098	1.798240757975062
1.783390716975201	1.7373345060965706	1.743438258969665	1.6934790688853287	1.721109266474327
1.6531935181848314	1.6940364802715902	1.617208480325023	1.5737948445442955	1.5685741040581336
1.574573470674584	1.5970493843929334	1.5400745699558753	1.5255194793344502	1.5236418915756504
1.4875013686458431	1.4612119554716962	1.415448061966859	1.4386572137469809	1.4106411742184923
1.361438418461352	1.3544357031523067	1.3427865970349002	1.3203880077589913	1.2873748340530338
1.303926121738666	1.2720106070454675	1.2755183126195522	1.2936590442171854	1.268980042132027
1.206834292136159	1.178408960672839	1.17433685870592	1.1818594834533798	1.211129260274023
1.1495584803172645	1.1330184428654326	1.0999035736082787	1.0928640569204155	1.022533800560472
1.081236343744328	1.0670156487488118	1.0812633357892625	1.044597576076667	1.003999909168468
1.00756349514209	0.9865346216852654	0.9633841892990166	0.9883274431595604	0.9882393065899018
0.9701952068314702	0.975779307568295	0.9237774276661154	0.916700268263968	0.9140557367937299
0.8779164311258885	0.9014281879326553	0.8803977382800838	0.8652599135903772	0.8180058642209315
0.8199065247458631	0.8108472447705529	0.8346503910467495	0.7926841620032415	0.8446249481623894
0.7693516408663501	0.7856363887556752	0.8054132448271335	0.7664911592666354	0.7197730990107003
0.7563658226372872	0.7160001473219196	0.7645270319031235	0.7333630522123328	0.6676731738332483
0.6878474464574088	0.6900401821464044	0.727048666113632	0.6672776057524591	0.6942583315345523
0.6344437058696839	0.6625915508271352	0.6543751409749644	0.6203208553573948	0.6103761620415737
0.6241420259284329	0.6469984425858581	0.6419820903601893	0.6414108716624263	0.5503984788314129
0.5526381329978655	0.5887500323563625	0.5905373533081573	0.5718309459620646	0.5813322892488012
0.5237032623476772	0.5742725003848822	0.5510609804415877	0.5427717116910362	0.5363378541671912
0.5385871926790288	0.5066356269072071	0.48647565972366535	0.5426238799354941	0.5040314292418164
0.5290014694822006	0.5064686753892523	0.5033383370834681	0.445632598401919	0.4847051163906296
0.4738331375250037	0.48677133364739417	0.5153247447392594	0.46845677276551284	0.4384368325478404
0.46631341268024873	0.4503471870323794	0.4467044900676195	0.46860373336394195	0.43120220915182095
0.4546450595621813	0.4421765408528987	0.4381567073029788	0.4318419359350475	0.4322129563618469
0.4330775600433117	0.4357693316837924	0.40988665597757756	0.41779376654855527	0.40857648343402136
0.40936624965730095	0.4232585162472767	0.40755454559506354	0.38468624439448906	0.409108356218005
0.39728676788287665	0.3605176503690314	0.414689475424382	0.3520022739333911	0.3863253924696268
0.3272792739766412	0.3428049657317229	0.3048427467275935	0.3666361830071627	0.330859819752366
0.3499940156347127	0.35156564736602114	0.3484813107911591	0.34865817108840524	0.2910404811506597
0.33893300563086626	0.3243635775123927	0.3448677128527631	0.3624387366011874	0.35573871530395956
0.29851739214314166	0.31263078539761235	0.31002249345639854	0.3274645389406389	0.33922927583388834
0.3201021510092243	0.25346170257295825	0.286125946349593	0.30321125991745024	0.29835231293143727
0.29940019561973574	0.2814950931437886	0.3045007127937889	0.3215291199133695	0.26142608278168483
0.292386846670498	0.26193660156887716	0.28725879353572215	0.26243471860481865	0.28464086251764914
0.2925275048271209	0.31337047075461005	0.2755477951140783	0.24727190819209632	0.2846308949863477
0.27343408749859804	0.24323708978304542	0.2658576503330182	0.22783972865924568	0.22949261298818724
0.25332410766707797	0.23252285417499088	0.28254189073597674	0.2052683906661544	0.2290864968385607
0.25018255851303045	0.234070019316785	0.23514075510351048	0.2122563801504192	0.21655309710689566
0.248292773621228	0.2533949117277645	0.22257363872075278	0.23509488230402115	0.24293077987777548
0.23631031299815772	0.2533136085047679	0.24783437826588348	0.2221426688136255	0.19864847810966274
0.21354545500725997	0.21522514341450835	0.23595120098939856	0.18573590622259642	0.19442051004104707
0.23853029607716358	0.18800809467757532	0.1946603858821142	0.211970966046403	0.25051219955210197
0.19252815990918293	0.21357183399567617	0.19352415708482196	0.1955028825523195	0.19802323198404642
0.1802904314198807	0.19352234049750205	0.14131760827286174	0.1991205017529022	0.17569383006718492
0.20588729949736467	0.1451008271500723	0.17008217093687056	0.16736913823570704	0.22545784021031118
0.17847373011137163	0.19859155312189308	0.1835203844894628	0.1974565892572771	0.17097164648556137
0.21462980164394174	0.17376185406539876	0.18035170534649364	0.18178275418819512	0.1502284586379958
0.17684377471400486	0.1353244469242337	0.16014033718982884	0.19186001905173328	0.16151010878689798
0.16467773252434756	0.16165996403167193	0.1887235976963163	0.14092728382308228	0.11585788792003367
0.19433311535237122	0.15646779038331837	0.10381110714515067	0.15897403324502984	0.18278633375412917
0.1717168674575812	0.15309564185452632	0.15073644254389662	0.1305895531120672	0.143711897416632
0.13060087830985284	0.16646950862678217	0.14631940027224738	0.16874787697218505	0.1632806442091509
0.17436180163706935	0.11842627468148885	0.12835816328661423	0.1321148944775146	0.1265957707492988
0.14508465690343653	0.1483639593709943	0.14898817346215762	0.15323470872329292	0.15812603630249536
0.1310088163288547	0.13246544382255365	0.10008393077097413	0.17364512955296874	0.12474840899349596
0.1313499914198381	0.11926509107594478	0.10323693135330751	0.15715187386785667	0.17215961547196162
0.13500505947135114	0.1463663543118562	0.16969770514563795	0.11558182247400789	0.10780977959054593
0.12051520890383775	0.13211368093806256	0.14561345490656	0.10754356964955057	0.14527667002691885
0.11306367559636361	0.11378476270919523	0.17425606706236008	0.09391250690450945	0.12046238896143532
0.10907372638923021	0.11402558024028647	0.1706571232072164	0.15350289009471643	0.1151674149247095
0.13779412816902897	0.11495202854111738	0.09414868435149559	0.12086500564168384	0.15939025059927503
0.11536836004841289	0.11732943982721675	0.11949478259949825	0.11402072882396451	0.09519683765350681
0.11415917667594215	0.08775484403469212	0.15683346699369488	0.07982116269438315	0.09174341862221877
0.1144497709938606	0.14194883397457653	0.11199414646690242	0.1264948962430256	0.07084701472106719
0.12616962962063613	0.10907267864618143	0.11216762940505923	0.08941822993343126	0.10918981406031554
0.09394138417745504	0.13069509603393192	0.09364319349138585	0.08630449457138381	0.08908524705526237
0.10572518527018117	0.13541776458080443	0.14023903316672037	0.0966026807128144	0.10606462061173798
0.10492742969322136	0.1122342793434971	0.10851579215479387	0.07683123498461437	0.09067291927290803
0.0765553547512872	0.06557963222319643	0.0806018508388084	0.06353314387746042	0.08440374524967471
0.09684196840614764	0.09983369357193919	0.1162301135502159	0.11391377797266453	0.10435994441556282
0.06364079343396349	0.04610205308183149	0.059476806687680406	0.12622637883634621	0.06932648212445612
0.05479328533565209	0.11326861300763863	0.08637456180207596	0.10830083761501738	0.07735388141777852
0.07735896484932159	0.09858462555153288	0.0910020121842855	0.09115347400203855	0.07775139207063748
0.06016585347717818	0.09733427194243952	0.10246203464545317	0.07960472497664837	0.08896302843728403
0.09635375877586574	0.08142073381250531	0.07201503535778536	0.06878590385337044	0.051550145001653044
0.07260584289169489	0.07807372487189145	0.06684973701703883	0.08917244093164799	0.0769586535066888
0.08947037666902188	0.11248753592564793	0.08159538169632004	0.0598870969386376	0.08712480932250607
0.045458043125383936	0.10611434389260922	0.06823849018214959	0.06128030768049879	0.09150532432051886
0.05632648098254221	0.0366779342177176	0.08239356555609928	0.06146423711806565	0.08021279584768674
0.03676205039967008	0.10140372922409734	0.10683378977865697	0.08529471528571311	0.0882323948809207
0.05736554037626473	0.04543468432608875	0.05234430895133979	0.050853514387952846	0.03682233209525161
0.12083487359976604	0.08430734906050147	0.07114625467906634	0.05189199331050466	0.09577559220799697
0.08208540514239687	0.08153212778283471	0.07090117229162762	0.0917134181043869	0.054214616692910396
0.05779749933032757	0.057583233383674604	0.06626740887380389	0.041787669541086106	0.045700137606434994
0.06877716924350845	0.04081760864675963	0.06843625921633943	0.07057367303534295	-0.008645829667268509
0.04135250636736911	0.10175599163658276	0.07544124615813809	0.06503585423962213	0.06569047628509121
0.05145081376043252	0.033300759028620966	0.06731966324130975	0.07677016835409245	0.03746370284855016
0.05562026121608732	0.06031349783754523	0.07092364285516581	0.0565682259529768	0.08782063538042453
0.05725045449182352	0.02817097310733726	0.08100762988218231	0.047031034884805034	0.047847291337110666
-0.0037778939657595223	0.057476999431181806	0.03390444258237026	0.06666229446402022	0.08619060783264294
0.04324640300155431	0.028035383983281745	-0.00012199926973794663	0.0732073645822565	0.07188835948410799
0.0608966222196673	0.028447367981245357	0.06144487782332823	0.0495342016626647	0.06072850130111345
0.02281431351789989	0.06906349523841986	0.09203744913249534	0.0575291845732299	0.04479484703980863
0.04146444183139005	0.07183125307924784	0.09150887849650853	0.09293839826260678	0.024917771627839452
0.06289588944801625	0.05358240787216872	0.05293652187176668	0.048536682142656634	0.06033418591087168
0.0731467247525376	0.08009844097777806	0.04277347726233027	0.04238628787875933	0.04985600440392793
0.06596196075090312	0.04248564283366438	0.09501452783603365	0.044587725844860066	0.06146807083211711
0.027417959865703598	0.08124553722061692	0.06710073698541527	0.049957228062894404	0.03236349662322764
0.06582513161927625	0.09447608877341639	0.009670384502682221	0.018903495359352724	0.05509439464360188
0.07203927307040062	0.052866206894569195	0.015897399564887452	0.08199787612654647	0.02295476500178282
0.06941066873160746	0.07127217830398065	0.049355729118513325	0.06725652524164757	0.0009035034913158196
0.04474511201277908	0.08298215607081111	0.0562449013984945	0.05691076664411473	0.056776790699567536
0.028773994537281272	0.059512421949951246	0.0594791731791963	0.06944051352495544	0.06266891769358357
0.06512995149558806	0.029964800823510496	0.037927239697991	0.0830732777923734	0.03658883573994826
0.062184535181364034	0.07096739800474733	0.05386850672356967	0.07658732142600687	0.05023112114752117
-0.004112057922637605	0.017488401825325725	0.021157722355551023	0.025756725329149563	0.017892372066005326
0.05875508613042069	0.09284363835254322	0.05347874326595431	0.007717503320039674	0.04619570309503753
0.04817857398465715	0.06787531910871271	0.033194827541467783	0.07296514404187457	0.026995741481106915
0.062144054382326626	0.06143046949611	0.05977181342823623	0.0039740585062943996	0.0795710313987657
0.05699213961952974	0.0566368091030111	0.042113721053267494	0.026428226092101072	0.012444783304214724
0.023745477226016276	0.036685337594123985	0.04239231025945509	0.04519056089135653	0.037880439244453105
0.06482559780979569	0.03365073538525721	0.09278992177067721	0.02392104316962159	0.07532895020792896
0.02485386515727917	0.04321161925115269	0.10467792734790335	0.053522509405898325	0.01847245150837888
0.02716529550966778	0.05026629489814747	0.01920454366732137	0.0514032227756967	0.069082663707383
0.05748547505299334	0.056950312491753474	0.023279330411238114	-0.0020408461217410606	0.06187029105227365
0.03684983165054057	0.03772871445164392	0.016254003494758484	0.06669020938152162	0.024356425505020433
0.04276377745734274	0.023632126565743216	0.030411584277469674	0.033171177420821006	0.05038928619670439
0.07969624772737711	0.028798271896902643	0.009206478919565097	0.04011339000807174	0.021220055315747915
0.07405158540935465	0.043203024985835434	0.08103025498651871	0.03367069293531182	0.03582864158972299
0.06255962038109542	0.043760194638452064	0.040327367309694655	0.027083181144268467	0.04416585810562386
0.03914644302859188	0.037816478671072705	0.030121256567759505	0.09404792114677632	0.041628892071591546
0.03824935194764967	0.016608420071273087	0.084375921770561	0.03287739970860217	0.04421303833920939
0.04247028776561756	0.006042580189720349	0.013487083457943349	0.04712470552917	0.05988458390999004
0.035215075902081144	0.06349111502621453	0.04649000190378612	0.060094807429470716	0.027776013036221608
0.022221058338234068	0.03369781112456018	0.04507954047865468	-0.012362859655937952	-0.007138005074689769
-0.013767458514383935	0.07929092725594364	0.038292570682527616	0.019057852600249774	0.00614446567578744
0.03988123706868935	0.02395021657306725	0.03830091979344112	0.028168966634363767	0.05433455567847599
0.01536726654451649	0.03821837144568201	0.010751390635606458	0.014525109306579072	0.044025297877194544
0.07072448402133949	0.04198677562813234	0.0160152763459851	0.016206938851835863	0.01629881988853055
0.027911183362023813	0.05636661436045545	0.010734099679861397	0.029227088363177497	0.009598396415962157
0.08118743150318014	0.03274176185860715	0.00981693836586715	0.0360833521003524	0.05601443607673521
0.037333073489351006	0.020279288013605665	-0.0026877644416409465	0.054562422394057175	0.01795918398660521
0.0346001962684082	0.03747977274912244	0.009735707516027819	0.015129411265543295	0.015000585404485624
0.005400611075316425	0.04659172630720411	0.04795134456702334	0.02484998954778022	-0.0030865668272360503
0.05755105457563035	0.04424079117941387	0.004128544034030895	0.07098756904532802	0.03029882642067517
0.034639124810464925	0.04731549867652292	0.0017064981522510354	0.04114441291329764	0.04440893566573269
0.05778951899539059	0.03204765913655868	0.06995888465651376	0.052114323422135574	0.02142339231968036
-0.012817484056485685	0.04171757508649193	-0.006996102265528336	0.022690571430915324	0.024787224281332707
-0.007100836659980295	0.03460498717984846	0.03886636027320716	0.02943014387925766	-0.004265894218337007
0.023252193360909543	0.03127802449490577	0.0709241160007019	0.011818864886377983	0.022081736809887353
-0.01000805938013163	0.009822172850141973	0.03628359545509439	0.017212767531639722	0.05043965324965605
0.06571026975312053	0.04912628327818294	0.04211872044709516	0.03701151591026475	0.07225413936891398
0.01930845336350568	0.0011237636601581016	0.05167726688180585	0.041228765220965954	0.04296367631762917
0.024424836229834698	-0.0011840035590562625	0.012139841746258068	-0.01504976165367234	0.030765240132977753
0.00937632598778567	0.017264117439214133	0.003822344697664632	0.00966135438172426	0.04716110052820563
0.02381227755583152	0.06600820837252226	0.022435825073834258	0.054659821463958	0.027428278186627124
0.04707751885765614	0.017608306173875647	0.049000092616709255	0.05262230344570953	0.0029939695149505388
0.03669942655324203	0.007637963885959699	0.03964361595452527	0.020354510129567197	0.03915796031840977
0.003391250444408042	0.02326514803694034	0.026625499315017755	0.0550474497343967	0.04914365491251307
0.04098813134766016	-0.002831333799105976	-0.0027448692106458606	0.03512996793895928	0.05475090632832539
0.01879516724864056	0.0019330185724389989	0.04545017075653411	0.028043814079884013	0.020125904924627853
-0.0005610673651289845	0.03341943232339116	0.0157771645341482	0.0551490020737051	0.05428031849064153
0.030667227931134376	0.03617101614282762	0.0441344961826125	0.02059309912730266	0.052338133791803236
0.032552717898750444	0.012414984684596607	0.0018430202477626289	0.021415796299908932	0.01838206424832394
0.02691570569234597	0.004707691511642914	0.027789994556568342	0.022399958575752728	0.03436487290598779
-0.019513428519798086	0.015889332631113605	0.0150118098724247	-0.005747389533459385	-0.011381904419961956
-0.004593748416239551	0.04126699015188758	0.010903893035312605	0.00793789906347531	0.032186977832656886
0.011491227707761216	-0.002982164724161942	0.009764788354696043	0.01399471158107374	0.0018193212607018165
0.0020385641238927187	0.05470882400293267	0.007134128057615876	0.038544105528789785	0.024447817367182417
0.008571957741813564	0.001779633467776696	0.01556624782447168	0.05182475446726762	-0.0049290133658892905
0.03317848627629141	0.0037271788659954935	-0.014257489781089464	0.04108353112880338	0.03973078566473225
0.04895180000971103	-0.014795504278095579	0.010893335726950377	0.04445269264747789	0.04287620610961866
0.02394354985960006	0.03963664119029982	-0.011497451917908557	0.040702666458104914	0.03228613643661633
0.0390834842800477	0.0010055348479659394	0.013643549871725145	-0.006608379856799806	0.03134995635119408
0.03490954386033805	-0.003121444170209554	0.0046651462392158175	0.022163378364656733	0.03259528530148274
0.008112922863846267	0.023599120394357312	0.0533590632887139	0.009605536311817278	0.026705978817857745
0.02791397363866135	0.030618860831992178	0.03842027793378253	0.05766857019386984	0.019547667367846713
0.028457780541229816	0.05714510405721537	0.05199253510248768	0.0045683005951808586	0.03073553770441991
0.04513269201710769	-0.020844481011749974	0.015312919650433618	0.005090465103584095	0.020176442647587667
0.01908435040490051	0.018398624508504487	0.04800611309082399	0.011868958042833052	0.02270074513209508
0.047800172869609595	0.039322018838301824	-0.005890813654649057	0.01368716022030159	0.03897371548902549
0.013354051756294305	0.008892720941957588	0.04725129636432632	0.028656533527330594	0.0368113024775463
0.014819616198547112	0.012624645831644892	0.020476448199712567	0.03171125250247246	0.04282446949963442
0.016658691584379944	0.006570041116705185	0.022603796971182855	0.055133212460102866	0.008582948559370529
0.032211330069684345	0.025149107369031132	-0.0068845126524284634	-0.012787294193654868	-0.004886521738176818
0.005030300889790309	0.046867731271038986	0.031125793608800342	0.014698868343280817	-0.020323872230210864
0.01199030395964682	0.033777442863759416	0.04026320681599134	0.035100151412936376	0.021719610973389133
0.01185661905997484	0.04471643973490487	-0.0025595006128302338	0.03730349420233571	0.01208509311883306
0.030486493178965044	0.02600144011556649	0.018223628790251033	-0.013468906127454024	0.04224771548962259
0.03594370085553098	-0.012562692172756053	0.019295576603131973	0.013933852364238306	-0.0015719912774059294
0.0006161076217150487	0.01073364940674575	-0.0003365033448007133	0.018778965114601684	0.04502698757141467
0.020608597587487988	0.021755782045437384	0.00012452184475558845	0.015448024615424522	0.008675035192098106
-0.012980051949783545	0.048990051338519275	-0.03501409714510939	0.0221688873059271	-0.0034015666726837715
0.0027038551528013634	0.05784009293412494	0.015278233746907479	0.0018679146474814643	0.01744673185928352
-0.0018238983950233695	-0.0013000618754513815	0.017039688169222078	0.0077467410922401865	0.04686292208843867
0.06829872819689291	0.02032033174768869	0.03945113708670531	-0.0018578528233306616	0.006488505722364059
0.00937050213450396	0.021939582424774534	0.0059659616640695915	0.040340827933505685	0.03369133748589386
0.021787700065581776	0.0477868294016207	0.014887589129839458	-0.02242495902560655	0.05662964235276696
0.0042144163418583475	-0.0032826063711085293	0.033071533023388014	-0.002804770541002172	0.023684817097576465
0.034005721782945475	0.033000309841135486	0.031874567306120205	-0.020174777570497023	0.05138469567325593
0.005663121887082198	0.029048731515860817	0.02892988721652944	-0.02386105107924421	-0.0014058075365410427
0.04182350766937428	0.01985625637018112	0.00251329634016837	0.033093674392848764	0.025134890520185145
0.014023663133567725	-0.016950875060942675	0.010001563345270768	0.01175721717892243	0.04517145024920694
0.03454918165416954	0.03509706351342292	0.01744599144267361	0.02466489366410854	-0.03083946460380396
-0.005403801571288448	0.042977912835283086	0.0050788629749366	0.01956981255626294	0.025940418329064303
0.01009178087201286	0.01355495360838519	0.027548296243733582	0.015304267486037377	0.03805088347073446
-0.022497477971635278	0.035294963371622995	-0.0010777156538725199	0.03120081298728375	-0.016723063283137857
-0.012186107546396537	0.013244671339804986	-0.023634484943136674	0.01199537243466757	0.03941417999386393
0.033422681163952646	0.02058304302797208	0.06667776221097135	0.012400202210704401	0.02003701041598211
0.006261944245320349	0.0006712480200712053	0.0009652924838700226	0.030322546464449332	-0.025153280671113144
0.037800474453002865	0.014805182168051462	0.00778339134024253	0.0025648917512380055	0.023971854421171966
0.011338452598201041	0.041826611983972896	0.048389416406063174	-0.011305868819164283	0.027966923917490318
0.03582018892806941	0.02834657317390179	0.030924306689728724	0.012634547178570026	-0.0002132866320936162
0.03476103637781784	0.01924746402105099	0.04023738299743564	0.04214734421603622	-0.016297476825424706
0.045459545536625234	0.026555489557447718	-0.0009995020508931493	-0.01610724549509743	0.0006916966789301182
0.019643777290720348	0.038928345977902325	0.006459850488632502	0.008630687702403939	0.025764917882198805
-0.01798254735767979	0.06754753166665876	-0.006518197772558249	0.01851070428743885	0.0826902916010312
0.05365375193628428	-0.012620715824920525	0.01655398887499752	0.009118951397905254	0.02833962156728631
-0.0003718875142244163	0.025065177331921103	0.016725847926517504	0.01955696921180361	0.0032033079129289025
0.023170317728774058	0.004622458562057418	-0.010527684940544447	-0.02549567392788745	0.028342957783770578
-0.021365532248980364	0.04478136132198033	-0.007759645413245997	0.04290697069427743	0.02011816602201863
0.004035466700199832	0.02001740766528598	0.004586784430577928	-0.0007430759288370994	-0.017698713006710467
-0.004116695058876006	-0.0077054594193289045	0.04155079844243102	-0.002227116610574768	0.002237851370267283
-0.019435647575092998	-0.0030158602969883545	0.00861037890588632	0.0003798202037901474	0.031538458693643634
0.07248575027020525	-0.03139972418268011	0.03732404307321232	0.009713154051255274	0.04418014002124132
0.020909551410299695	0.00724840200178322	0.008357818282790001	0.024456226974295607	0.010511654880572072
0.023247735848100012	0.04273148274020867	-0.0006173762676326975	0.024619521633134075	0.0521302983601057
-0.040981101265140374	0.017415009586643642	-0.01002450460284531	0.015528247547663203	-0.025786634114478083
0.004197524713864921	0.028376332393509094	0.02772318327723583	-0.005260363375650272	0.0012194114403070893
0.027653346951787026	0.023147130376000788	0.033409881748234005	0.0025301091942426888	0.01842416292542957
0.0029690771236424354	0.04389276837752469	0.01999657543139223	-0.020090498437058887	0.019998262162444602
0.0029009328906336547	-0.01974158143005144	0.005550174805846534	0.0004373785235055718	-0.026376771835428775
0.03946027400876727	0.05723073711872672	-0.017470776933897196	0.019430253883274413	-0.010458633975629952
0.054381495102436	0.02616086442132096	0.006215370480920837	-0.012828661098758649	0.01407777402519894
0.061346491972718756	0.04057845963395597	-0.01230429827807918	-0.0025869037545951943	0.012814848073754945
0.024634125317147076	-0.027927857059901216	0.03976902904533001	0.018399009190845958	0.005999335944248305
0.034952159331092886	0.016656194071510793	0.00019919737696498171	0.028697854792290055	0.01877013977594733
-0.0061912301513580795	0.010523780954689033	0.0019164884353052086	0.043949352211029746	0.002982721620426505
0.034731740771486816	0.008230278182428477	-0.008819434679156586	0.0003711354734214846	0.028328842040032998
0.030340844167336026	-0.02256453678280713	-0.001273996661631349	0.01765455950726717	0.001088536308942881
0.012946667613673659	-0.015575654279603963	-0.005319694113921431	0.01754924391580237	0.007054954869514146
0.004554995348686006	-0.008785470438362312	0.037713276231044375	0.0011939670478127982	0.017052074420489685
-0.010018763842933497	0.018713900687301676	0.023406643231814225	0.02976691571864035	0.0674654706088857
0.016148003219531096	0.01937790981838627	0.022590316377521458	-0.022302683914064588	0.007709273692996425
0.008758561465667144	0.024831200147227978	0.018380605785249696	0.03693804146286283	0.04927700687316058
0.016659083624739127	-8.569351383000759e-05	0.04312104360515852	0.013382144538588462	0.013676709472257551
0.03096025486909612	0.021248914546012798	0.035922807703133455	0.018128115818440965	0.025764021668254034
0.020683060066116553	0.009466983271196416	0.02695213376772891	0.01545408208608322	0.030097787790519484
0.041712630906564685	-0.02352353495436194	0.017404373427832034	0.02179901006972713	-0.00639418846338262
0.023946509550847792	-0.01901834696461358	-0.01684223052911285	0.01130173739595953	0.01204014289746412
-0.016288166884047616	-0.001043083758257294	4.248862881403061e-05	0.022441142783192335	-0.03084273209815017
-0.01703451214297947	0.021548617637944082	0.04967519068439249	0.03858947058636942	0.02604749694826495
0.01624138271416942	0.012503296359834246	0.03512427630763012	0.013861580218147635	0.022989424957336576
0.01310819606712762	-0.006361039944468653	0.008156127670594822	0.024270012926265905	0.02411688614501646
0.0033989550372488762	-0.001798988483694597	0.02762502602705235	0.02888487850647138	-0.014867583359678919
0.010479051912258924	-0.012821079438971525	0.037360850636945976	0.00826465489418157	0.014099682916546358
-0.009769155175065436	0.005038410360176087	-0.0232596147770819	-0.04004229993090234	0.005147352917518416
0.032756291963930484	0.03497244438108882	0.013876777541489993	0.011983076083658176	-0.024253824537837927
0.025335831225833116	0.03135029294224476	0.0043616777288937834	0.00587278650979461	0.0278942459681613
0.008657270010693115	0.0370788234230653	0.004537256818485396	-0.020346915006623147	-0.04588922046373914
0.006428098144474294	0.035115964865522764	0.014252687272174623	-0.010396176943575227	0.02925646152096051
0.02011592805521607	0.02661150224963129	-0.024185464953449958	0.022200986979546016	-0.00012505161880770489
0.010519153690343945	0.024446659083524794	0.012007820591511993	-0.009252645912724762	0.027575051926275455
0.028454549179691823	-0.0010591806615803034	0.06056469533195391	-0.005961749538849216	-0.011250068797487241
0.0264986789214078	0.02862719871820156	0.0095042046562491	-0.029489636915894818	-0.04420371837148327
-0.0026984648162449425	-0.005432014810740903	-0.015767553088410227	-0.0034851759622917984	0.011582882979400192
-0.013628260063247334	-0.014721810923337995	-0.00545034777337765	0.017406506114232546	0.0035006530399850923
0.020759682547336712	-0.00034395310543115006	0.0003885834438852251	-0.02410355166409205	0.04021414453757866
-0.022131949003378167	0.02146190180137283	0.026853927135125383	0.024132011114514365	0.003783355322200359
-0.028122384976027554	0.04773345554876606	-0.009481200825339204	0.021042670354687674	-0.006635389617607941
0.003868547886574633	0.003946665896020737	0.03464690897969178	0.025016239867576215	0.021206998596408705
0.049229454932648575	0.018154605612028286	-0.014024310104177134	-0.009493488641813007	0.016616578889957427
0.016875229415051745	0.02986544183681067	-0.009512403643375737	0.03860054559850888	0.01217518149200282
0.013224396700024732	0.0050621156728790665	0.02728306238282093	0.03600536307485566	-0.018611311440106266
0.007567452785889585	0.026168298203224468	0.004603615658162532	0.040654535636590286	0.06090172566912541
-0.01692306614653797	0.04049938909650428	0.0318245872208841	0.021179845220266426	0.06398022566352202
0.021374929514785212	-0.026427698111240808	0.021266365782066976	0.03867525641150574	-0.043161788524888584
0.021673678045414188	0.0020900917484515677	-0.012875262367838789	0.03901311691454866	0.018072554969449414
-0.007184833047562392	0.01835600977039814	-0.01437822582379994	0.01694179594536529	0.006006978761436857
0.027491430041223102	0.02915594226544275	-0.005786239507393856	-0.0020343493180489027	0.005906684034105423
-0.003307308454690564	0.04363238946699294	0.014053897463412313	0.013456231830495036	-0.00021622979909733005
-0.01690245803504673	0.020926545018585554	-0.01496207278531454	0.00794761833371474	0.015960648964246555
-0.001030143082140506	0.03368422701360404	0.027666052949471984	0.05823270691277461	0.014330002780250732
0.028266309123965237	-0.016643278582597246	0.029774155890698827	0.0009307958209973308	-0.007200084428800739
0.026365305299924795	0.0064919478727212074	0.004859838608357894	-0.0028582409182583016	0.03875804983370138
0.002500237474532957	-0.018856942972581597	0.010018839019026577	0.0030251710405333285	0.04345522010729355
0.03431547957786123	-0.0015086826449404135	0.0028832614701373017	0.0016805457186938877	0.05472233090357241
0.037506377086310896	0.02133250067109816	0.02576932513009746	-0.04364266863417914	-0.0063855470799622635
0.018762371914572015	0.0014312179647492556	0.056690595998129985	0.01413623422846448	0.003238947826905564
0.04542732864975607	-0.014539677865278633	0.023951200812279985	-0.017412047812232573	-0.0015597223406332312
0.017417057335868645	0.02175325750080142	0.0009381174179820739	0.019810607688957302	0.01979577101170928
-0.03612805774511254	0.022874235537472438	0.0015847601557564981	0.007739999785589008	0.0027581742879365266
-0.020943668282798873	-0.016184657672570466	-0.013997545977767308	0.038482925070011276	-0.006717394795560843
-0.004751741339050741	0.013349544489001004	0.009560685102620814	-0.019114194781683823	0.02307209707324031
0.010444648935761879	-0.005380554653909356	-0.026607836567165966	0.011597239175495115	0.02485076403702923
0.0001383683921535742	0.022116764129896355	0.027794682754155475	-0.011527315005106772	0.010820028342782818
0.021818646414368356	0.012464562468953883	0.03805372315184526	0.031738353611883804	-0.007917223828436742
-0.01528232037266913	-0.011081189391212002	-0.003022322248821566	0.031246208842675934	-0.012581108041084336
-0.019740879988092472	0.02253799191807053	0.01223068430903816	-0.005995106518775601	0.0006783790284292258
0.011025233040227877	0.009366396075391342	-0.027342149491833296	0.012623418863635247	-0.026444579784729333
0.01495420382382174	0.029722929558610035	0.02198353276474233	-0.01929680653427604	0.003403579326416815
0.01413311927217493	0.018743834029871127	0.041860201580820294	0.06363020143306101	0.010542245478043116
0.027689878784545895	-0.007607978058947499	-0.00607707227219768	0.046717239315668485	0.05363433917978511
-0.017140380548220285	-0.004836899479378831	-0.015759420725821018	0.053886142861197674	0.022286582842276872
-0.0009217574702516298	0.003370471935908786	0.030136146874501425	-0.00298191059539553	0.02397493001976438
-0.008146815066571854	-0.008145828684357554	-0.030701007773603805	0.013090288338185386	0.029214050996936816
-0.012991084010384209	-0.010646286660929507	-0.031432579112271895	0.004745415268300942	0.03208260949121612
-0.0006144358653440395	0.007106689115405528	0.024448093974128726	0.006828799196326548	-0.006573889160886229
-0.0067741150222125224	-0.0017802011724690216	0.013382881246570645	0.010132260268097023	-0.0023900369232973907
0.026894748618837342	-0.008079553483784415	-0.005037521797870645	-0.0049590486802247695	0.0016117699780049907
-0.002489070308872887	0.025833330307812867	0.02493465926194075	-0.005269396951409079	0.009254924253164818
-0.004792986684089829	0.00497585399259288	0.015299400527008988	0.00012905912642648706	0.05958854309801234
0.020180573912968486	0.027978516929247542	0.013745736539772865	0.022632124813141752	-0.014823105533610497
0.06209877075098666	0.012434182043460664	-0.038425643748285845	-0.00800905183145158	-0.04756988526629234
0.015368367004992733	0.02355672000392996	-0.01044616218254147	-0.01806605972787788	0.0267173190698496
0.012892835316160384	0.024092057025892493	0.04231956417101857	0.01992231062131752	-0.017112367480247078
-0.002969799189674976	0.010907808311115826	0.04489959527481521	-0.022782151954807477	-0.03396333203304785
-0.010990208440264602	0.007727549607197211	-0.02783847632869768	0.005475850522784076	0.02609051503131151
0.001886538473763214	0.032775914461339775	0.010613773783894113	-0.012218585531655259	-0.003756271473987107
0.008299243764492098	-0.008638146490384892	0.00759691311133619	0.01384565417294666	0.05310207998315469
-0.02193103106930325	0.007935492574079422	0.03656779050356403	-0.01112613185636526	0.004925120666744106
0.007163895229623511	0.002837318544891382	0.016304184966733526	0.005349470955327064	-0.001668635225175269
0.017657086865351383	0.011891985613797671	-0.00865088566698859	0.02335767794710414	0.023770480709468515
-0.0068135638628567695	0.033041161658490165	-0.01943793437659519	-0.01732932675554751	-0.019591341810865772
-0.041388794080232355	-0.003428591792627946	0.011637721509643447	0.02138873557907643	0.05292965270458633
-0.03154976439211433	0.0025396239863069545	-0.0015406243788844993	0.004021108122526774	-0.009629779138423543
0.005369568122645167	0.003817218372053223	-0.0012196080036325592	0.01983382414395794	0.015420647774139882
0.0012724377629962649	0.02424931895336352	0.006692573753070004	0.030617802036780068	0.02250100941524729
0.026873598391433443	-0.00950638741493736	0.054300284681012376	-0.02341178894911903	0.037814788068005395
-0.013895923076325182	0.0031488935880013523	-0.02511578330003967	-0.027689467172894222	0.036089276725042384
0.0004713929281765549	0.01806784582587514	0.004533479305609633	0.013826351515219418	0.038895087751364146
-0.022007183861617437	0.027880552411449284	0.013790057052553054	0.04986681387116107	0.009630105210687221
-0.032960988262603796	0.01635576096971609	0.000589141032902898	-0.00030178956178974516	-0.0372059093260754
-0.03591558082474697	0.030659727054187104	0.035339072554401954	0.008948886250930477	-0.01431034739377517
0.02652356697393671	0.019672816785037954	0.02098793317719544	0.029325407717581208	-0.020577212652318974
0.024441659373236807	0.02391678393545696	-0.006037395493642931	0.02641206178637896	-0.003848159533748253
0.038739343031178264	-0.012424783327009142	0.04750835972554229	0.015235040018455336	0.016873771335253664
0.014746351440504417	-0.03203733747899841	0.0057234594409436125	0.034599818250326674	-0.009098088866357702
0.056426126985662364	-0.016356742426574273	-0.017951087957227996	0.020265309898526103	0.024726831863092914
0.023946951781158403	0.007376102370730517	0.0013068646340319238	0.030654384741978673	-0.045523909386607504
0.043115343474599	0.05927775714589666	0.02820434731273717	0.014359956357206495	0.0005914863396717747
0.006291922760049258	0.03968095325779768	-0.003071540662914835	-0.009094129810762843	-0.033984181995108984
-0.018514254795040652	-0.031908483697273976	-0.0032335001869618655	0.025493566693097082	-0.024431458461105737
0.019759341804182	3.155657441684945e-05	0.01925728102833109	-0.04285009595487342	0.017765471199793114
0.013199103883183601	0.018321805313442113	0.02254015659390574	0.034742784817066004	0.015909413424668197
-0.007377421155403326	0.007590622897737215	0.029886987967877733	-0.017908662744159993	0.054983307858435596
-0.005274217104613174	-0.01028395210828602	0.01010361572889605	-0.034424680492222616	-0.004913137511544339
0.02090844478271002	0.007879283434522365	0.05096971822188166	0.030897817805255613	0.028789365352273943
0.02982292874571135	-0.0027752812738793186	0.05156624789800536	-0.014328460845201604	0.024663716081055064
-0.006434666549619963	0.004786588068642177	0.00784952936497018	-0.012993251027077997	0.0009851411287030909
0.0033577767435937758	-0.023590675977005635	0.005552817836900405	0.028520388968471196	0.026517039406388717
0.02198508331815318	-0.02057675285526073	0.023207163807953346	-0.001621730463746202	-0.0002451798647936398
0.01186277898224812	-0.0012878158509610875	-0.011389335463858147	0.008090230975706146	0.03700640919257135
0.020739677159902735	0.0348044026318616	-0.030509211700848898	0.016922310286997113	0.015369710285699622
0.001945527325919457	0.0011592023372831517	-0.02935783925237692	-0.01665614661168764	0.04071041677622403
-0.01404959243047214	0.017045200830511014	-0.003740034239589199	0.01193068688629516	0.00043681136385308357
0.044186479136381726	0.014829769106109671	-0.0024162395007322206	0.060782162977976464	-0.0004847048504699339
0.00789599066159238	0.021281836025979082	-0.004763082110791743	-0.00750095658451724	0.00937944548194833
-0.015064797211295756	0.011782742543667166	0.033376687542420805	0.020791683916198418	0.009370732050928341
0.01009475137952137	-0.014963890672462616	-0.00036362901266552257	0.02131228468345273	0.005343740149484984
-0.021820192688863965	0.03699866734854569	0.021685831070305018	0.031544231314951224	-0.0397598769134263
0.0027233386204923793	0.029759024103025	0.054046375460157385	0.010052075347315056	0.019774779434753476
0.0026454765710463503	-0.033233544304180636	-0.028454025672427233	-0.03621874240590518	0.007410218845434026
-0.028031445881024804	0.019724561392286545	0.025620606697729895	-0.006852256972989643	0.015211948804666493
0.023178160894991	-0.009098840666236608	0.0007417704110727463	0.02183418545766915	-0.024255491035312975
-0.0006942997669386955	0.04596090489549563	0.04406192255151983	0.023382351267928127	0.03500001990052457
0.037887742700694685	-0.007542674470985038	-0.030140010283517246	0.0169838493226367	-0.002637380963230477
-0.021613732392230082	-0.030613401193028217	-0.01112792081821489	-0.020242735664752133	0.056887417042714425
0.020581448519844916	0.0007449617894611125	0.03387067814687165	-0.010785293977837757	0.014854966853442446
-0.004498011257229441	-0.02443909555325368	-0.03282531648380153	-0.009652382591035756	0.006437811157629174
-0.002665029819647627	0.015011520696156994	0.008074577959444974	-0.009317928056488274	-0.00770471507067955
0.04263797201548575	-7.210132978762915e-05	-0.01460411762429424	0.017485663462754937	0.019705768703536818
0.017211947689021054	0.0023914449104149773	0.016141799606668554	0.023429855959603257	-0.027623685581325542
0.005191174336299855	-0.014839499875467694	0.004265614145399113	0.009377600239766026	-0.033211591719366905
0.0009878386720570528	0.011567930556252045	-0.007671864066595812	0.039923807339499774	0.02061730385476963
-0.03469888575969822	0.004578162663491637	-0.013434230732727882	0.028284307122033232	0.014088977254583837
0.02665331495287487	-0.0022855741740637554	-0.00927858583424182	-0.0011826562231472247	0.054898510677453924
0.015767176784885737	0.015833330241431524	-0.02868314230798364	0.022334956515032214	-0.01861541394061928
-0.029884528794206777	0.022105912865501506	-0.012416068528356021	0.02862314422572375	0.02140477456070332
0.022627206601320754	0.01052000057887642	-0.01957093269871854	-0.01443437624307352	0.011261181802220245
0.019883244550739913	0.01305288254902046	0.008352325500655134	-0.0010619303988472508	0.00811529523007492
0.026046441191446387	0.04191055063295602	0.017783063985446365	0.0012610723448999847	0.05506327324962201
0.01001588355275889	0.004747631518680311	0.0527188701230606	0.004428923090394266	-0.0008228704230423267
0.016783207105639554	0.003817207873001721	0.06169721372229987	0.0021775091797377345	-0.010552762008652208
0.04528525611959517	0.01945396838386755	0.014049778654881974	-0.0004283868317951781	0.00042458510541492234
0.010789169172298052	0.003948869154558215	-0.011795447268374348	0.006673564857766163	0.02331322498212928
0.03893842667220133	0.01862355845518292	0.029373452391459214	-0.008215207033187528	-0.01285211764815747
0.01685450278369429	0.010569972555006258	-0.015287275950785842	-0.022915526317561632	-0.003502768708336398
-0.026449517323904874	-0.005134062180817238	0.05601569529896655	-0.0007448053787585297	0.031069511763780047
0.010143271305978599	0.007622199135443808	0.02171603672173951	0.020678990182370918	0.041724685952129845
0.029957779247425917	-0.02012062533032559	0.005782909606771153	0.036207376717764916	0.02789587268943388
0.012815425754904682	0.003882329443279018	0.032825108835469616	-0.044066963402798795	-0.0015179278345825095
-0.005013636703440532	0.006676436155739	0.011404488688055974	0.009571486779558344	0.017802252052528944
-0.011200652459127346	0.02056978317061619	0.021825310101882225	0.04508763965865995	-0.011284796945995892
-0.0027720424477741786	-0.022839332588973773	0.030187433662387533	-0.033190989393135105	0.02390231271787925
-0.005617963875439872	0.004939414406818973	0.011418794366336393	-0.03429167264002748	0.005812255986722413
0.035101880557710075	0.014392229611095864	0.037427513122730335	-0.03632808443573355	0.007108255893621336
0.027982495363500268	0.03190854394727025	0.021720380878562512	0.02271332395896781	0.03315548778649447
0.00858635295068531	0.02099025449343512	0.011879206163082195	-0.028038545483370186	0.022704842155996725
0.015604642953120538	0.006476416467526416	0.0073317490492271695	-0.015273965645548062	0.03276497106056864
0.005863538877531197	-0.006083251480431556	0.002062345431717941	-0.03933573363599172	0.03717896388429064
-0.024574296023480782	-0.03572194184489918	-0.026176387652374778	0.0026589067150245066	0.009616595646864465
0.0317544830987143	-0.031952707528970566	0.0005334325504981335	0.011990221229887738	0.028730526429467863
0.004062471640514199	0.035921533329460006	0.001855032667781184	0.023144354974499813	0.0045929723181253055
-0.007535460985397103	-0.003450166069126289	0.0030294007603561164	0.01958409918246382	-0.00760633356481682
0.007475898358531368	-0.008905674990245185	0.006853551825597758	0.028263044285356476	0.022748603603616607
0.03828409624480849	-0.011977448303697905	0.0019208693496269085	0.00233436238153462	-0.04537365953176035
-0.030552640070615384	-0.01596056726357971	0.03799436312690993	-0.03564731800505972	-0.011199457730559189
-0.04095261916958243	-0.013558150903393112	-0.05222140110578571	0.019649915051066575	0.043685458083323594
-0.007598466505804849	0.012732938557993949	0.030465056865771493	-0.008556011756500032	0.0014928766436041897
0.009904844565070382	0.008246939883818692	-0.03775476617364309	-0.02560491086012467	0.008679945239797838
0.023056402838817543	0.05823870887401487	-0.01930040502975524	0.008989332677430337	0.011141316855179077
-0.012655602667618844	-0.01941785574992279	0.03388731921566236	-0.015546158898473592	0.02332303515723361
-0.014894140257226187	-0.03832117846998239	0.03415542712861168	-0.01721319382188221	0.03042608129117805
-0.03005381105639874	-0.004117723129207744	0.010266374087951256	0.0012225269304639058	0.011943091041577505
0.0037772278714610936	0.029741695768134888	0.04635638898427935	0.026836587398600613	0.007707331468800522
0.04593181800384635	-0.006638128149651939	0.005083786818335508	-0.030846404910528744	-0.004458143415690785
-0.0023674423859672677	0.0038943245753917167	0.011887462944659465	0.03547155354947769	0.007951202928766773
-0.012131096125648418	-0.02629119647006054	0.0014573599310740062	0.024062575265357336	-0.013345800621071467
-0.01448788542003528	0.03166795392806557	-0.000893508839559186	0.023409952311622687	-0.008047296739860581
0.01231133080339437	-0.017040061541337574	-0.002161512879907901	-0.005529329809408117	0.0026798323539295498
-0.06290604206294137	0.00020774323882686695	0.0393064389090391	0.03410154405711301	0.04319043429060812
-0.022176752460390442	0.030597700225694684	-0.00872673458202885	0.017957107038525842	0.03784944875155425
-0.010045956796396194	0.02183670809570062	-0.03614134603275274	-0.05497402360929896	0.04799205744295224
-0.006504798862606993	-0.01110046036286181	0.001309303596680916	0.020932151165960197	0.02853253736247992
0.020708631805169013	-0.007053632224858707	-0.01784051441303182	-0.04495257793044337	0.04204009572633672
0.04443955059703384	-0.005523329500809585	-0.010967690034734459	0.00713599641127146	0.013905906671492645
0.01768964406149539	-0.034706607177106566	0.023233870021662256	-0.02041674112773448	0.010093783912478426
0.013601232757175008	-0.035158839411914264	-0.015174963567073716	0.03231187321699224	0.011508386387698612
0.0207295849847919	0.010196069102011936	-0.006049584797935012	0.003152917502122237	-0.026022266632622578
0.0031993085624998953	0.03600475235797535	-0.009406690702845829	0.0007155425440745263	0.04461772903567365
-0.016567515300370882	0.0003040918813378944	0.0005640460797788904	0.008702591098640083	-0.019886181623617667
-0.03175529441843123	-0.013188340897760395	0.0067862083794519145	0.022956192884875676	0.006147608182094206
-0.013801460940750859	0.007212557690322293	-0.014125449009066225	-0.038281122457332326	-0.020571275844213303
0.01111858127078383	0.012962081753351295	0.009371621650495515	-0.0195256282065168	-0.020081378511353297
-0.014603567715539643	-0.010500981061954542	0.02709192478344599	-0.009871681216700243	0.007277238054412672
-0.018478917587859214	0.003445094720996351	-0.021541337188196487	0.0027914285370721536	0.023598764349921683
0.016850032145083068	-0.007827714486049825	-0.010069560716529088	0.008006848351935665	-0.025239638994824638
0.00030016716174109496	-0.012762065365820375	-0.01852359416678151	0.04254469951867919	-0.007918940882142131
-0.015475743790517743	-0.02765780904208335	0.02163135875164846	0.017959285969152743	0.017055969930052574
-0.002561165272933658	0.015095264363196772	0.006925623476095494	0.005575675175309578	0.014583625168781813
-0.024185530042151553	-0.022424538678404903	0.02372901422534935	0.007524712568312464	-0.005147043385374736
-0.007782726260264702	-0.014313210423362928	-0.015200118377402727	-0.0021868111650522127	0.023452494544182932
0.024993249825362926	0.022680465784347282	-0.0038379015618730814	-0.005045308704146209	0.038784574233277386
-0.009691820399762689	0.010249692065441227	-0.031181193219130387	-0.01629928166693038	0.00526055804411011
0.03658901557804986	-0.0034513453051125314	0.0021810089468580623	0.056008369981069256	-0.011654811547129686
0.03308522261198095	-0.012064231611566304	-0.02437013067060111	0.02934868366305604	0.03518161512676018
0.005180764553252854	-0.005462998147443502	-0.007315425377930517	-0.0243639325428166	0.0026776123514068205
-0.025496151218680645	0.025335553429871892	-0.007200757935466569	0.020100356432817396	0.0202617398473418
0.020387855584532266	0.024446117147500546	0.017729466592390383	-0.014933868226507028	0.016389236129670713
-0.003535499459782465	0.029357456362406664	-0.0023616993388508568	0.02664844087954273	0.00020505057669995778
0.040412344582847065	-0.011696663128981731	0.016386637146333323	-0.01364042248109842	-0.0032491636834096923
-0.00030542187003286883	0.04398851761503323	0.019254032979688897	0.03377948118161818	0.00587689835430349
0.004848336057221111	0.004826326716791608	0.0005419058336493107	-0.02221646826506303	-0.001424439470812812
0.01949734830630887	0.022661972357285155	-0.0004033472151773118	0.013028327239676672	-0.01209730268091868
0.008187402531909067	0.01583973842263426	0.048208656445331344	0.004903370188938428	0.016864455970467745
0.007612588641270615	-0.026043427683870926	0.02709068236536204	0.0016125852331416168	0.024274089500684295
-0.0011274768254968385	0.04097996407072035	0.013526152443794487	0.01127112063624804	-0.015463062160834146
-0.026527272522954812	-0.01673772996563802	0.05129451045843645	0.01386634293722454	0.010590316140934083
-0.0035746264629830556	0.0031353307823307076	0.0006301977291597626	-0.013090715389140495	0.028696183799602714
0.00617114873996655	-0.007081803451237052	-0.04452756509891285	0.01146405891834995	0.01210445508672965
0.01431402827713164	0.019830551461896356	0.023113267582842184	0.00023193918729695357	0.015941904460814095
0.0015409767058900802	0.014131044782828811	-0.006543323302355691	-0.017924851560958084	0.04122030901808932
-0.018475182440143803	0.01849545133949342	-0.011561740039102347	0.018051749179842435	-0.004973219631304107
-0.041671042437893005	-0.02174540298442334	0.012090497229377353	0.007061466669993091	0.029147666643198795
0.05642746967251148	-0.006144262295472409	-0.025913900287361454	0.020925415415585014	0.010010199602147943
0.024880898870554113	0.017737117711921203	0.030270298961419712	0.011280016926291905	-0.0035207723660613845
0.03475542470085773	-0.022357395601500015	0.0014643597795029007	-0.030099998483612053	-0.023699282852783735
0.059200150296882456	0.0223671624992538	0.03011344704145011	0.0010236598859031708	-0.043152418987957325
-0.027081757826730203	0.03197266912482713	-0.026776547375624925	0.004087415715468426	-0.010247506127019055
0.01850436328086334	0.004235132085758991	0.003472073995138103	-0.02765402182511198	0.015932367268074173
0.01106815319055503	0.01164631997554489	0.002935035618927226	0.0005184985912710192	0.00397491046303527
-0.010899524115179665	-0.007661833053106207	0.006421691720239499	0.013818725082769101	-0.0026144023573070364
0.02689971579405325	0.01220670713726884	-0.012936935836879736	0.011116402625123152	0.010235111186182446
-0.01283481548776208	-0.00573276795471211	0.0003990152516481016	0.023932397046189085	-0.018178360072495237
-0.022273150702837294	-0.025929435349165177	0.003442621886280168	-0.014278293547035942	0.008396594771484127
0.006888736535367021	-0.002265493011226578	-0.01332851972151375	0.00433976138142296	-0.004187621530705203
-0.04034235132639361	0.031087327617757593	-0.02933662945408339	0.005902667844400075	0.03618652765956519
-0.02227457571546668	0.021321602115784995	-0.007749214813613467	0.03864228711571126	0.01758694343848819
0.007603732593609066	-0.020513817671998447	0.01625693326105356	0.028018769451328668	-0.008270333492896128
-0.000921627618730375	-0.0199836209335873	-0.026165222556741786	-0.010552971485445106	-0.0034331149447014626
-0.007100113832908746	-0.006157035627761839	0.003170699727315239	0.05136700558768476	-0.008372685093396011
-0.000361240968131274	0.011968705812981466	-0.008078633322951629	0.03450866358878468	-0.00717162872658367
0.005967987050520889	0.0004899438463288034	0.04529463194585594	0.02235565214839042	-0.023492757604005154
-0.019127959353896697	0.01807637115068505	0.04949121942778161	-0.001965978052169026	-0.01442327829395591
0.024191130517527637	-0.015992126642261024	0.006729681519507193	0.0006735160243217016	-0.003477207059300891
0.006170222079326005	-0.006891014147654089	0.01553813052849698	0.02602602649525814	-0.016878209648838054
0.026480062868699868	-0.012537317877788438	-0.019585782684937596	-0.0045666558789289715	-0.013985999488421715
0.006784825049372347	-0.004814039326117616	-0.0012670049085076692	-0.015266994114683621	0.041936760334884686
0.01677186564724901	-0.011357049509074022	0.005108724869779111	0.02613597762974858	0.0029597022273591808
-0.023786589067538628	0.024252830246652254	-0.025093181248591504	-0.0013685173298255801	-0.03692213532286663
0.026566998429156604	-0.005995197215991092	0.011308901695854594	-0.003222173496064963	0.006681648714442772
0.01677703883486424	-0.012298033307578202	-0.011150251386090465	0.01214514506632007	0.018410766628402204
0.027443493074093186	0.0031814256115681792	0.009701087847598723	0.03948033633231843	0.027257730306155033
0.007084431183277066	-0.015737089148401034	0.013569925476234698	0.0376164226643505	0.004848944926137726
-0.0023065426551505345	0.0326251824524386	0.012035012367093523	0.018909136168924714	0.013849945369566925
0.02268464570038037	0.007750757830595793	-0.023011514263084717	-0.0027737880387088245	-0.0058213414487774595
0.02644433658055291	0.024616842221489174	0.00030532594412258475	-0.009106010940118791	0.03286647249998515
0.037955752114217	0.002169861799630063	0.02374419828050214	-0.027781176961122363	-0.016776696318112922
0.007342939602940684	0.013348298791821117	0.017755039874993914	0.0009734812157397056	0.02542955133586526
-0.014616708024646013	0.013677901632261739	0.030039927569007824	0.0409707505185247	0.03553968642180209
0.009018626313507506	-0.01945825723744587	0.03044953162214564	0.005086175856637404	0.0010225187165843882
-0.010351126222353228	-0.016461985688460006	-0.012744276114051184	0.01829965274157029	-0.0016226504018608196
0.046773834252640145	0.009315866001671877	-0.008704491611015913	0.00032013175447678614	-0.0231308070143318
0.024061611529102946	0.037246380478248985	0.047228522092771195	-0.0037674705249133196	0.025683908864954218
-0.009926124937680346	-0.03117330339172322	-0.03138982100278754	-0.00621034906409908	-0.013496531736088908
0.005200486501343758	-0.012747613683738578	0.02130309582355859	0.029038745555830588	0.01789387374130289
-0.010923387562981295	0.041790898507834635	-0.017492102668950838	0.02745454906022908	-0.02225493903411046
0.0164330459809856	-0.018354019430282725	0.03321504287965366	0.049626989251089555	-0.017253269504495718
0.00676284039276573	-0.006481068468556275	0.042008135599628245	0.04547167449787086	0.022095591252582744
-0.004909218483444227