UV/VIS SPECTRUM FOR UNLOGGED COMPOUND
INITIAL_VALUE = 350 (nm)
FINAL_VALUE = 800 (nm)
INCREMENT = 0.1 (nm)
0.8597871647075385	0.8511873111499367	0.8706817297264767	0.8764552964535144	0.871016729491504
0.88058151124506	0.8708589376102479	0.9171061417106382	0.9448620668544317	0.9333873484377403
0.9772682389259889	0.9564817865457724	0.9929095749376141	0.9540672858965461	0.9697468733607614
1.0315006587615767	1.0495987462401954	1.0343105314929855	1.0556738694054086	1.0568609076201205
1.0428891434266865	1.0884232759039034	1.082194562893835	1.0816825699745223	1.079488547029658
1.1295604801701062	1.1476275219415752	1.1568723790135824	1.2192489327404883	1.1818945097777727
1.2419013301582706	1.2195903795915124	1.2163962445552918	1.2702137409704215	1.2766563730624179
1.2382782390061104	1.2797609302337674	1.3166206725982548	1.3128051665675529	1.351044618779563
1.3591146892783774	1.3458039519093083	1.3696433824599028	1.3601323899555127	1.3581937022784707
1.3899299587057767	1.4054364043771241	1.4264595765130887	1.499721630062264	1.4660822110465008
1.4655749487392467	1.5009479018419007	1.488244989770414	1.525139301621403	1.547909245656392
1.525755968984422	1.5500778963696107	1.5383491962939868	1.5890060315691719	1.5887952443640827
1.605842129329139	1.6367971235739114	1.6085281564978189	1.5975845209747128	1.6941365614133963
1.6539074481942615	1.6663959791748968	1.6313028564329803	1.6703510006913838	1.7013142398716863
1.6655929007665358	1.7482801616219381	1.7000843975686848	1.723388982783548	1.7147780527529177
1.7290319910089618	1.7469278820574616	1.7403008530320665	1.7400247562173732	1.775836649476993
1.7278888065111495	1.7477658504128657	1.7213485473763306	1.7815978148599791	1.7877698350255569
1.7802796003365475	1.7131473893501277	1.7413678134663688	1.7402213878060573	1.749656913770363
1.7366857066301207	1.747257745022868	1.7458966572575427	1.7690859579428329	1.753297870694239
1.7532346922506314	1.7595421289306166	1.7569392246452329	1.7491478510788128	1.685223531251015
1.7435079434862741	1.695405576594675	1.6578656407894927	1.659376442895472	1.6494697649065666
1.669767268508141	1.6630245895239386	1.679739442565837	1.6530528203352994	1.657685754554877
1.6036937383117102	1.587407574886899	1.6077655585451816	1.5858091611934149	1.5892309498922397
1.5750141899726726	1.5774133701026556	1.5399067641481732	1.5004194007174658	1.524441652355852
1.4850586839934035	1.4817547540636076	1.4977867727984677	1.4506888834599299	1.448236043534364
1.4132893347210898	1.4456145969929253	1.4130823006520212	1.4502321364374782	1.3765044320648863
1.4091419009723885	1.3179443156862563	1.3686530579894756	1.3477680249184765	1.280308395902502
1.3188476670984368	1.2601166973011786	1.2879401705086482	1.3008699176883805	1.2174875117705763
1.2140667234044265	1.2227854037091381	1.216591768879478	1.1813361021856765	1.1909309376649533
1.1573505325755657	1.1519086846481414	1.124979058914779	1.1015816792875053	1.0738555384002024
1.0942097916083546	1.073899740347855	1.0472230486471064	1.044414077315821	1.077379467361228
0.9949914754011163	1.0319118361615456	1.0379505552492059	1.0347273077344934	0.9664430374100679
1.0306949023472474	0.9748325170055864	0.9343172956250523	0.9397944038802958	0.9280703928872802
0.9192567636185435	0.961474159523939	0.9292846644015916	0.915288587486938	0.8952757369631569
0.8549919694359293	0.84415377368363	0.8202589239106718	0.8364833759769847	0.8118204188876451
0.8066738262470872	0.8004918729127384	0.7985320301064454	0.7870594308503861	0.7924352247229941
0.7922085327191689	0.7514595221600695	0.75317132847863	0.696833632796067	0.736622479968184
0.723114681307247	0.7515309690509938	0.6940872180717161	0.673027511768828	0.7062722816686656
0.6741587734388808	0.6320165463976785	0.698283062467133	0.6766291263509007	0.6468653007378397
0.6130881874038511	0.629231311442712	0.6143752692032349	0.582159268502875	0.6256703549632262
0.6141321321478141	0.6099756774784438	0.6066531641946595	0.6064790143007229	0.5604835016922124
0.5857241966945899	0.5874051724433617	0.5637997356187181	0.5518098776229603	0.5493882319827038
0.5328464457479779	0.5396388729440378	0.5607646778202133	0.5556680033758138	0.5147048409274448
0.5713999251159056	0.5005618668076451	0.5450378206636736	0.5040703769088678	0.5077506299116804
0.485484092398038	0.5160698543726283	0.44988220490754605	0.4831969582568863	0.4689508732454765
0.46510199734765956	0.45571792045074416	0.420329708202585	0.4312774777648943	0.476185852005215
0.4644143733371608	0.43649421535506083	0.45505080937250325	0.4520393068923406	0.4353077427658438
0.4518748758467351	0.4261263368143068	0.39642980765136804	0.4091005929453715	0.4231415944186776
0.4318944526946252	0.40644172010454	0.428229924838624	0.37327467235993184	0.38711481549115956
0.39753013149802935	0.3922857641848043	0.39236673209670375	0.3473581925849662	0.3550782843712147
0.38357987319091225	0.37105363557465854	0.3460480602781697	0.3823822049023584	0.39167640254021524
0.3451007477594707	0.3329311745367155	0.3510460362892098	0.34231565730930774	0.35548590347690273
0.38812188350312654	0.3233634234633121	0.33293136320461003	0.3391201814391294	0.31059748897599343
0.30179617427077515	0.28824908533298277	0.32760111850016466	0.3178002029058497	0.32945288097095954
0.346545387560048	0.26997421064633176	0.3018618341437517	0.29009244954408825	0.28936607639156947
0.2903490666173531	0.2727614442288496	0.25643212387320796	0.26129782630621906	0.27485765643143045
0.26566589674472146	0.25878152878611405	0.2689238918076443	0.2681967370503062	0.2725293444669095
0.22757659253851795	0.2727354968070946	0.2616790875796471	0.28308689376657953	0.25599734456504897
0.2834802994793917	0.23439739149925531	0.27629326121826825	0.26445959532813723	0.27066662469099667
0.26384508374168064	0.27030727510100877	0.20395945927313672	0.24067299138941597	0.23835583931765655
0.23934449428959617	0.25875858669851914	0.24628614762373946	0.23163500821457797	0.22204766251472946
0.22562393607115802	0.2323818227597159	0.21675317124691837	0.2596972798410501	0.2015294136803333
0.2645925350202774	0.21454519604168285	0.22788867300260612	0.2161031872723373	0.23412149974393712
0.24958823540165942	0.18277011226604775	0.2344769539490684	0.20178562596308178	0.17542795432109715
0.19294009259102685	0.20321953139605822	0.16568358252625848	0.19464671238112435	0.22229919885231325
0.21950501620088725	0.21431072604044912	0.17373862308367077	0.20451300276653853	0.1575255837338233
0.17243337605163714	0.1621627216094092	0.21058870690458517	0.20752606469078883	0.19439639564304653
0.22186986234803804	0.19605923131381167	0.1977983663877524	0.2109652560428857	0.21016664511955307
0.16697653834065743	0.22554303378680882	0.18411105829516192	0.15655370452379888	0.15886065674552743
0.19346990437215383	0.19963967686923112	0.19356035402145813	0.1373342163902242	0.19503171904539057
0.16372670033788184	0.17182578375218416	0.15634456987218892	0.1665952286994977	0.1750759194738456
0.16268839619470546	0.13566985023152045	0.1693781368206011	0.1664792640630532	0.19136361909138125
0.12731819515036366	0.1790630514089282	0.12459322087713048	0.1159043235300749	0.15163253611427202
0.14570707164174757	0.14243669062446046	0.15499636812005332	0.11835922544073378	0.10136940867744144
0.12385125744015454	0.18447254297814847	0.16482643625166415	0.14048281788946435	0.1659552617182358
0.11790946503746516	0.16754374899051436	0.14390698880722907	0.13896409008714694	0.13430200862673145
0.1662617163639262	0.13364250766506905	0.16135105119363882	0.10368970077086874	0.09253069101686268
0.14439465830323753	0.1333398087870183	0.15274243629988507	0.1408023924991093	0.11336423421287622
0.13818361662222575	0.14471829932814692	0.15955468029954434	0.1376240944128217	0.12397443469173178
0.1257303904380836	0.14799135202038988	0.10550109878950197	0.10640473387315305	0.126937456181198
0.11467718791196826	0.14762207902635033	0.15073064168846087	0.08779390729758595	0.10423843000638428
0.12648169505249243	0.1133277953601827	0.1394785408673883	0.10253386050950271	0.13448602414562644
0.11023355331435408	0.14355555559471592	0.10626106321456286	0.10787674428383232	0.14885049959290178
0.10120333780908111	0.1069222039427532	0.11206370538599417	0.11282308237447718	0.1323084063757723
0.13497317003403114	0.08346674664499278	0.10644566085542231	0.10878148496239504	0.09911167821869869
0.1161859554345204	0.10380626825028065	0.1243966053323422	0.09740276875243462	0.09900603417939022
0.09749404776336823	0.12347252218818364	0.12970214207163397	0.1294202574984562	0.09502672120138775
0.09410460221544521	0.12451165228178399	0.09172193802598724	0.08261441074587127	0.08356016203494554
0.08201577396666938	0.08494682203704992	0.11257452495762701	0.07538301015700152	0.10706708720218289
0.11899738939197445	0.14624144904383762	0.1076051412939296	0.10288782605752377	0.06655811897595117
0.0629426503626689	0.07769981476177841	0.10369085343280696	0.10586539662802243	0.09680964752183142
0.025864406736567692	0.09810420677041318	0.08739762570111538	0.10659419604106822	0.0800554423302101
0.08147887964936419	0.1251131797174276	0.11093303977069746	0.08746380947812568	0.10247141435137436
0.09567592450644193	0.08799570800632829	0.07993843268325364	0.1047380520248831	0.09313048421421227
0.07846985788394588	0.09108346496685939	0.04917319436304935	0.06753879449802634	0.10353167145278888
0.08783317509476718	0.09611876026965377	0.09331275670142801	0.08133574754589229	0.10031896770113938
0.10461705026531451	0.0654889657078552	0.09070262395616868	0.09638007285673354	0.07040402204908995
0.0469296295241925	0.08873874051741454	0.08274032078397985	0.070973305110245	0.07107386252802865
0.09128454620271466	0.07369974585381045	0.07804576332861965	0.076757741253039	0.10221282110098259
0.09350020244422469	0.06589174578301074	0.11635919392120661	0.05733590399535358	0.08539745825002691
0.08678183030139715	0.060990222562052165	0.09604542417376906	0.09217302657142373	0.09317090660874298
0.08072320528433538	0.06908017652733776	0.09560721722497652	0.10938612499290289	0.06430906686623084
0.10065740198468373	0.05501937203576816	0.05697318531921779	0.07561116240742279	0.04930604629306917
0.10828298372987884	0.047831146733275556	0.06680044339559822	0.12269734329970504	0.07096275983127437
0.07890270539712631	0.08155386462548521	0.06392240766751738	0.02583766753611103	0.07482695623089004
0.06554156256924239	0.08900025025439702	0.09621630227704803	0.07190332311013842	0.10046750805414287
0.038375002001724896	0.055499613118205594	0.07101115403040655	0.08119147349107396	0.10927395196803551
0.09485446873015907	0.08136517628212017	0.07794896733232205	0.047406557806120034	0.08092309649434522
0.09254498034762347	0.07043527868097288	0.07790583628320255	0.06114037055709673	0.06100952381266191
0.09224606399556053	0.08352873305067546	0.07476146111814616	0.056553621429058384	0.06593629974389345
0.08304379087711425	0.041697126658902774	0.06467571462565021	0.07410432492308935	0.04624610245699939
0.031295637165202124	0.07145280626032649	0.10286937534941497	0.09238997327828405	0.04189797223939441
0.05242973955830764	0.08683285281119081	0.05830885446947963	0.08328469323851713	0.08955340500430183
0.06165376762143326	0.07581754748592892	0.04600514523796689	0.056770683722463904	0.048416916561257656
0.035833513120291115	0.07745457135474809	0.10025317249968026	0.05786991328027658	0.06146365924861666
0.04991908699000027	0.04463076908786325	0.08484588780267997	0.08641496618877768	0.04748211315617529
0.0648582085259885	0.06868265534540151	0.05788454551589937	0.09692660170131145	0.04104158866540055
0.07099281394557824	0.059724401689527584	0.025625821583877127	0.03785983870081358	0.04560904432651884
0.06950029470042601	0.051089037906633876	0.04824727592410759	0.05812851818481906	0.0511094292945837
0.05722421931058172	0.0778350490078856	0.021886964584956297	0.05477682774361651	0.037340672770055344
0.03457311081226239	0.04524218294970609	0.04120860661267009	0.05494265876591786	0.07155754553226666
0.0727228387066509	0.03267006718706279	0.052859041066564465	0.04989003546416792	0.03646500564271096
0.03461369802772096	0.08791564986258797	0.08594664190955431	0.049610821043188466	0.0804462573626045
0.03334719651469535	0.06007851328133231	0.06962683256848343	0.09336157396354862	0.06595200917386697
0.10128909474144636	0.06959437726137196	0.027392440857129573	0.06629797078289897	0.05390065319503375
0.10058066792632522	0.043997941442257923	0.061576858981858024	0.07303545802961325	0.05891448827317234
0.05460119037509936	0.08154140388564754	0.07521560943051235	0.08256457683602289	0.041683401999989225
0.02893565976663634	0.05756131977736907	0.05167734402538106	0.05456024223494421	0.03268684575876323
0.08452313008429428	0.04802134805929234	0.046302299322674545	0.04557348708927958	0.08665630678279333
0.028894232493687326	0.019928581892228375	0.05809546895548294	0.06761034536297117	0.0552746927393187
0.07184906393424052	0.08477056658217902	0.05117325634837759	0.056843730953943086	0.033012020391227505
0.022828161459147234	0.06606009963138706	0.026253392250147754	0.0706318786710712	0.03583768762875535
0.0671916671018062	0.04473680187470726	0.06157141119977031	0.03786034235276599	0.053836017412465825
0.053926644299470895	0.035229197483577196	0.03164461858233478	0.02963996506272744	0.04391356546231039
0.024490572946836455	0.06837845553443946	0.053693016252589786	0.02079553004672603	0.05520298921912186
0.052707017108512964	0.04325787452125718	0.06695153667713505	0.0459598860640317	0.07310317213938708
0.03167923551231259	0.040246481217547696	0.10363594858380373	0.04803834824232654	0.04158680168888487
0.05705196773275678	0.041449480846641434	0.03875474584396367	0.037468948220358816	-0.018897707765412594
0.06240560010395678	0.06775356032315281	0.035408956876374055	0.05086394511120071	0.06044294332877121
0.036083497436702326	0.06277165320430271	0.07350409292325957	0.07524843769171825	0.03554192050716032
0.04777100138911518	0.07776381897300097	0.01607550184701221	0.036928152675200866	0.06586981643538355
0.10017588570972308	0.015156108518599425	0.049733713201214697	0.05898882271273743	0.061107246619769705
0.017013207388539703	0.06991322667414747	0.08359153757576762	0.03370298896018566	0.07540763814154613
0.04130728947623987	0.008212406725440921	0.045900194921871404	0.022893512008178782	0.06883084135803062
0.032800735990647874	0.01608855789946939	0.07312799999510693	0.017451770294270308	0.06964709134876733
0.03376522894758785	0.055738157633350466	0.03313442754517121	0.026480108235949536	0.054349450397797226
0.0511433823187418	0.08009509232462804	0.029764539889965635	0.045625314044757	0.014040964128554656
0.013373818565304976	0.028858862651355503	0.04627181789108184	0.05807549291784051	0.08336908241904975
0.022296730497160768	0.04641643384669242	0.03995546875590125	0.038472141165694695	0.04967259719711779
0.05027424869245192	0.0923282321762183	0.05555388202169427	0.07749632420874197	0.04678943789112462
0.04856104775167677	0.013083886612028745	0.0326120095597156	0.03388771553961997	0.053129312646679444
0.03395210794404121	0.05955856245573845	0.0588740019651696	0.062260184693435784	0.01725122763710228
0.03649897922869182	0.05548803734634269	0.04264864417621711	0.0503370419789624	0.04915661968106859
0.04871292487834228	0.09557243473464394	0.0757533021644642	0.0686828677490954	0.01967451784289419
0.03359183997322591	0.06399737902905836	0.03708184097360076	0.04811716926957695	0.06229940176849331
0.01225138498693778	0.04301944604600784	0.04095535910413353	0.07561075811991053	0.0579422349155443
0.08405638658824259	0.019310988336821218	0.04874580803640204	0.09073798725796807	0.07036582739756643
0.06258457250849944	0.010275054930139953	0.029748468760636634	0.009790539865947936	0.03935692706178355
0.03420053209386059	0.07857211555509053	0.04033950775725284	0.07886695987047579	0.010439499715460503
0.04483169878616123	0.04353691561154375	0.05160421493846764	0.07058131744024158	0.05370528439058844
0.031873760028953334	0.0675123460594026	0.020953525081991786	0.0975557341596567	0.08334154283503664
0.04506904843978808	0.03564316701323282	0.06212904581708757	0.06402581885559533	0.0353114385182081
0.015290678999185292	0.03434012610922967	0.033010879994656614	0.058774322603329814	0.050117433310508934
0.04161394596245498	0.034802190169822486	0.05151268432136606	0.04712954236393735	0.03729478509618784
0.07199588954845679	0.03450397001225437	0.07915021000937765	0.06146227813846467	0.012655346400213343
0.04134836429666469	0.07843715423230797	0.033090446254398484	0.051414370348931	0.07420856717857394
0.014066563401523133	0.06268727326810582	0.06327731437100234	0.03062429502090358	0.05836571547654998
0.057424086640734034	0.05901597831623419	0.044364185482461876	0.0509596155730973	0.029828988219265357
0.054074712456965005	0.04079599587964449	0.02627157922553952	0.020753319683892473	0.05586615786045937
0.06847759734542083	0.03269638533550225	0.048804023103745445	0.04601097738694819	0.08297717870287726
0.0741172869886674	0.039897469490265784	0.0459611957261588	0.06185989039228558	0.01918519458744041
0.03257346283166579	0.014141764851055665	0.035895171978031874	0.04071922301339078	0.014658101684363477
0.050259371396790216	0.07420134081892273	0.051117842298821214	0.04078877870431193	0.0015347746935967695
0.035953870890761686	0.013858124235460616	0.058529789010261776	0.08030224186553686	0.06255202302186254
0.005302280817010792	0.04777487810420385	0.07480636964995412	0.00512788199663025	0.06381577971262746
0.04372011831750515	0.02319020500548547	0.057961554094511605	0.03420210952485134	0.07310457313934196
-0.017415477662411964	0.05912634999052154	0.05810314362107545	0.021725364566865725	0.04969160018747622
-0.002554062191600248	0.04873041889851042	0.0316688135338765	0.03344405069308142	0.05985202746719063
0.018775951039385886	0.052424105823670714	0.0376210173179261	0.04883386126236461	0.04706531323924805
0.0050702284393273275	0.049316105905810675	0.04178203753881115	0.02982213888927536	0.08163740197749356
0.03292191263658451	0.06957687902585645	0.025480307968424223	0.0615589069460493	0.041833418327171724
0.01803159899520185	-0.001120955002683258	0.054064944258102786	0.021485659755787607	0.04327331391099983
0.025409240417510012	0.0328066881713706	0.04913101000421202	0.00980006685599711	0.048258690095950345
0.05463577745321027	0.051487414934063086	0.04942887149455297	0.056595072491215835	0.046270357717302604
0.032939998171419	0.03668355913290268	0.012418192388043137	0.04010691536456969	0.08609253057706232
0.04252693758693735	0.06970636427547923	0.05700594088595574	0.026155515022609745	-0.0032892080646789966
0.057982809180088225	0.0491718703528458	0.02911458366977187	0.035235431623988234	0.015487678181323718
0.06316754838124858	0.061349545816265866	0.06224925544392114	0.03576980386508018	0.03164925471399394
0.03607303760256837	0.05444444467466224	0.02635912585255257	0.050281970202481846	0.01818487092730275
0.03742067693543311	0.07030126504684348	0.07574386235539232	0.02370289074884381	0.02565703221101112
0.07232125843642356	0.08250699141887331	0.03723401919556989	0.026899165612060315	0.006819751959494819
0.07157050946860374	0.014897360861625242	0.04052752112318187	0.026992647312082996	0.027490068078889006
0.031239276439450802	0.010504081145142185	0.03574786100341825	0.03816562646811872	0.021180970478132537
0.06904146552555905	0.03674841511580371	0.03341877212043762	0.03210621413346062	0.006862867358465971
0.028104460302245858	0.07640037009046038	0.02968258379181582	0.024400298056080308	0.07034084648963088
0.04115253880446889	0.06309927422112355	0.05990893105512509	0.058538136779917975	0.07691196997275838
0.025030131412182154	0.017787253861364614	0.027705653266681243	0.04367338526112615	0.05501572423408406
0.07506920538898447	0.023609297780006165	0.07065363948597868	0.02648403185952748	0.04714592590535906
0.030760883546675555	0.041619744771709315	0.044064043863931646	0.061513096347828214	0.04050688564408303
0.04429101142764681	0.025552731633137187	0.04296572532592309	0.044523597249054726	0.0597549712328504
0.04340336999837282	0.015331447966720676	0.054826705302036385	0.06855800444476431	0.09754948900831029
0.025554201720109658	0.04173484517520559	0.0856532420077851	0.03647728174046802	0.02639353469319201
0.023702927018604245	0.034636334936194266	0.04195447234456487	0.031859624154455896	0.029181157150228558
0.050596503375340204	0.01229226223253997	0.039888963559254254	0.028683350370815937	0.04080443283800292
0.05911379597875094	0.03175538619153406	0.06804129991780428	0.03885002003006077	-0.003017213670431077
0.05263161662496521	0.03871822768280281	0.045030057756088225	0.03928408645597972	0.04768453855359355
0.05260678030386857	0.04354368597142767	0.03172187285841623	0.03411990195061441	0.0502154881703429
0.048788370861106135	0.06413191550906722	0.057741671243402876	0.06898275706705048	0.009027122117616162
0.051452053405418544	0.03898031749995075	0.023310561556572944	0.07581192048283626	0.06016912373621795
0.0686696908062639	0.02431965324144041	0.06087015538527611	0.013569218485448028	-0.0007490657621821127
0.030515471651294968	0.037606182325690476	0.04762083654998163	0.04387052641263154	0.04561688219071
0.03152151814348734	0.06561399795306534	0.04740481229266035	0.06660871302899099	0.055950172340823584
0.03787859116199165	0.0327413209279398	0.06363120819547852	0.07866387062394678	0.05082831699294243
0.030342356262193802	0.03503698235689591	0.08025714862483979	0.028977849799161494	0.025037143451000173
0.03692620940657243	0.06164660081019726	0.04816584772819424	0.033196945435260646	0.03828826801433381
0.06994684749390356	0.03284846529302646	0.010426569610122716	0.06578037928521265	0.08376773740202842
0.06843282819341358	0.02613019215208	0.05977219550614084	0.05019370909637694	0.03989726169574293
0.04247872358567977	0.04946189630036252	0.01890538074988815	0.04926378909907663	0.09864182406706808
0.057176124540588534	0.04486499442516107	0.0546041722350593	0.05067041827731766	0.038123701504027316
0.082964806455192	0.02954596858331593	0.033738305676702926	0.053479439320107444	0.06690532867606444
0.05836683670970182	0.08067769332531179	0.08111963503184559	0.04002163848429342	0.04588355401279963
0.05235905308888572	0.09896508015958026	0.020246476647474004	0.07134931101466223	0.06095159890913976
0.07222717508319497	0.04820255624079749	0.06345004147808424	0.049957872831172784	0.0741950491072875
0.05560455577303117	0.04584024768120474	0.0475316475294367	0.07190572955242265	0.03407417389433727
0.013117967893648975	0.06075833037509902	0.06431498409753227	0.04782252210548107	0.03862229861301819
0.04913270113424842	0.05064309448773757	0.06628798518109982	0.013202001166997004	0.03858898935642657
0.053285055731072964	0.048366488376030754	0.066214330783342	0.05518894117047354	0.009499297111750914
0.06151072780491634	0.06301861287867418	0.0917974699544408	0.0526173607593122	0.08788982779731598
0.04337095420240693	0.06756831682252042	0.08326380270576944	0.04613654764471537	0.09497860517482677
0.05201035920482054	0.0745450642564337	0.05490012872153193	0.08985500932399709	0.0694112867148205
0.02786259349453734	0.05942267312582463	0.09843682408364718	0.03939250496022659	0.10736659207554472
0.06100251469039714	0.049155868375245444	0.0971727905795096	0.06589557886910687	0.09333674865588835
0.043828530883358426	0.04939647238027993	0.0688147361457446	0.04069654679178947	0.04173750951382114
0.07408345020027	0.05936005392498886	0.06435048316984436	0.08877369758935541	0.05514892635560153
0.08056483441933254	0.04274370835311712	0.03765388494738015	0.06925644513046861	0.06751327519606891
0.1035303843622134	0.05850966697738346	0.0490308079287809	0.05272679390912467	0.06621357159469783
0.06009832902314492	0.07421040733604131	0.10728520778068648	0.04962640061409679	0.08878599154319045
0.047564170797362	0.04230825351569673	0.05458861291454796	0.022584211288851175	0.09699467163824244
0.05837025790828567	0.0913409299999289	0.06046628469077679	0.07378286617354982	0.03289176172505773
0.07793080732563971	0.08055830377506873	0.08647632122243852	0.03589753817626906	0.11645987133442211
0.08617146695603517	0.07878894433523889	0.013965075077265998	0.01871231610889708	0.06807289899777551
0.10740787585089406	0.07518127559891058	0.06550594044619455	0.08225328784360285	0.06963842443477543
0.09135777877605201	0.04849929225483471	0.05319041729932927	0.0783519747014789	0.09041629029713248
0.06649782570691623	0.06163259112251645	0.1033843502276109	0.0824997420998982	0.09342500615645716
0.07490416210625889	0.02828548694735541	0.06260328898089393	0.07151964893523673	0.08151828391823954
0.08252960147914717	0.06490217724260225	0.07679356728187231	0.0520324953783415	0.10402883296223805
0.03546890746999615	0.10631539968565053	0.07559831711471289	0.07649806628604461	0.1018472341858077
0.09381506189249204	0.07365730164175159	0.10253266913111406	0.04717876397159101	0.06845138268228203
0.07627637049464744	0.06736243390015455	0.06492991318036312	0.09549673439231701	0.0770074661257658
0.07485924804285621	0.05182782473958353	0.08908271331419229	0.058339149797525795	0.07866339458758015
0.10234684243927775	0.11193679769309964	0.05051949877172997	0.09609338392477021	0.0934729670009725
0.11574580612949223	0.1164901925004316	0.08446190003374779	0.09561680640121818	0.1493063431589899
0.07848837522140556	0.08655262854194064	0.1068859454020421	0.0878427720186849	0.07265373511185158
0.08449458878211244	0.06854812062000407	0.11734715652064592	0.08933483689847949	0.0979288774721011
0.10227580148206367	0.09924221251418235	0.1328243167793765	0.08688470218569695	0.09532266219156857
0.06984490778506901	0.11914549194973724	0.08635414592244756	0.0760256727800788	0.07959196272937925
0.13977691134777365	0.108205742567225	0.10022794132822303	0.12190356003768112	0.09917298386303959
0.06684324560538782	0.11087078959764729	0.08534011116559356	0.0606333841316522	0.0836332343716134
0.0740527937427003	0.11163083009646461	0.0963162253900827	0.11867282719109204	0.08168198067477404
0.08233347861281137	0.1136025690828713	0.0711750583076205	0.12644328604825772	0.12860878420555838
0.10527532468020886	0.1011311414599122	0.10173608081984503	0.10097567129051269	0.13817818652245442
0.0947787923708709	0.11966250816606189	0.08795463466564303	0.09599785672676234	0.08385537263842513
0.13037875425892703	0.13807613208213657	0.1036768988490147	0.11177181627846076	0.12759723801267367
0.10974287919250499	0.07010561440492545	0.10926254847866008	0.07619066837241727	0.12931929635879574
0.0892259077249065	0.1262101798130382	0.13315984493992847	0.07371054602133853	0.081494495602889
0.13671399992343972	0.1062487846034127	0.14123642518483864	0.10661545702183055	0.13966050993936352
0.15333520684934507	0.12955827338954037	0.1121189686924412	0.09641573821805571	0.1197315494861438
0.1371492993361442	0.12332730758640384	0.11846704319387505	0.13748995316196666	0.14534040433091966
0.12880950761770285	0.12797690660143193	0.1705835663952754	0.12527677636145587	0.15761760530340244
0.13358791580008642	0.09685839153009826	0.10285116876004531	0.16380176839058308	0.1424397922943325
0.09640235110192849	0.12077272549461306	0.1323391244488722	0.14959099746334203	0.16009276477651677
0.18157418132120853	0.166622657685695	0.14971658616278136	0.15550491248918724	0.15482603048554108
0.13984400823538198	0.15582612078439462	0.155739143695099	0.12604404977588454	0.11273459882508502
0.1529481446885003	0.1884226371253572	0.13398297502810336	0.14760556906635394	0.1323488873083603
0.18341932530007218	0.1426623168948658	0.10087867645916332	0.16186612716483564	0.1583464704553136
0.1493330280934924	0.15132573254405338	0.14964552106827145	0.12269320007449126	0.1825572783763663
0.11577357202528782	0.15630784716856458	0.1989295109335314	0.19735277671447152	0.16712855185323564
0.1746964637486066	0.15775694309634672	0.18163355622953264	0.17983963107103826	0.14950131882978204
0.2114444787856878	0.1986408150700149	0.1903790173257971	0.19413193887305447	0.14123035614267535
0.19233669024416003	0.19907668063558134	0.18980904957727407	0.19098136351924666	0.15691360656176512
0.20933311356221168	0.18696380990552455	0.20738587640016634	0.16489104088126647	0.18185802841602208
0.18063415373894415	0.22418137257669163	0.23090432115460202	0.18194072702317657	0.22554643105878253
0.1981315679892989	0.21431490109210072	0.19511828971166748	0.16404824516315933	0.23338444332598215
0.222081161515835	0.16417552024639342	0.23793053156553176	0.21900299597792128	0.2197391645373354
0.24123616235155834	0.22871136374534076	0.25170429545597606	0.24242773285646577	0.2114959137510804
0.2279829124854255	0.23830118438507533	0.20886752781536025	0.2445400386707005	0.18465956272515036
0.22419297246712053	0.2310840376459628	0.22137288966992627	0.2436201997103418	0.229784096331348
0.2439036576126735	0.23090345648349617	0.287914872170162	0.230686214532884	0.26887896458515115
0.23741945249928348	0.25532158693571866	0.24341972777970589	0.27646555328595196	0.2394907271574065
0.2907535861206154	0.2686958077099665	0.2945704310269555	0.260658493898347	0.28221724562531525
0.26304107413456573	0.2822312829809953	0.26226464497355106	0.2774385342372275	0.2495012608721653
0.24048004738569462	0.2974931629281392	0.2536365643397183	0.32150979202058305	0.27041531424765314
0.32516362378971847	0.2595368233903522	0.27966890791776444	0.31457250853223595	0.2974522242901462
0.34258900230479006	0.3468140097020883	0.3494667469463639	0.29298319169198106	0.3336243296906328
0.3476197442144373	0.30429097672873073	0.3373472381271932	0.35334938838145513	0.3703298393389507
0.33083900353320106	0.37381195948480983	0.33480049377181176	0.3744324289628643	0.3611694201240594
0.35880998506412476	0.33396150557328447	0.3567195015258547	0.35006010021503553	0.37779219482894205
0.35172807179501425	0.37987246663644925	0.3986266493351578	0.42538604533743907	0.4120432339807279
0.4486250436271107	0.4002356057193043	0.3501906510749544	0.3981822267807111	0.3756252949000268
0.4298644026208639	0.41996502253568896	0.4834162441047315	0.4329533774794844	0.44369324177690783
0.4372486181798954	0.4603493104207578	0.45873189356908856	0.43298097198820173	0.4636305992515037
0.42768361286436984	0.5031959513893156	0.49416776916359545	0.48744868502336375	0.5051517746855874
0.49584663144746494	0.4999331680904822	0.4982608792273452	0.5064519391001435	0.4658548462870101
0.4938518554220277	0.520947963051409	0.5142898990115071	0.5019816052393385	0.4987698487911797
0.5334208734987056	0.5166106049360308	0.5760823767009602	0.5647698059477955	0.5744769247042424
0.5319630382774085	0.5975696855508313	0.5848115213155533	0.6179584511875006	0.5907853287757493
0.6566793351313928	0.6071651848387072	0.6147177620621862	0.6392148005053754	0.652703507194918
0.637309742131366	0.6329819754727269	0.6250537424507842	0.6140427142560386	0.6611987240539945
0.6939807421745235	0.6519466224369733	0.7082659943085472	0.7249497762691336	0.691722115848053
0.7130653987581645	0.6933587930765598	0.7259989547625605	0.7185137058434595	0.7752604465394687
0.7766876585149469	0.7466045059694763	0.7909224775051414	0.7591096905354134	0.7896523081813659
0.7785175657432226	0.8092284342189388	0.7992357804113653	0.8214511841462533	0.8171492195039722
0.7888434026976842	0.8471359981359093	0.8427136550356571	0.8696980960932627	0.9129395760311114
0.870595325826087	0.9081033558151538	0.902573601799563	0.8980005180315579	0.9329003514671638
0.8831320019861653	0.9610098669079408	0.953702233227994	0.9436289166479339	0.9303509683816504
0.9881410460859137	0.9950247513751752	0.9660754748698457	1.0098566333451433	0.991637587398321
1.0616902184078176	1.062811836947661	1.0203610114697832	1.064664126165405	1.083156473747495
1.0843344837423894	1.065341518719044	1.1178028126053705	1.0799344008119138	1.071884844508097
1.144749660321618	1.1414347507732787	1.142017650439421	1.156844327030977	1.1416284737081497
1.1465264958421735	1.1489496363858511	1.2018424614417909	1.1864749179713874	1.207376103564121
1.2253489496151613	1.2071980779273161	1.241477725672822	1.2586928294690927	1.258944069703269
1.230821271187973	1.2746756029578346	1.2676608809587036	1.242866303604228	1.3050559311896706
1.2616684241453429	1.2779107633752673	1.3154427813799354	1.3218756652228196	1.3084855546600331
1.3015726082920793	1.2884540954274024	1.3017457586334362	1.3280337114264356	1.3264753345454967
1.3388153962064782	1.3433219881787717	1.3284802445191042	1.356313106586563	1.3699081197682383
1.331121195039077	1.3152478984507732	1.3412811172039099	1.321841536018823	1.368049562481017
1.3778868653076368	1.356810566744837	1.362568573842944	1.4088695063038654	1.2963269877035648
1.331053107616614	1.3505293387015462	1.3480379863692482	1.4073178156693755	1.3588998272373665
1.3336753778413344	1.3490384161519684	1.3295392902430432	1.3153878866837412	1.3490801489804194
1.2853767214228546	1.289383358211955	1.295940368090224	1.3030717967436196	1.3194115765943135
1.3381254413965842	1.299950859038451	1.3224315382375136	1.3098630879563968	1.3201518754969905
1.2395954204104878	1.26749741672027	1.2495104928876672	1.2569420739037491	1.1955651221183146
1.2294429065522723	1.1946436030230971	1.202326025235551	1.2107335458095778	1.1854165411134272
1.1528252637693366	1.1889992353695213	1.2217182329409957	1.2026598462591187	1.1609876323485906
1.134779233699088	1.14187168377743	1.1611048132290238	1.1699276780080718	1.1139687424066944
1.0938891558903883	1.1123385459635693	1.1212512899051699	1.031205451045212	1.0592356250522776
1.071368362433891	1.0383279175871012	1.0385049481084458	1.034588821110762	1.0260915747168278
1.0223622142204964	1.0110619172623245	0.9450537215849362	0.9854784596409895	0.9939945391984571
0.9447917757371405	0.9881037866894435	0.912418468073918	0.9371784555969462	0.9432367303846988
0.9314581466032913	0.9185945853005119	0.8470233644080314	0.8939929585277212	0.8767762097324556
0.8996675602018888	0.9078330943503022	0.8509694088054262	0.8388948723365272	0.8303002846214883
0.8020225804457942	0.8128687813801604	0.8241825817539896	0.7977735491377057	0.7951325042969437
0.77566606105434	0.7958250483550792	0.7329149015532687	0.7569734579808749	0.7438406231199143
0.7471516871629074	0.6848754541325087	0.7292388562428566	0.7171237068188353	0.7313988405038652
0.7288011142335425	0.6779362850239701	0.7267518474411654	0.657078575475225	0.6602682121532315
0.6510936172659566	0.647277367394272	0.6457589290441964	0.6678867986489263	0.635043986303347
0.6417318436331116	0.6603671325135319	0.6150520617747812	0.6619822568606599	0.6095268801425014
0.6125032400063994	0.5906522261916917	0.5905776768109403	0.5214854808201164	0.5951512321279167
0.5752161292595003	0.5645380289529585	0.562823284375301	0.5610804592388093	0.5459210816205052
0.548293168836049	0.5354317778156725	0.5203815313035659	0.5153292541608829	0.5243367429288535
0.5153573777319255	0.48710366455324844	0.4898100367545714	0.4861039130993147	0.4720128590393014
0.43891595063105515	0.4921649410436834	0.5246882259707558	0.47023694980913433	0.4943037579082847
0.4654067908280316	0.4692845773869634	0.44519407449986403	0.44504053521178955	0.41921884324314834
0.43239327407653827	0.4197550512835975	0.4223203382272571	0.43490032841233106	0.4643818022089367
0.44874488494188997	0.40797918838056113	0.42162958467091793	0.4553664381315794	0.3977404662247301
0.40645404776209404	0.38233483011922276	0.4226662105257811	0.36586412322651074	0.38976479086589255
0.39307680071983486	0.3698559098574056	0.3587978552276409	0.3560438979202256	0.36343868805330154
0.3078505236778413	0.35820169228357024	0.34483003982659177	0.3559959575406879	0.3547766655576799
0.31365263843326097	0.2986672377389977	0.34076162004509564	0.32296119805742224	0.33004178930839767
0.2759223440836658	0.36708145023632266	0.3127937705713796	0.2870065519176167	0.33027498910000025
0.32053424950524606	0.317986949105521	0.3194026626940302	0.2895128452806541	0.30989181453366527
0.32481514545258844	0.3370704962891539	0.2728244141085241	0.2547439033200587	0.2919307989861344
0.29456701758046133	0.2827919411691804	0.3173215153883946	0.3017431139931655	0.2569129841907553
0.24280412454137673	0.26919684780193137	0.26496375649975723	0.2552082238857617	0.26106074040827326
0.2456754598598621	0.31382546055293487	0.27458874044532144	0.2981144867734535	0.2797727668222321
0.23329685547426704	0.24472767180871569	0.2070451306773948	0.2326573158304039	0.22452124321591238
0.21182539660943486	0.23237674864663113	0.2578419304438415	0.22195757160648671	0.2122205530942515
0.2369512568460909	0.20990987774024172	0.23153680477797045	0.22133968874605867	0.26969181700131384
0.2485789964391094	0.21946334134190532	0.25127540047255786	0.20979345765574534	0.22025283265418347
0.24168991065858486	0.22416578370846868	0.21174313527513478	0.18479661774536235	0.1996651424742057
0.17958475188359554	0.22829667122095532	0.21613439030793052	0.19784991471919816	0.21474189138428484
0.17449153324478067	0.17227002019139806	0.22769715622954811	0.20422238870968293	0.19458084546659984
0.2176047214480677	0.1512370082701738	0.17433791509881746	0.17239110107202985	0.14616562400663843
0.158479119665675	0.16749825696426476	0.12738372180164875	0.18995092938137892	0.17295865259233742
0.12988172146982588	0.10809414312658107	0.16284632060848464	0.14679356988769238	0.15244560229815549
0.15757580325669526	0.168476308605255	0.18353556396483006	0.18816437851902332	0.16594723380291326
0.17487939189686721	0.16688465046206857	0.17591182487530121	0.1875011356060904	0.16378473693670415
0.18674966799142256	0.13432542541421905	0.14649714729421065	0.15571101111846372	0.1650431927213869
0.15186898054813783	0.1539174720229032	0.17908184542385244	0.11372053193613413	0.1428112791573418
0.11084564826464688	0.1607628832497213	0.1968158344805382	0.14088860542301626	0.09655093747775975
0.1832712382604802	0.16373384575047834	0.17998902362387917	0.12687782990945456	0.1397383519019648
0.13785660964338006	0.18185248340896648	0.14878928608192227	0.16107272290931196	0.1379062023097155
0.11481821150638954	0.14500774781834178	0.12989195900053424	0.1139122887960757	0.11206538319894571
0.12801629368837678	0.14336897542189492	0.12040551171718972	0.07085722576818881	0.12975688232800417
0.1365099397903	0.12347075581027478	0.10022589816379264	0.06434566751121516	0.1710577397836087
0.10780670727564265	0.10915601799821248	0.11795094607666756	0.12941066049531227	0.13094664077755594
0.1321330913647651	0.1195092961873148	0.1164500198872793	0.14015076104708946	0.08723529393552008
0.07203715606517694	0.13727892536758668	0.10410460652801358	0.10567106777434669	0.17565994054411194
0.07344521390904891	0.10004438141936203	0.104558107120513	0.12829174509646254	0.1025844693570297
0.11051491821939112	0.10161172802134276	0.09346385968242993	0.1124700710697396	0.10827381785280644
0.13997524030740396	0.11974699525027256	0.13029700974491865	0.0670319357443084	0.11426998926579815
0.0755878307776009	0.06578964894229812	0.08284814435246887	0.14239842104314818	0.06816674624665399
0.08645423244080258	0.08959411258937451	0.12298837678963687	0.09822875369521951	0.12109423590374585
0.09458270263430422	0.10424833634042163	0.07840930456987341	0.10558153667145201	0.12844877049606954
0.10113943856683974	0.08429580968452363	0.08552898327502766	0.11368542701547198	0.07145488188675354
0.10953134544165757	0.1107994483697857	0.06800677763345697	0.09849006242346293	0.0685799668456678
0.07072683919564896	0.05590572493355739	0.04612593851502122	0.10344969535549149	0.11391513854934152
0.0921447696635837	0.06542930243306284	0.11510759948252232	0.07564350153270763	0.08528903761309906
0.09795443120030231	0.06031324127667693	0.08501869960707649	0.08452814243200518	0.06925010849721423
0.09593832168185226	0.08011281894751049	0.06876602919434995	0.11169612284362426	0.06998146352051955
0.03933129640480224	0.0677426170487111	0.0815888300045022	0.0986799370737527	0.09687483738694774
0.04914468300894525	0.02711817473298149	0.061337605724935115	0.06926634283354886	0.06798839500534265
0.08790123693903823	0.1080903405037386	0.04253372279386432	0.09771150606120727	0.04403851801548079
0.08590037258905328	0.0515664147863891	0.1161579645515467	0.0798979664067063	0.04857878534198623
0.056164975272468304	0.08140363022842331	0.08508669292364318	0.09783933848759965	0.04862966957042596
0.06405410725070403	0.050529877784236746	0.03184727145409311	0.08818505897540337	0.04099274852249947
0.07774055009385022	0.09367134554884193	0.07734281692022314	0.08960653050469956	0.06962108470642395
0.10753538263074308	0.044812466504959715	0.055860653183710154	0.060504049462637495	0.07362552359205382
0.05986209085306923	0.07540916155876973	0.06406500752047495	0.04235187216437166	0.07644071224447432
0.0881542549548578	0.08493992869354976	0.08702029655740626	0.05543055421705463	0.04183477084234707
0.08367256690647468	0.054997222611062796	0.042317999217270315	0.04949266072188534	0.03576729730120104
0.06433902020768088	0.052882982370935645	0.06086877753966908	0.09595216586087653	0.04572265806678654
0.028240620231900444	0.024415892238954587	0.05609833368705686	0.04908062895344597	0.052936578032090356
0.10383922072071335	0.07173598509583831	0.0420647738120616	0.08050240069848943	0.03431513009833025
0.06424208277769437	0.0507178043863475	0.09072558637587357	0.045757983390596085	0.06987333599742532
0.06239193425654581	0.0383836479572255	0.05251226602165596	0.05964576251613704	0.04744725159044189
0.062473085013724956	0.068578006568051	0.047387065312476065	0.05333975727177097	0.08270846405649188
0.037431463999597306	0.06563374707897214	0.04788813321150104	0.09895474857744496	0.051948632502836906
0.06982845909698478	0.06887629721365705	0.05575549303064767	0.07711619683525889	0.08461903085046507
0.06019987441249253	0.031134492867601005	0.04263684450872698	0.06070446708751312	0.03947876562474745
0.04811616177135289	0.07106354205433832	0.04221672550238356	0.051174140729301855	0.04572685222522616
0.05613879944338398	0.03617812790054766	0.014070164032070724	0.0348097142760611	0.10046600612884297
0.05567518179252681	0.03282057379498879	0.05430610290923102	0.03233766805908963	0.06303776250894633
0.04670749992986914	0.06100878994484961	0.02050018297456259	0.05042464088363679	0.04301801588089603
0.018151039261423425	0.03364542393508013	0.06021803265906178	0.03717219270611478	0.07001404598185973
0.030729057170536922	0.011009117931290148	0.052420099206338014	0.05203258438662196	0.03385809171022411
0.07024128929275687	0.04092387542507692	0.07654579923124265	0.009743878996371996	0.06606121296976974
0.06386220599274184	0.035648338496958885	0.03661189775218962	0.01871264825156085	0.05588824712423973
0.04672769706560302	0.03784263718192315	0.0484559659887172	0.04222270771693535	0.05630692566442654
0.059471577262886835	0.044411533474273374	0.09277759236680416	0.05456860740687336	0.04157535111859644
0.06125414581392897	0.061889569287787466	0.01756284173455077	0.04078063359171198	0.06637567137274479
0.01693035162902571	0.06148546853256664	0.05740796018441181	0.03777077279751263	0.011094582806943573
0.013528614230204385	0.016297696883796568	0.036414678884938684	0.049049723095865104	0.035977519013315126
0.011874179758780452	0.03391736879639088	0.01777944587105318	0.02350652995069769	0.00893228017346258
0.02674764852700604	0.05768081236460507	0.09742760687112209	0.02132704125277245	0.040674888518401564
0.04128907743347888	0.05401750380804429	0.07546286896912797	0.037560403889708216	0.029825331675320924
0.028260634736711445	0.07117034794970664	0.07457495978906135	0.029481592639678974	0.06507920787451857
0.04806455650116364	0.05745317587363504	0.026201178460245313	0.04107441378700157	0.007576355342927992
0.01904273964554362	0.02522558595229276	0.03376442532094437	0.05598769614369538	0.006810698820871007
0.06498652339873796	0.024416077302695977	0.062421584306957295	0.0007395814702404655	0.05214152720360875
0.032717902289751466	0.03782791301660877	0.011484928039704582	0.045450942109788284	0.051327148351790676
0.028579499341480023	-0.004086703697758522	0.05625807224475345	0.012088366239062513	0.062124945224852644
0.06902148640163307	0.0552093138841369	0.03754149508483922	0.010367222247077862	-0.005658990299667938
0.029335215352772153	0.07792537946963882	-0.008726298666989924	-0.0010777441341749453	0.024813181937546277
0.032587913639849295	0.01287761135130464	0.04812288041028716	-0.0008489245902410271	0.01949546507885479
0.08266277352209143	0.02875407086177008	0.048876590068547304	0.03637782375537843	0.028035199927035067
0.02101424685950983	0.03427358702594423	0.036810122555129283	0.05379271355552458	0.039855255970985846
0.030405310743630544	0.04488096466536204	0.05781974417172911	0.012260360576093105	-0.004263736973746882
0.026927471476439858	0.06686404205940098	0.07252904056747357	0.05704080354415922	0.025558144898708793
0.0458731297400642	0.02058117724450647	0.05136431565905589	0.06723511798974115	0.03976767527011175
0.03874218399297089	0.022946230086488245	0.004649111141171426	0.043339013555364056	0.06610606397058066
0.06141775336416451	0.018036509555793067	0.0122575165227946	0.0038908012008844455	0.05270058779099346
0.005173245116264791	0.01152423202677491	0.04731108404643493	0.027005298200429385	-0.0071907445151168665
0.04427529199110625	0.0018841756427428434	0.049222528778002636	0.03670508650144973	0.044006024334717085
0.018041045299878808	0.0431372412885444	0.023010453515466985	0.00897060643331714	0.06568199963468359
0.03631933667842126	0.017791520777125834	0.007298037145950646	0.028378759840653862	0.03229072336534548
0.03775761238347978	0.05358201618769502	0.03505492489444963	0.019993624465749864	0.04134170493650037
-0.0006588479383005334	0.038071515766728715	0.018705089987920188	0.04102529106909899	0.07439977538492032
0.049171947326742585	0.021146317894120643	0.022955645943600295	0.01919862521777467	0.030082042215926925
0.05750111944714033	0.022811368820621986	-0.006898589725229363	0.033606486261987006	0.00585775403241846
0.031774164186708025	0.029629401512517695	0.08636173196550626	0.04148896819407831	0.031671293373554336
-0.010593454501864299	-0.0068269111747008455	0.05717730808377157	0.045247853518194096	0.04819813796959737
0.033941976823188835	0.011720455490545583	0.028623398194842744	0.02400703857299587	0.012722307684755728
0.018584232284537146	-0.0004019132268918771	0.032935132281478485	0.036660195315093895	0.04937090700895445
0.06099598435798464	0.02961669632944031	0.01774489661363012	0.014081908974112796	0.02135486182507256
0.056880533575737524	0.019570201768674626	0.018588277177213237	0.019223346283530052	0.035189695384605646
0.030467803237065706	0.005069009486677635	-0.0029299880343648128	0.03421269742529572	-0.021230579941575532
0.040781066330093776	0.024718686604884573	0.030672485122550476	0.007520495918114831	0.08523842161338224
0.026727100794011853	-0.0022035533131080946	0.010377207394874455	0.04459329152829454	0.023653564107382702
0.029075748003193264	0.04321837656094662	0.014436953501303217	0.02501093566253353	-0.004850418878847672
-0.004744459920844361	0.009437797479466914	0.03394558789062632	0.014362085116268835	-0.021577835503806122
0.07464464078339622	0.040344260495539304	0.015447782088515417	0.016395334518154215	0.031885652604556294
0.06564613508400145	0.011707557944209055	0.022772794938791238	0.01807716359196178	0.0035130920091706315
-0.005282565850802397	-5.089012259787591e-05	0.04711876524951744	0.047918981728532546	-0.0152040736625795
0.027520646133001633	0.04342954451870387	0.01150284855534637	0.01761183416017282	0.04089744201573571
0.04714897221483659	0.027158632695196035	0.02599980215764725	0.04293521258780566	0.05050161308410754
0.020078704779251305	0.006402830510655901	0.026777722864207668	0.025899110794014107	0.05478946858540838
0.03989040185593337	0.007145443457851501	-0.019097163119819228	0.01774852840973455	-0.0080171179103708
0.07086192302891194	0.02194206980109777	0.03700007342081718	0.0317075911835092	0.014718105451996349
0.031695984759681474	-0.012954652516259952	0.02548869639222645	0.030940821276751518	0.009802702643612386
-0.008590476643283964	0.01997150571629788	0.0504291814469215	0.002640537970738652	0.0015040497944678814
-0.006074937406614961	0.04556593367521574	0.01537355653291813	-0.004526769310690275	0.04287322323591215
0.015898377423572203	0.03469993245847961	0.07186792083491378	0.04755293673804839	0.026015758418734325
0.0182460362098563	-0.0262547830472962	0.015384982734019718	0.015166371539555598	0.012239822409479986
0.04599095628197506	0.005190350952071246	0.0034013520158360623	0.023175606323450768	0.024939275633216774
0.03216614216918236	0.0274104285702811	0.000392389586259952	0.033707235299366776	0.012510259323178265
0.010746640041282958	-0.03753780203617672	0.011745912774881061	0.014360523923128796	-0.033372595726049115
0.034330787738234565	-0.017871616851506837	0.0427852971752633	0.03901517955911553	0.05787848677667199
-0.0033558355400849886	0.0582860417234301	0.03339967772116313	-0.00023018802435433158	0.04456804330046004
0.015321722629067655	0.023735024663964897	0.01897981393931703	0.0016005309698052753	0.01100751490450135
0.027105744833696342	0.04371416415460074	0.01747805935292466	0.02174275266214637	0.0636931946539053
0.06830476429220096	0.023086286638118604	0.018518577748883006	0.040986734321814315	0.008288877977634215
0.03167524003847042	0.022515464381794074	0.015039708042173743	0.03538565061478088	0.042802880599864396
0.016172847263814325	0.06454910386981166	0.03548370293071564	0.0008131080059374657	0.026209213805958545
0.015815367348916486	0.02342533336717642	0.032657024772302506	0.012826051935432735	0.0003315550849693309
-0.0015950789541589513	0.015395146795924738	0.02214966831977612	0.014055992478352814	-0.028237939670242334
0.03998285477193632	0.023809108402195918	0.0006597842968956158	0.05022621648389996	0.012831797699679185
0.021236252810557063	0.009657726636601062	0.00168239106577844	0.020937838855374744	0.00981638446967116
0.033572676634335406	0.035746374015624346	0.013555803203053616	0.00938755836131742	0.005630311652603077
0.01750232486270761	0.05864956009679967	0.007337006023753263	0.010497673671007752	0.01814405891820906
0.02277472209045306	0.024359690813899756	0.02405131134799182	-0.018004529357481234	0.00760762883451517
-0.02851962785680116	0.029201912280173378	0.006241751432659211	0.04609296603003077	0.003034009604336002
0.047958793507431645	0.018202043996634044	0.016739967057569083	0.024494351326406132	0.0320973363299052
0.012052386277567717	-0.007868451281645365	0.010549870582327977	-0.008886570700738134	0.022320095972023335
-0.003002858718863839	-0.026354121320645102	0.021810757758912544	-0.02339929393988937	-0.03594899792938875
0.018790946407214452	0.040586716625783274	0.01818841550384946	-0.03132169989829554	-0.0002706954292448693
-0.005773220516008813	0.028515695528084233	-0.0018278183059872704	0.058032270863517935	0.011132858552249686
0.00020810075015248575	-0.012736579062736099	-0.02616361506390931	-0.013382283461749502	0.004421702329306955
0.01706872228837013	0.004279382507949553	0.0260634961874272	0.05017186612701431	0.05638584004170537
0.04016367868538449	-0.0054686417454275936	-0.00023879543027876485	0.04326534838096702	0.046782724268819215
0.015974082255154707	0.032301289554255416	0.03730484155367856	0.00436302759267911	-0.003827675424921908
0.00772167143423565	0.02468343105081443	0.0028637780769781027	0.018929795706537782	-0.0069639911745120395
0.02449010147960278	0.033601741559695815	0.04250133537652202	0.030078069825243654	0.02330821158446273
0.04836815334271869	0.02589238372036186	0.049011672513538176	0.036820820618590724	0.008664246904469854
-0.010674843486518483	0.014977893482395477	0.008047537324046535	-0.004685506544246287	0.015647912753198205
-0.0012622815432624876	0.05776092958210846	0.05986163447352864	-0.029872846439647632	-0.010685462623119412
0.017630680988859018	0.018794332759172017	-0.0037113787439029323	0.032351678311526175	0.02002700650139373
-0.0033365328628335842	0.021094996616829474	0.01600226540171447	0.005230636326878679	0.04035912936654802
-0.023642231371874003	0.01418968081691582	0.010085925943982443	0.030060757638155952	-0.03044543682753552
-0.010034791835761211	0.024944494844426193	-0.0175553342742596	0.01062239754856783	0.016859690434690187
0.010137036472098012	0.020258471789592537	-0.019060220366762835	0.04554774067818643	0.03568274571585101
0.01008176303610277	0.008338352622844119	0.042315639117396206	0.006440979689201271	0.021250427683300592
0.0350844020269374	0.00024142944550148773	-0.001650024404634826	0.032269849904617016	0.0006950781112056215
0.03749180164957181	0.016496498179096826	0.004802492739727639	0.02721124316176529	0.049101365248148794
0.0203926607732685	0.024793373343903115	0.027331933314278842	0.08216965306994975	0.04791687732409336
0.013366758823989397	0.011122623666009964	0.04545034411466211	0.055759495908654984	0.006941726293420043
0.023760874274590026	0.022151876680635126	-0.0003143880796265489	0.0191198854254118	0.006353628711662448
-0.018656479345206554	0.027370468381946515	0.029677745316761102	0.014668791335688564	3.29220484473567e-05
-0.008009328599073462	0.018788392241316322	0.007482753160203666	0.0009175113512687277	0.015810064609115843
-0.00895226752531745	0.05767274423405477	0.025131459720282922	0.0067555244355024194	0.0020911418511029823
0.01628592830306718	0.005390377852649059	0.03927687191626414	0.012862314955823177	-0.0018387844140313105
-0.013302244565155483	0.03416732992357161	0.03217556831055361	0.038463087328376444	-0.006653047525170014
0.06801338140959014	0.04392071646180531	0.029910634982785712	0.01834279733017144	0.010118553201264282
-0.03367113500676097	-0.011201220932008243	-0.007442895260179022	0.019934017820475897	-0.003510278092276504
0.027143142412776187	-0.009541272862907003	0.04222764297180167	0.041360555830575386	0.019622015051772343
0.01374220910038344	0.0006724164411054598	0.009950045154341431	-0.002415043279449687	0.03833284100266923
0.011595909284916087	-0.05174097078117725	0.03843379096193043	0.054972369000683086	0.013990825141343737
0.039493626069111255	-0.01453632965875418	0.0380406695201125	0.01171774485100068	0.01461065180865158
0.040715495700424126	0.016026258270836764	0.016494287397296793	0.04095692009375419	0.00413462423692509
-0.015403592137897274	0.0073423403285537234	-0.01105065009103811	0.016188961484304668	0.028488195564049232
0.007257354815737688	0.0036690134632675325	0.05387267238174176	0.0026853958339655946	-0.0021132089573167086
-0.002888386091468617	-0.01748265459375686	0.027781835862697078	0.0044467037119146685	0.025613251258905692
0.0013691735682430702	0.02009803714985263	0.014212544111976992	0.014880160346829057	-0.002594892597423985
0.033167925530850566	0.03205516385038994	-0.01991801538851619	0.030950055762757035	0.07183361487763874
0.02233980722790238	0.057917859186997746	0.01173143356958544	-0.028832494137326	-0.011637957998757557
0.020188059232634042	0.02076259531193927	0.0058044210976681086	0.010746981015337083	0.028841314598184026
-0.03862684927334671	-0.009254548262001215	-0.0009564123984851709	-0.017495252643415872	0.01849315342315771
0.05139556535817048	-0.01701230331985249	0.027098663608197737	0.0015098702945203057	-0.027644934551595817
0.011151580864339646	0.05140635802595047	-0.021321475488716463	0.005417072342278816	-0.023309529798443827
0.017698151427417475	-0.02579107839514642	0.02254770209992312	0.0020750184380327035	-0.03851479859975473
0.04498698564951298	0.02544788321745835	0.03465494292379819	0.023403274216761003	0.00910618942560221
-0.0008131144716543807	-0.01622085725582362	0.03499999314779075	0.006937959303251619	0.024989429842251266
0.003178965353340334	0.0021416626174353575	0.03743903891932717	0.010460698159421484	0.002288145023996076
0.004263308463546743	0.020661805109310875	-0.012014435865949122	0.03651377958310523	0.02811228905565138
-0.009410642378380771	-0.022575239700117426	0.033079969661021585	-0.0009467092585810663	0.027790371584293337
0.053661006441733425	0.02757631813759346	0.021324900879148432	-0.01995013105637836	0.04072672872454615
0.001349756710909233	-0.0008596348217894643	-0.006238890917841544	0.0036908835115529795	0.00041998789472164066
0.039625459172282135	0.011219777124121096	-0.004114402483407288	0.05222645676449231	0.03552754540120028
0.02882383920115253	-0.003702480572599166	0.029706436121545176	0.002337497895380491	-0.005377985972846138
0.043184546295397454	0.029260630302318118	0.011264307244157749	0.020658695706618033	-0.021672989177283556
0.05193064228879371	0.04730142758745459	0.032302879068141784	0.03859914611072628	-0.015145217042657705
0.002339052606871921	0.0324843117992298	-0.011867782405061238	-0.018148527138054992	-0.011508246175587183
0.022518531504685822	0.014299680091785482	-0.008097354158581907	0.02036252344682787	-0.026232132010949056
0.020668110151216695	0.055760333892626746	0.01835489090155682	0.03646347213626867	0.01804660214004611
0.04206236201485923	-0.018540249630958773	0.017040935967872338	0.019819592124621126	-0.01251874961368862
0.031459423540593785	-0.0045129154176839865	0.026849608289628204	0.03169252220387416	-0.0067376406472037745
0.021069385798030367	0.030825619394020974	0.014039427367601661	0.03964106241518127	0.007540535545462622
0.0060144273403118145	0.027689558095399937	0.014545664207079232	0.038209419991083265	0.03783171897742108
0.041166743651900206	-0.015604423346437565	0.0012703456632361429	0.0290882845552215	0.02786962182219364
0.023994750360260133	0.00710133733235842	-0.0030984075033743327	0.037080798699816245	0.00894927196695381
0.026464359520913878	-0.00016502137940526546	0.010838798863442627	0.01295088796148365	0.05387339651909705
0.005207125012503557	0.013347090056091667	0.023309065651393433	-0.0039586701024143115	-0.004820861343644135
0.04601370002763097	0.014944101787327796	-0.0028195140928869208	0.026031954601360437	0.03704087028015999
0.021533878204777437	0.0390621066031818	-0.041945836179242295	0.04212739222358	0.024783592517179556
-0.02772337033291845	0.018699143807519546	0.018317790201824932	0.03949282542823329	0.05324418339389737
-0.0058247166782637765	0.035924421934488145	0.0112829451084113	-0.006899154502048216	0.029441371629272805
0.017001971779073775	0.01652150571410596	0.03163931278132452	0.04067124750716779	0.05103508349367722
-0.0005770240212729276	-0.0022138948817993793	0.02244256479840915	0.0036213430516748987	0.00206036251671224
0.03678537895244239	0.013031744526412809	0.015123561909936018	0.004709681645427721	0.0006973280486625966
0.011001113064033233	0.007353721523260795	0.025871344113276216	-0.021164711254828397	-0.01733831010361493
0.01460789049532717	0.002078218099930895	0.0007515858682466091	0.005833523296954144	0.016196003692222728
-0.0019349029814684999	0.007387317719621719	-0.04918530204631383	0.0017193671796776827	0.0008442992990728315
-0.011186001395070925	0.025888460104468016	0.013307733673554548	0.028888352316516566	-0.013046323897946332
0.026997772508215043	-0.04381933322013948	-0.003476361651165369	-0.014377059128023369	-0.0026261774649217733
0.014253282295263634	-0.007364896847768416	0.025651322949136978	0.005420036732160689	0.03849262918896453
0.026544495517688484	-0.026982303333079334	0.018891951541028452	0.0025448542300444735	-0.017519676300514403
-0.01567580173518762	0.008670349890439591	0.05093718152095067	0.010966249347033401	0.01448874904647047
0.02808184973538514	0.006034988278204406	0.0037925664923308617	0.02338668057579712	-0.019933258525813548
-0.008128529022708867	0.02094040286887893	0.016647961650455362	-0.018341412513403127	-0.022898015296034885
0.003569265100031921	0.00037883963515111113	0.004718391510889128	0.013307683058689722	0.02147163182720201
-0.014075770495997994	0.003307173001194299	-0.01155740296601827	0.006213957124655771	0.007881712168572773
0.025547511152179583	-0.026155577623953898	0.04800936092857993	0.023439497080615025	0.04740382388886
0.013483862953164704	0.010104162064259606	0.02453805964897981	0.017657366899478902	0.03073200394462894
-0.012830534936245488	-0.0006125667702787949	0.01033423028240856	0.010519559148912597	-0.039662280912208324
0.000685163129691262	0.03661514900271628	0.027828047787663335	0.02650821596422623	0.026636707652597544
0.0030911668059928005	0.0028180689289680396	0.037433030410953104	-0.01992725343625206	0.014132824291024285
-0.004448611386427803	0.011778239293074972	0.008553654977280473	0.006734753234072533	-0.03918525277451467
0.0016250860986146407	-0.02038419106903774	0.02220180644051078	-0.030150719411595056	0.02185433664724778
0.003975574080826652	-0.04491013040840287	-0.044642365699758706	0.028438003235552577	-0.020624748612376113
9.832971034587053e-05	0.0071852846695550825	-0.009298451268316852	0.008320568403378881	0.022325360648634076
-0.018272351504128627	0.013998156332080467	0.00926112395699198	0.02263903575656933	-0.01916775862881656
0.004805778296889696	0.027610988092154197	0.00317352939444215	0.06143150106180304	0.028670034118776274
-0.02742433412436119	0.032195083628414466	0.011632979246680794	0.026961111938598643	0.0007363615950247461
0.007560871560910499	0.005987274282638504	0.0013545809405136658	-0.010247277460128015	-0.003144839168663835
-0.010486327018278336	0.002206684545773349	0.04911863308624728	0.025450779937640125	0.027934465845901302
0.0521256624632643	0.04905016347840328	0.03888336588524007	0.03732928087714287	-0.01053779362507238
0.006354910623092122	-0.016850251392798526	-0.005197258536346324	0.028313364941971644	-0.03140770245367585
-0.005680106913918904	0.0011571507805438926	0.010933285996502656	-0.005387432956661177	-0.01311272657718935
0.014894038850428667	-0.009896205291722606	0.03412921461854825	-0.0014194212881621458	0.014406831966571354
0.029012358410560025	-0.024309951254193926	0.015779368299348784	0.016104827943472122	-0.013024078787156976
0.006264118905213978	-0.0033877172092361355	0.007177433366454306	0.060705230781238614	0.02668678112429581
-0.008252248077327553	0.03054967678578597	0.027881600990509656	0.035661019005500755	0.0015944999792964403
-0.0027790103694166402	0.05956734572656891	0.008624234644287857	0.008076988513883556	0.019647886045391583
0.0009712020963247507	0.005268177289170695	-0.0019340323732881491	0.012267247605648823	-0.022481123085181912
0.034055730118892166	0.029384054184707874	-0.0021997721499993185	0.04697007882897526	-0.014445795485257165
-0.04063311396708451	-0.018395212162798838	-0.02955260622961303	0.006437904190835755	-0.00420891946156164
0.0016712495831998416	0.05103500267587733	-0.0017283512887504584	0.03022843772521052	0.0036503647184739775
-0.007817599000312132	-0.0034316364212159268	0.010438053320884651	-0.034586115773705225	0.026355582806865348
-0.02635492158383431	-0.0005541382357199115	0.013397555834024428	-0.03264020058224235	0.013588143306891065
0.006315611337255342	-0.0019530431518357573	0.017420169098727678	-0.04491651641699958	0.017090933449962414
0.018680022667262885	-0.03325224228863025	-0.0030412734205311925	0.017155004868167387	-0.003744829011250039
-0.01460162790003733	0.00016026488907734936	-0.003735247588956174	0.0013631679876585478	-0.027674244536363225
0.024566244673706213	-0.001914222535249842	-0.005202099495122405	-0.023067693849463222	0.004133116402786884
-0.017617032636830166	-0.018540044565481972	0.003839871703438951	0.011041061389563765	0.02256818484831283
-0.0018817621199977794	0.0064284137505206985	0.02521478379143216	-0.019139520673396273	-0.0061898105764978
0.0053176361029926966	-0.02043622246841518	0.028698788978675914	0.02775752508830594	-0.04328190650340983
-0.014460485678698707	0.00733182438844575	0.000649383197823197	0.04594817643776001	0.01542110411688129
-0.009069622668113897	0.04883972390036308	-0.020625135258038056	0.03511476880104995	-0.021200442183655313
0.03445475404509586	-0.0178839250297501	0.015088521138069801	-0.007011942774706048	-0.006770384272714485
-0.05897270521490865	-0.009371747525909583	-0.010643232086765993	0.006665750160175699	0.0021985041299135387
-0.026266638354050277	-0.03203657597230456	0.04052545463779747	0.007266621332815177	-0.014062333755893969
-0.02406926163092848	0.06262539657866038	0.03251279154096235	-0.020664411769562997	-0.018735037749864784
-0.006655060424806079	-0.025772455324703854	-0.01944613695752614	0.056850349068087336	-0.008106741633020631
0.026617321900094887	0.016635022846963943	0.016659443749780532	-0.033310250963522525	-0.004820668871025748
-0.007921232803249294	-0.005518485064728774	0.057010456604095996	0.015132787878638632	0.011559967851111894
0.029104145162197455	-0.005660178026415727	0.0016323442802189244	-0.017687879429994276	-0.028870850521744332
0.012583982723070854	0.0411158797271758	-0.026635077365374998	4.160638322432773e-05	0.02554812174229012
-0.02688340001154516	0.04161654294031588	0.010644696649544476	-0.02644126349595515	-0.0032496789312471356
0.006549445665877456	0.02929504261513631	0.0025678807446449688	-0.006143483600598762	0.025217117619259037
-0.0032853272983963374	-0.0335937014214951	0.019398757382920066	0.025486758241436827	-0.042870616911979624
-0.02497158652904382	0.025655881103254317	0.0014414728660077881	-0.0188590027334491	0.019914785896810394
0.026746536566215673	0.0010290124336669142	0.00689305797903195	-0.0020124593871925795	-0.011655482423923176
0.0018895415072438778	0.010889949497294838	-0.003374025211603227	0.0042813825703327145	-0.04275779046294385
0.004242096053711869	0.01750684981659674	0.025527032766066306	-0.01774004189687953	0.04143849800155423
0.0029372803869101285	0.002076884978529126	0.036533144428737875	0.026954982246090466	0.03125442643420197
-0.0089277610657646	-0.027819511660225664	-0.01660251083683998	0.0059007296682790445	-0.0037468902301385203
-0.01782512696958326	-0.016225931821521725	0.009194010016859478	-0.008802442614057705	0.04478212880216459
0.0053596185564547495	0.009134226369774753	0.007951803118698118	-0.04321954555120082	-0.00595845480393336
-0.04598079014534287	0.00630831499804405	0.03962607186123216	0.0018185065147368609	-0.03484241274429786
0.0007780441237373367	0.032888191565191946	-0.024512675682827723	0.038362536383531626	0.013893678784574284
-0.006905976906370574	-0.004018113652759358	0.02245636008496668	-0.010947421362457521	0.015923309725396382
0.011493669885832669	0.0005812562155714709	0.017960643504815972	0.004854855612625257	0.04416978779502163
0.022879346546721184	0.034200769286612594	-0.004993271494238501	0.02440111173643013	0.025959903088677322
0.03093214224934545	0.0056543100810611995	0.019792582891642208	-0.0007202285567848299	-0.007234692068547469
0.02401603705764877	0.013105190074997391	-0.028882526891812012	-0.005442565343590294	0.04033248777244173
0.038814426076116224	0.010038415971785567	-0.009616528365850412	0.01724414100962788	-0.03294240040339659
-0.033800227176404046	-0.009463446728102239	0.006724365333830705	0.04588626115609517	0.046656907674726605
0.00791574429403977	-0.011685949279286121	-0.00861008083486611	0.013954281149571073	0.04126276612172748
-0.0008084115038153325	0.04808519487684323	-0.006532985387959216	0.023689040014627884	-0.017459567295874324
0.031553296613482225	-0.03440386737543505	-0.0009591592136487994	0.01694306377376653	0.04610164300400037
-0.004184647705781632	0.008406270364167155	0.004716388973993827	0.026076922899578123	0.018269338326690556
-0.016133643774167268	0.009495792890961502	-0.006376220158416079	-0.05910065712565973	-0.012312761644169605
-0.016360629938428302	0.01749518284289941	0.008231556812071095	0.025110605617321587	0.005632338167065825
-0.014528045817026474	-0.000721741416941905	0.004411594555917663	0.002465704000902569	-0.013180725466179273
-0.004322299242967753	0.04028594128729906	0.0414966086113087	0.01988339541652935	-0.022084366590552594
0.011639564809685103	-0.021199742349261114	0.009571823875516257	0.010857388488103694	0.058256361608335944
-0.031224800553777278	-0.014776492188066493	0.025964071388386377	-0.00926520979072416	0.011589987133202978
0.005791828263754127	-0.01822582491894343	-0.02596848049428642	-0.0074198105323139965	0.03410144188410805
0.04202360065673825	-0.00015765962551142314	0.0022281944308599833	-0.02276143665790622	0.01635480608788797
-0.0029181661284603056	0.016085260097759985	0.03205439397280198	0.0019157789843929575	-0.017783146752499934
0.02638928078758198	-0.009790595099529825	0.02830209267412148	-0.019716520032477255	-0.012645781102604513
-0.0087725039964043	0.07505044696042364	0.003562738325921292	0.020289650570947462	-0.005810163381317964
-0.006187892786479737	0.011868146299165164	0.00879794676470715	0.009541654404489326	-0.03136335718121412
-0.0499713904542006	-0.00022867888877898873	0.021211213640526527	0.011083822783642297	0.03793576182906367
0.043835131617185476	0.038438181949031425	-0.008412744015477385	0.04403056453553969	0.022909187614414874
0.005518874829754183	-0.00841494583857232	0.02881740928246684	-0.0013113279878727534	0.020596544714180303
-0.008118957236883056	-0.027017143342953524	0.04095636594946044	-0.04885355568693853	0.015485762281812646
-0.03268310010300575	0.024021810354125588	-0.010981842002052596	-0.009604982586937849	0.010557087531797777
0.0005125603177044144	0.009651700512400049	0.021189219054787073	0.021574732583856258	0.010620202617021164
-0.03447062302344819	-0.002786411772924121	-0.007366599367822085	0.03104434240949083	0.0037043739078694393
-0.0364733720674472	-0.017897935457325417	-0.02100494898538048	0.007920247646316868	-0.016773383747978782
0.024909727683654365	0.005520790936706624	0.02575976264504032	-0.016178747083478308	-0.014132273746353194
0.0055655327424213455	0.024609471372981175	0.01750292713195041	-0.022048179572080537	0.03901489118904569
0.00297784750420013	0.02764608399850051	0.014303662041961804	-0.010721396314289424	0.04382056764854916
0.01801107990214364	-0.002164002538441366	-0.014656261035682055	-0.010365334814604046	-0.0029228977396728627
-0.01394387413634836	0.028977114927766258	0.010149912211601414	-0.0140914969226458	0.008652324959813357
-0.00948864358706279	0.022916203912106116	-0.015384103937684057	0.020787914098359485	0.01572954374790418
0.016822598684375526	0.007285082921170447	0.00569864436453734	0.007837607458803197	0.02010507366235103
-0.03144321644796717	-0.005846751285484085	0.008440830366592052	0.01755945151327128	0.026613323687405092
0.057384826203921616	-0.030360889083930157	0.017788535658149873	0.030165173279268435	0.015209299573306993
-0.006480779159242248	0.008124115911358741	-0.029675857369706463	0.031274877424194034	0.0024557174335061434
0.01278055900849747	-0.0033723661299273405	-0.008517789117789849	-0.006990215846436696	0.022529088311876336
-0.01879551096859164	-0.03387032502159006	0.003786822281350709	0.03705031255336845	0.04138763896826228
-0.00990639951394681	0.003275850543482727	-0.0014856804092211267	-0.06056746748763718	-0.006829032043380619
-0.042535618417225834	0.006602032793999686	0.004299316901837141	-0.006185094608951869	8.003783431594601e-05
0.032791886998668716	-0.006202175318905689	-0.000684170076502121	-0.01259660622035108	0.014664068785410286
0.01267273505550247	-0.004249445059837865	-0.026114762240212676	-0.004255865597830204	0.0185639212572095
0.048469051508815926	0.013770117975130124	0.013836676444345851	-0.019562003701058265	0.032976037479579785
-0.019096237547387106	0.016621061574701636	0.014820867469007744	0.002527483066114604	0.0005366808768241162
0.014680651412578394	0.015212233509313266	0.00026336826774842753	0.0080944367283217	0.035612627560482876
0.024438237957079247	-0.011621001998401314	0.04004884466448953	0.025976017314392523	0.03782720153039713
0.02645830376742118	-0.002051996692201807	-0.021802962267062055	-0.00633159638440519	0.0028022599368701766
-0.030311371206335723	-0.01026874710088065	0.012344221133315635	0.023630631003597125	0.05386468334849318
-0.0003993083116036848	-0.007024726464441713	-0.011784070416632809	0.01547690684888954	-0.033788298733065325
0.04981598963564119	-0.03078299630070458	-0.01190961934122636	0.018169622684173284	-0.006090473386095339
-0.03320708867836777	-0.04634629526402222	0.010858940159768819	0.007721425076292693	-0.0295925439119592
0.008297717801679694	-0.017834377340828614	0.029727190623182728	0.0353323842826756	-0.005556143107104668
-0.03407329152068829	0.00892885381926887	-0.010861008753111042	-0.001697524418696023	0.004457677959231911
0.02395575735308375	0.028978458549880702	-0.004529987852930217	0.016161771831340047	-0.04085681127637122
0.010136764533780079	0.035257437118062285	0.0009929029718633324	-0.02410283615050273	0.015191055204613014
-0.000616403825943899	0.029346225129451772	0.0012156509941933214	-0.0003226884657980399	-0.02679266295040233
-0.0016242239366679556	0.028631521059402146	0.01483849988709431	0.017962716595041704	-0.007906299474687977
0.004756111252329449	0.011081916518291879	0.03281755387815238	0.022497436999734024	0.003852124048136908
-0.011704791476658295	0.025645460953787006	0.05155442150244109	-0.01280278880023716	-0.011874446317689184
0.019436358544403013	-0.019370203865288517	0.04565649281035595	0.01782315570463257	-0.028139294730616982
-0.022922645766603147	0.04401043873394279	0.0072037100717880125	-0.002881508296686267	0.028594389921589608
0.04108359317903614	-0.013941600197208893	-0.022014234134033396	-0.03246206370434814	0.0040729934213473065
0.009911927360802299	-0.0344206612537851	-0.01220681255905963	-0.016246285388578217	0.012402938400431194
0.0047429499479968345	0.01963714952244453	0.01374142191571248	0.010122692508721632	0.021781727639882183
-0.014972124232759405	-0.0169951610591049	-0.036084848660779954	-0.01827305665137305	-0.026589668884800563
-0.004920574233524816	0.01896323847918284	-0.02062733255588534	-0.0006507129279659293	0.012450622804256382
-0.0022622605684736365	0.019892551626515747	-0.0008465072047693228	0.008822014219283478	-0.006470312161228418
0.0506285770418204	0.012030471827712132	0.02002490067384835	0.016003328677170695	0.03286018642439228
-0.0322830442335037	0.013704982449672163	0.03432789124505965	0.0005248469137649342	0.021964318790520375
0.04056836863162392	0.00766217077850924	0.028235308134725752	0.012503362064777979	0.02484603353445468
0.004096173988999956	0.011899247683229985	-0.019894387538806534	-0.0014654531930059487	-0.0057185865145008225
-0.01617206633818447	0.012027781904831792	0.02807797124563389	0.005112223502903227	0.017826396872388697
0.0032900450809564274	0.027005815177206714	-0.035510497492971915	-0.011570143377045464	-0.011535935828727011
0.02079977361398893	-0.013278246150062739	0.014137250086565096	0.011529221450229311	0.018991336627043734
0.02200594018652131	-0.00916906213582262	0.015305527017540593	-0.009713484717587349	-0.02112975207765924
0.00529054910418745	0.01161739832664626	0.007626632990359247	0.01395475262299602	0.006854056011356378
0.03954443145373367	0.010716637959916267	-0.015310842400682614	0.021003716442496895	0.009951575083039638
0.02086247527776108	0.023850007636107135	-0.008669176124623085	-0.0038051257759645542	0.01735436996835093
-0.013820723088427467	0.0070038176635261185	0.004325662664350079	0.020328485794387174	-0.015904187482869904
-0.012750783155620208	0.0021355545071200504	0.01922620388773874	0.021681982449433413	-0.027561181150568197
0.004830205400529448	0.009437341497838295	0.005287683529415762	0.03381008680742979	0.0012165054157269733
0.012108353128236172	0.013775329190406818	-0.010014165230859427	0.022536202402416654	-0.025237095307771983
0.007999477815651013	0.010669826539662643	0.024803775395118785	-0.03959774146295425	-0.00635319614195648
0.003978781113515013	0.009149050177324963	0.013447329690430727	0.006250798489372292	0.02955270500788327
0.001558048610429314	0.02989556145048239	0.052421287364318	-0.000854141146718365	-0.014057010149205771
-0.023110653418510006	0.01756242571652135	-0.01975138818702136	0.016139790933486206	-0.007076065598343277
-0.01391740498651586	0.04106370205836392	2.372032268703559e-05	0.006966170419618311	-0.01467157597713369
0.024714803128591752	0.017623627111241446	-0.0033927378109604154	-0.008694371407770974	-0.014540983781129155
0.006796443575846546	-0.015482448268208642	0.027007766801513206	-0.012575205422437074	-0.0036692064998098332
0.03901523878096642	-0.014344579522975732	0.05054190893266207	-0.0013537811243317585	0.033889007695324894
0.021722940280497146	0.014942909045021602	0.002850147868955412	-0.008704891799866122	-0.007416170294791026
-0.029117888496664378	0.020719455482034403	0.0006800260065731108	0.0022172676923616465	0.015588271616519149
-0.0095031582949384	-0.01047698813763338	-0.013686375558174906	-0.013976216051067449	0.01742562290454174
-0.014533343314638715	0.019638096477360756	0.034243642884554386	0.0025391441566624297	-0.04084005410459462
-0.005067517198532078	-0.026604098645065848	0.01862407326194962	-0.020282959140547667	-0.023611604722210498
-0.05220467796356782	-0.018262060519614293	-0.004803447046905664	-0.01373126332542802	-0.00754136337896723
-0.02596667109086441	0.0059478250418997965	0.007437606919955608	0.03467025141604755	-0.026206946764761218
-0.013613591498321514	-0.018385649065191214	-0.0016164647943687398	0.0143365060856116	-0.022732995290276312
0.0050132472715668655	0.0024316431055477926	0.025839081083897916	0.023555641083280888	-0.006223835161581414
0.008065005976109645	0.0021744567231869677	-0.00529288154017242	0.027172863585172707	0.062193042804961574
-0.012877938283968545	-0.0016058944991826363	-0.04129338279459128	0.01667477734667093	-0.012671958210588037
0.02278654821433839	-0.010131291905356013	0.019623615857263514	-0.01251129033893658	0.0041163762170368014
-0.005150557778311256	-0.022840614385229323	-0.010608363079386764	0.0014080851391699905	-0.00882354077768472
-0.02820579310933528	-0.019969986678883504	0.024142723283646826	0.03024482562677661	-0.0524227789420534
-0.007938930455369099	-0.030475107483771954	0.030126451234964498	-0.002377357012792258	0.012215031217552791
0.012855326100554936	0.004751399582092071	-0.02795073698028564	-0.01685637809939579	0.02519374124739109
-0.004479970847841799	0.024077431210656242	-0.010170446943676588	0.03046654260659646	-0.0073525148183743
0.010507526988031137	-0.007428783097524537	0.004645425396747019	0.020265180825692584	0.0008787353324149778
-0.0020819908403580207	-0.034871714714124286	0.011610274455520375	-0.019254651243167824	0.005760335968478221
0.0035226640762900524	-0.00791529364453103	0.010418013649672661	-0.028485197457921656	0.033029881470168554
-0.01952876176535593	0.03538760135316847	-0.003907529612792671	-0.015448499999889823	0.040628289072976706
0.0007938273144174595	0.01673585597448163	-0.01700895817554024	-0.014489847447643636	0.03784643749426502
0.03807223423143684	0.008935852895007083	0.025983737214897447	0.03922099499425284	-0.0031165358905491467
0.026370760656109063	0.015265131896639578	0.01816422399649212	0.007405613080074027	0.02253878434984431
-0.013274419233231008	-0.003413767605887702	-0.0021117041359785833	-0.012034503958979186	0.018408322937865616
-0.016020693505643366	0.02316229246239223	0.007066814371989405	-0.0045745982432466486	0.007289500391282685
-0.004689316150402362	0.015145672268897232	-0.018653081765231703	0.005232638982768123	0.00046453766020744785
0.017149273896911944	0.009552277945595527	0.021521197075722694	-0.006454767117777917	0.0054461574408802855
-0.007336482036563953	0.005756577833138995	-0.00950463853430085	0.019133883169195537	-0.008741487682388516
-0.0075026574281570856	0.013422048095302024	0.005533752474599568	-0.05033348647511204	-0.01983683750526613
0.006473850114694319	-0.011255240393718988	-0.006928596281238012	0.054098395125665645	-0.0009746681961872727
-0.0033535251860999545	-0.02495603508732503	0.004215063006851395	0.01230379455274169	0.019290042859335423
0.009940008209795133	0.005705863425680028	-0.0008785734095284876	-0.018171437136624606	-0.014126087200153428
-0.006466722083414134	-0.005404930473056977	-0.010990330784512932	-0.0033972131687533217	-0.01760333535542162
-0.054966688682612834	0.06009167958234168	-0.0048515663318770864	0.022249829966097465	0.009087738572658516
0.025013500917846355	0.020326647161170906	0.010069040673290276	0.009653181824800685	0.00046043270594224627
-0.011903858590697286	0.0242293645637607	-0.010136930775498317	-0.008767270067845521	0.0016649320253241482
-0.004289316889844354	0.0010458545683665168	0.03532886070573421	0.0015880426814061455	0.016620299699919776
0.04103381382102758	-0.03396560710657909	0.01861217560527277	-0.002780972903353886	-0.0029653203399739323
0.01632692720269282	-0.014501536789079464	0.0034905634891536272	0.03376025624249846	0.003734598965749348
-0.029947729786241148	0.028903484963515268	-0.0005713240531696941	-0.0012065216704615772	-0.03335194941919453
-0.03082182596445692	-0.006898729581086534	-0.014983215860013352	0.023775635635080738	0.004325480302687744
-0.010041079331523898	-0.03512946651411059	-0.0053918117068477425	0.004067815254440417	0.0026276046174883725
0.011273026128655588	-0.02349163298931536	-0.0010685950679862994	-0.01640488008234238	-0.004577800218742001
0.014531432367284148	0.007321806025864568	0.00011793227103366064	0.03287364442629431	-0.03740138947246966
0.017786154751684782	0.013493188567322146	-0.02509776818861501	0.014164608016750797	0.04151964297881675
-0.028367612343100826	0.023310749871211824	0.02577305857813237	-0.018482029075165256	-0.02294529381414347
-0.013871221669542648	-0.010694074952294711	-0.014641349832808022	0.0008446732250352272	0.006297625313838635
0.0031013498677570674	-0.026078174373202014	-0.004132155537567645	-0.036462857926995315	-0.03936121168025088
0.03401279727557604	0.017318870950485947	-0.011593692508293415	0.006732797035469801	0.02694080350793205
-0.020988194560342035	-0.00506232446744075	-0.0148587952349235	0.0013029512232663448	0.07117518905040511
0.0029787592959100704	0.005067961199861604	-0.009071684450167932	0.009335116465237502	0.018744437847628553
-0.005783349813026492	0.03089775909338958	0.030931365241867136	0.005156162345969535	0.004554745251593377
-0.01367101194402006	-0.03831892420197194	0.035107676775750725	-0.02152577607828393	-0.0009330845327286774
0.012765714580314527	-0.014029609287068347	-0.015179974386942267	0.005560873361731016	0.0054386676711169705
0.017910957294348693	-0.002962025194805637	-0.01507896813712402	0.007395043178631027	-0.009753839187700623
-0.01878459534765388	0.038393461563096906	0.035310127785619844	0.02133915610709712	-0.03318204903779947
-0.011268969855296403	0.01386011276635946	-0.02197172683581444	0.0002739016580661259	-0.013968696906851251
0.024398067933297976	-0.010437003212249382	0.049032807068170856	-0.023180184766138624	0.008628137008392545
0.028020693477210958	0.01021791623742262	-0.0009051324687277692	0.021676134944072313	0.028429269211014113
-0.03816822284763347	0.018772233096678213	0.023488900069992047	-0.018235389861466396	-0.005234256779546357
0.004756981648535151	0.017530015137237617	0.011144939437373467	-0.017627068067297014	0.03637134336358647
-0.012860949844998724	-0.018320068937126448	0.010587311376726787	0.04288333859043851	-0.03754025311391315
-0.0007200752405457332	-0.013405852488498418	0.04258638784343092	-0.017352602843282043	0.0070247155481142735
-0.016934814083851234	-0.006667826117287331	0.011915527267217434	0.0136764526540244	-0.016998035931467752
0.028962559058673093	0.07418483066367573	0.022634455130243626	0.030431161244025225	0.007112834632079134
0.018857239623532317	-0.025014969833538372	0.047028569833517664	0.019142830438661825	0.04898679523391604
-0.05338070606778086	0.005671081738862479	-0.004492203489756926	-0.030931430792251535	-0.018750717860728
0.02605734156438259	0.03882018570659237	-0.05233787357013407	0.03772823259113119	-0.027500410810209586
-0.006221899093015664	-0.002038655566820991	0.0062083253635345104	0.01688472321876653	-0.02451995733078588
0.03055612036274468	0.002349797541546599	-0.006065288803548458	-0.039192508058435854	-0.01487263657439885
0.00987403481887271	-0.020866483917653084	-0.0254388464879836	-0.002704184978855835	0.007739751299525588
-0.028323823324779507	-0.006786720641499702	0.0034372565719556613	0.021722245872536412	0.004800997620761005
0.01725720765139092	0.012308393854564455	-0.022220585007572357	0.00947625324504447	0.008719785560893851
0.0028558740785933354	-0.005733481674418889	-0.016432633645667022	0.0006854180800521677	0.012223184105217728
-0.008103533205585555	0.01973001891398331	-0.02224104190533738	0.03665423632111207	0.013491944848785038
-0.021321748886516903	0.002539758874598588	-0.0025706479807803893	0.022877145262457217	-0.0203618566001844
0.0003097401759057578	0.01074946662857595	-0.0262683828176378	0.03588503194662064	-0.005818447560305037
-0.012750046171214825	0.0034025091017598603	0.007843920758337331	0.03337878721028378	-0.003988121671358579
0.012641757214474834	-0.028031452447884388	-0.007785305546597834	-0.0015802914104867073	0.017251247283326953
0.01944522268750174	-0.05370815070202046	-0.019268663757404093	0.01061693495309601	0.005027870143203495
-0.0008021377416288363	0.0008727586723902411	-0.020517481829928158	0.01993216403836277	-0.0005473697160927513
0.04858947560283198	0.023667605036203528	0.017023508248817504	-0.018380108801990678	0.013737847867383279
-0.021688927983746324	0.04026995041815404	-0.024291278807005212	-0.0041308059451828465	0.0044762723219221034
0.01599217485548028	-0.016972564771727327	0.028355798947946934	0.02253195796126959	-0.024829066696840485
-0.020815804592632162	-0.017379175946899722	-0.025204332400696434	0.016337043029490624	-0.024957678899456638
-0.017286882515348413	0.0466806121993603	0.011100956486373771	0.011886746305422507	0.014759335327105926
-0.022454908714358183	0.011801984382844442	0.020729922678095886	0.003345420315550564	-0.001555852741364086
0.02506799373854469	0.026509560699432784	0.018626707886958943	0.012922104892942632	0.027309770614221573
0.0004933825994501871	0.04206532157763242	0.004672493909922885	0.0042144108517300684	-0.0017949021652470059
0.0021473849776447555	0.012005088622094361	0.04231765839401486	0.016791952487017	0.0245011089360957
0.003589360256754194	-0.01765801509015004	0.0021973124737606244	-0.010300050303871894	0.006062500596549966
-0.02381170056128792	-0.005748356306424312	-0.013015161595557158	0.001836487637061364	0.04795483325551014
-0.009431102423078533	0.010792661161408715	0.002047458927695027	-0.0008705124099530343	-0.007306252910621048
0.03484163341021014	-0.016836188154724985	-0.02343200558830988	-0.014904500360604084	0.06177122882632236
-0.016465510605042345	-0.04233877935038144	0.004371893647409147	-0.020683112584269074	0.004170215463935771
0.025824612671586887	0.02409920392567682	-0.009531792565069187	0.012599253646520066	0.01398335555269586
-0.05235551102740812	-0.00902237170265185	0.015870271538138914	0.004275563185852704	0.03573274155832445
0.018125425077602345	0.031185737658444	-0.002113010627492304	-0.015910926192430133	0.04079446456968128
0.022908557924722014	-0.033225371334448084	-0.04104694507236547	-0.024727252421621913	0.013251909232335862
-0.01814527081568606	0.04400384475936601	-0.002624433253441945	-0.012613282630414582	0.030656067906321076
-0.009846693560247307	-0.002201463440062317	0.004088898251101437	0.01154917442045032	0.01373843051007553
0.005724724988868678	-0.010617399276007048	-0.028763898628744462	0.007932978034770978	-0.0015558075496015338
-0.03476472221883252	0.007719677716321295	0.013018247523018122	0.022989346455060174	-1.8078674958422417e-05
0.051230834588030016	-0.0044184156786366445	0.028725133160441944	-0.028042975637807506	-0.014586001064808056
-0.006044786544140266	0.007045901082999937	-0.00018229450711338126	0.0012001514718885894	-0.03028112268345485
-0.016019747421144388	-0.0030732913057140037	0.0011309292475378957	-0.0072895960122509795	-0.02299805642422239
-0.005869319841675753	0.006661637924309542	0.002057433317777581	0.0027823186138793213	-0.007490538383721976
-0.0389093610997495	-0.01326001159865277	0.0055382726318994905	0.01789480993334523	0.041459138800384286
-0.018507685641398614	-0.030088055373684416	-0.019346273045202877	0.009093508114682028	0.016389253105616074
0.029926562462144195	-0.006720264479491589	-0.01436694349448627	2.873216980474845e-06	0.001637735029105242
-0.027510064530357804	-0.013548359566752412	-0.007867771344434095	0.023161219993023494	0.029599933461785848
0.054000969764883125	-0.00029104190765398986	0.016608959810379617	-0.01686788069038257	0.054625808234008436
0.007484106806111384	0.03965556685116149	-0.01173359215739989	-0.02798664801367092	0.014203678274614842
-0.0034073441455805585	-0.02801884714106726	-0.004758500503672039	-0.00870086940200046	0.022411274974947812
-0.007860964609419065	0.0036394610619696153	-0.002388560745835518	0.006340045300050534	0.017257073720297396
0.04747927902785281	-0.009743335870976644	-0.007257709813930164	-0.005108662545561978	0.02017632959927254
-0.0008931928981017068	-0.0038998834622985716	0.0169159052056231	0.02783999524475758	0.02340938452468403
0.004179035318975955	-0.00015863496490464094	-0.0047162670825164075	0.020602001793147435	0.00485017395379755
-0.01612052528237035	0.004352289000950259	-0.016077561495589705	0.0254554119265763	-0.004659804187965876
-0.0013618108042365198	0.030672863978264703	-0.019657210106253233	-0.03323952509399607	0.01717726842320531
0.00423323267235242	-0.029697061959831326	-0.027820425260836418	0.010842482205627096	0.04733730633401755
0.009537013523456053	0.011828486533818135	0.007032249884751755	-0.0457819314836454	-0.03230785518444643
-0.044406966460676094	-0.012947108980950382	-0.020895348887065908	-0.01829492962757131	-0.010226466541595884
-0.018844932816610694	0.00045402542920884733	-0.003066844979009786	-0.02073021919245086	-0.04024017557039729
0.014726103833562012	0.010080711272059045	-0.00850619977878661	-0.0022717711352566268	-0.0032630941671282594
0.011811652218386084	0.007593315978947055	-0.0020894290213663413	-0.0060205908405201545	0.0020876629774367853
0.017635013641628578	0.006607187811176622	0.002103438500806347	-0.021629060537848483	0.017196125227970805
0.02242030624722675	0.009241952990820586	-0.026762264164661646	0.006241522744948218	0.012256542091235648
-0.014464164242211896	0.031395858601388424	0.00991619200009615	-0.014234535246338007	-0.030092957547919488
0.011267246966322007	-0.03095697764655197	-0.03171119458328024	-0.0068169902070577435	-0.017946117776866027
-0.004879630891272509	2.3227000753153412e-06	0.019903604251503615	-0.007681493798529105	0.02990062912689338
0.0029816960312075377	0.005773372603821172	-0.005873105944536128	-0.03221124997225989	0.017329675110850793
-0.0022001406917525387	0.02083029702117589	0.018983551987688467	0.036924860463801834	0.019350096896518162
-0.006697120992319844	0.0018421537084995403	-0.0010436015182249633	-0.04304607182862807	0.0106486521131085
-0.03162926731171585	0.03686765095599976	0.023108438464455212	0.027876173787318707	0.0369992170863255
0.01880279665729246	-0.019059254524831717	-0.027622430527312027	0.03604317441494411	0.014181942625990339
-9.801065119214095e-05	0.017581138076605975	0.03207205597071362	-0.01514425616040151	0.022155152542985994
0.006271445603520748	0.008427280651523084	-0.007535657924170868	-0.009249106589767	0.028356418182860096
-0.018994845226403594	-0.022679565289612576	-0.019472071894171834	0.03358470583792129	-0.005201909303256341
0.010297107984819516	-0.02126855906339665	-0.02627436338177388	0.02384475065557484	0.01509396477953082
-0.0016965847606669852	0.009714608838382165	-0.00045499512497595464	0.04873251868779799	-0.009789900111528176
0.012146774576813228	-0.013064338254866824	0.0018212104219155975	0.008642175463165284	-0.011432994243881982
0.011472550445663691	0.022345500900931164	-0.027318216789967518	-0.010844682343332015	-0.01553963042612333
-0.004929091655984853	0.04042317698125624	-0.01292242322766177	0.005191493177737241	0.011755040070686486
-0.005562132641221565	0.029208600125432124	0.005748887209402954	-0.031246186203572557	-0.006521473713733247
-0.009623332439148303	-0.037082537379652745	0.02925427813608379	0.008711379341932586	-0.01802221888842296
0.014594844977594284	-0.02130716613767833	-0.016799430771584276	-0.017210611898521095	-0.01833612990516529
-0.0011613499291942947	-0.024122509583177767	0.0039746672343147944	0.019173070122227912	-0.030671330478676324
0.024939523457971433	-0.0005566430157581846	0.002527660487728846	0.012065962179645924	-0.005099125238827342
0.010704824099624977	0.026422015590587534	0.014245136751372848	-0.010036272459089998	0.027888424800400106
-0.01435825353606411	0.0041595834025489374	-0.035571617108870225	-0.02912159985242798	-0.027408408626964705
-0.025405723543586452	0.00896824846306554	0.01488719429063808	0.005172631088362739	0.024036798609973316
-0.019147746022463618	-0.002812865303633137	-0.04057572738644372	-0.0027659893745922487	-0.00447278045392326
-0.014226438477020206	-0.014046865818703375	-0.002262322449539837	-0.005534098090771563	-0.024512532404359643
-0.034899748584307805