UV/VIS SPECTRUM FOR UNLOGGED COMPOUND
INITIAL_VALUE = 350 (nm)
FINAL_VALUE = 800 (nm)
INCREMENT = 0.1 (nm)
0.07351890700261782	0.0736398675282375	0.03459039427315537	0.08532021661916596	0.06181118921396439
0.049291804844507806	0.06710280279234301	0.07385489140395776	0.08842501999161208	0.1020887751126066
0.06529834962287254	0.04151482460623894	0.07480630740064742	0.06047900465146113	0.08805362911602797
0.11237744052785513	0.08369633231868646	0.058598062667404915	0.052445172671395424	0.03784810163713039
0.028039085107937112	0.0474472205470333	0.07414092771380197	0.08071192687972915	0.05904264638273282
0.07990427079905446	0.08603054200969555	0.06284614017796228	0.08095557531480022	0.036732660963409734
0.06591972599717943	0.06253697066750635	0.08104493541132221	0.023275156456865655	0.09455319746391018
0.06655334459333548	0.046276350747337165	0.06958829515384138	0.06004646582920058	0.07723337906898455
0.05840541439725567	0.0784265688593312	0.07611998974394452	0.08875854421730009	0.05164506024031294
0.0776382136010301	0.05396917705990975	0.038936799656491286	0.10847710694017135	0.05954637067246303
0.06483771167828344	0.07810462126329606	0.07241741708436232	0.05572558071701597	0.06734420230884734
0.07589854677785536	0.09275751081313642	0.06527247395352014	0.029685270204936786	0.05519274449473647
0.07953448498906548	0.07379392488199059	0.05851856540467576	0.06372592000917379	0.06251496843781308
0.05381451790493562	0.03084165951476605	0.08453167581154562	0.07173988955447425	0.07359315504364376
0.051409818978479516	0.0572490500285906	0.03949566603470995	0.07256502089203928	0.049458914445913875
0.08358007718641677	0.014694430331490463	0.05684260819408959	0.04791445143615322	0.06957071210093237
0.09979796115551788	0.05991384957835781	0.03038684616062262	0.018946172662869055	0.09657773024002478
0.028485101471855026	0.01384856230454394	0.03706184355055741	0.01905849906918593	0.06714706480474184
0.05472173604143007	0.09410420695995532	0.05885837207243944	0.06767385130977088	0.07156305006642424
0.061719138745833305	0.045791170475247805	0.05987549650153204	0.0540365746949856	0.09741295877539946
0.06953218437774908	0.05432366640016609	0.06820523347729172	0.09795593871127203	0.05702687287222942
0.06344192498861871	0.09892364346672926	0.06688719993721559	0.05365853277295423	0.02668288296731686
0.06933611983129659	0.06373729981872873	0.08053876526768673	0.016547093486336983	0.049114344526281946
0.029650564932472586	0.0682707302801163	0.06902867116973585	0.050299068440048125	0.07221385801413019
0.040396578596000106	0.036648711545332745	0.06415377874012808	0.05228062974395576	0.054082404153098895
0.0842969188002631	0.05004194499785734	0.07538501765777456	0.039040619995035275	0.082673683500987
0.043922780085251426	0.053862594776766304	0.04515656176749944	0.060380828757884905	0.08310692884141549
0.07095297237065694	0.0689663847693836	0.05096693029744735	0.05274757215701605	0.07811719822814261
0.06846320143043516	0.006858258872050981	0.04554386616439489	0.10352725911623968	0.06503348823175106
0.05664920069415326	0.05456455928594302	0.04064420038797622	0.03906692855664624	0.0294132672573615
0.056551717198053714	0.06589865038219199	0.08184153187472355	0.0535696164577371	0.06284484140444603
0.0927901215966355	0.027104094931948736	0.04237906591833392	0.09521743804267832	0.08066000545537996
0.057002327523366564	0.09035873919059573	0.07356421901392257	0.04649840761401988	0.09350096257779944
0.018043363117283558	0.0360536007656753	0.027707162467045045	0.039173355493898915	0.027875834483543655
0.04402082688026447	0.059088798319464085	0.10050801624600428	0.0759327329218063	0.04868904809620844
0.037321086849352404	0.0743882367233573	0.025122225386742022	0.053430246307724624	0.0471439126179249
0.05084896035864396	0.04211833280541495	0.083543086869155	0.0551205167940807	7.83352271867023e-05
0.0673377272429446	0.029675825365822937	0.054021114598047947	0.0771276690873361	0.07002143938265357
0.05689664025406638	0.07636968467492372	0.08558749429445349	0.09343489893018661	0.08204794466235858
0.072557584875328	0.013468173875004697	0.08852335376660567	0.06984547992580516	0.08685447577036538
0.0849999844601159	0.05266328639765084	0.08262528365667934	0.09600233152230354	0.07232360875430291
0.08650712967028275	0.0826818049532517	0.0549026964142189	0.07122254904880124	0.054779649410805833
0.057141404955550694	0.028058127629163234	0.015026343205987395	0.045159169333445694	0.07457379941898973
0.06395050720088694	0.05124834978355765	0.04763318035383259	0.07378341889860264	0.039072279327459276
0.036126729993452976	0.08903273614632515	0.04971279260606337	0.074561873397069	0.02219298653794209
0.03981689713111018	0.07606281676153677	0.07567078226692232	0.06652869156090233	0.09830186012855972
0.06553435191021259	0.032431922495807966	0.05564370402797267	0.055354920151457966	0.04239894284699202
0.042210542037082424	0.06590416027892274	0.07209828950169284	0.02844415257279291	0.09090208837266961
0.09992754162494559	0.060700421882328555	0.08403121704915646	0.059028268778856745	0.05265736471109378
0.052478916790041026	0.0350343955077709	0.02413206570774855	0.09345571864374345	0.046049073358285335
0.03948025386874973	0.07550658125390476	0.05248693644174754	0.07005333308126872	0.0750393944454918
0.0302263237361897	0.03420252934701009	0.04475963258195606	0.04010840222205466	0.052727543147192614
0.03816940026880917	0.05925408313053385	0.060748544722008586	0.08669795950905483	0.09593285797124682
0.07818146353100583	0.05432161284141705	0.04548142299558641	0.06900435056077425	0.05338857258418359
0.08476369110905443	0.06103604693088962	0.09431497687076176	0.039275579169080393	0.02738696477446439
0.0727510510766766	0.0640699362717774	0.09104244478266019	0.08259919375688429	0.06536705884797676
0.059592269741842376	0.09266518233079955	0.08243269734115066	0.07502472132779964	0.07605125761889556
0.06789613306188527	0.044242700482277554	0.0764457699144702	0.05802481929077674	0.023094079973520372
0.0489334578402765	0.03926719811963707	0.07491814278183097	0.05323354571241324	0.09414416906593608
0.05757693921680346	0.04870956646912276	0.03419013923390161	0.0661149838537214	0.06433317724394332
0.0690277048735221	0.04542809518367847	0.08736517405857916	0.060905539687054554	0.07653238644108884
-0.003051033900337527	0.12835301805237706	0.06061520013187246	0.10296560568714708	0.10871510074108563
0.060712996329820156	0.08421432975395407	0.063276875624658	0.0795522703237805	0.0952741123122489
0.03184845809426341	0.07810301011924835	0.05837020270268984	0.10248920643380086	0.06127372324740327
0.045572850656382315	0.06556683526088836	0.08507154090433469	0.06420741058664016	0.09815970375118506
0.06475958239289978	0.07605626916683585	0.08865732574298683	0.101684030032187	0.06967798495408815
0.06837049168284025	0.1068869369097224	0.10441173804919224	0.05960189075144588	0.10365353661825016
0.03691225605649466	0.06858404685136994	0.06232623769857098	0.08462315696762353	0.06919084035373838
0.0617540416917476	0.0068122071746133505	0.05141969829790974	0.06485814909415594	0.08192138240944845
0.036496216789139925	0.05624586231112246	0.06271528338661461	0.07721597071006493	0.03633030395360654
0.08436918824095543	0.10337149684930397	0.0798342019704692	0.10117879530488648	0.04717862857148717
0.04886574121244458	0.04525219733305781	0.06610014522993009	0.08090239859411258	0.07048322700248001
0.024679504728331497	0.05285925056547297	0.05246045977958361	0.07417077334134982	0.04958065292944079
0.07830497308872202	0.09654674644662005	0.11551821971574253	0.07571663723172839	0.04576538408409916
0.12133716608837893	0.06828317065587006	0.07424897329504328	0.07505328927566395	0.10130272716436128
0.06281999658164944	0.06104318824286181	0.10932683584170572	0.12135191241328591	0.08516837154894677
0.028144513965875723	0.08164348365030752	0.072982712237992	0.07482840568843993	0.061023745130513035
0.0950821926998882	0.057502433392021594	0.10427377820491322	0.05043150624564778	0.04651289085507175
0.07649584735001842	0.03976937684737507	0.05432697204282768	0.10884644573578907	0.07375977604789334
0.10179417680950356	0.12225744197911217	0.06571890046123041	0.09097083163968958	0.1092320508930242
0.09074779968116886	0.10393226444376565	0.10049721891445483	0.06454778308777291	0.06892842880772834
0.07694597880369065	0.081471770125601	0.07327329190569143	0.09701389201404742	0.1229622643209651
0.08187170984380206	0.06535380580933288	0.09302113125507902	0.08199989208126116	0.09982371675268815
0.07230453732735546	0.07261340818594024	0.12238955707206649	0.08421867244153781	0.08467356587742449
0.05980142408476126	0.10618956316015088	0.05106367206625339	0.07628355049204645	0.08880821511070858
0.11639138425993287	0.06065004443752392	0.09244724660152566	0.0585861030672207	0.09276191083364621
0.07380364643998677	0.08137704898429163	0.0742160777691994	0.07304660996973315	0.10302730467601011
0.0681004348591025	0.11196515260578999	0.09463456832652886	0.10686621926875349	0.08266898968553987
0.08571600452049023	0.14290429714029274	0.09615977908131915	0.10493679449351742	0.1176610797783705
0.07121869278347909	0.08278411620787593	0.0519324642595417	0.04911180245870278	0.09579796063610851
0.11898628373964532	0.08410069145530252	0.07182130096167737	0.11275986568116825	0.07625498998487049
0.1002030744722845	0.10737008547498265	0.05409248307093039	0.08658887499367714	0.11117808775715006
0.12274913411834869	0.08448227210966584	0.04909380243053547	0.11054825437214019	0.07595455151909009
0.11588912424116682	0.06122455747336774	0.07677274811394405	0.0923881447830867	0.12748429766083735
0.071055706321248	0.12156692438010772	0.08625241887741489	0.10160637466191462	0.1117116054876699
0.0968980412863614	0.10715963862818602	0.09598307446265825	0.13513605989106942	0.12506276066019717
0.09926393240226526	0.10104125958742724	0.09118632291495544	0.06188709872965271	0.08644963320825033
0.09593044531831248	0.10530144938068202	0.1234392691744083	0.0824508368059227	0.10103507547522986
0.10138092102863991	0.08249674494849395	0.08250317660183615	0.09913648225216364	0.10521898861597814
0.08575057702735805	0.11991865192025167	0.10952515043833247	0.126851249590914	0.1229746701631364
0.12216655260139986	0.0882577842458574	0.0706564551612527	0.1210802894969078	0.11681314210663966
0.08166709777879402	0.12917803297922606	0.12933675880250325	0.08569051342785622	0.11167267120057947
0.11070535528182028	0.1333631054210128	0.1372847424452532	0.10844514182621594	0.13747598264407507
0.06109254092900384	0.10376519567871122	0.10827346606560495	0.12316285532057099	0.10889130153146093
0.10782945951964895	0.10330652310996441	0.09189682716046352	0.095991243171038	0.12567026171133303
0.11740642026750535	0.10964795567961731	0.14600004809382705	0.10154566427416796	0.12233651017506293
0.11511310059137375	0.12630304993411645	0.1450488828473288	0.10770876131191841	0.09806706849082418
0.11084226976819436	0.11753763066406832	0.09712003373430182	0.12113112982878126	0.09840963879047815
0.08718886701171125	0.13892595084412415	0.07392758365918432	0.13051778805421174	0.10629454679666614
0.1325733972649999	0.12325091589637398	0.11047110568953311	0.11288684422514227	0.10452682978871593
0.1300130659041883	0.14399802863171746	0.10135993041244405	0.14638276409973278	0.09690348122712915
0.1285440494939343	0.11057312221205957	0.10856879134303486	0.13734292913342203	0.13253561129812202
0.12775995462253112	0.0981497047710053	0.12027201804037878	0.08164110413934449	0.11584776566703736
0.09458262301605648	0.14732504955350462	0.11654632609474642	0.1244800101067074	0.1580785810462095
0.17146003722403313	0.11755452934591022	0.1597911958703613	0.10663935262760206	0.10004886009104133
0.1442094283619789	0.12779897810977808	0.10954242870474486	0.10275249428603202	0.11470719898703298
0.16284979748192402	0.15676119263139005	0.13279939744219443	0.1722803806840404	0.12128951712202295
0.19535740647559965	0.13095265872696424	0.14522616747225403	0.1732169957230903	0.12477307443007737
0.15846376092824666	0.1217156512218557	0.12450315330445037	0.1334998548147075	0.18961751116900336
0.16882240030059362	0.1367460868049273	0.1653990706065187	0.11879193148491761	0.13982385810032896
0.142049882532367	0.17207910821636974	0.15114755158024132	0.18057545646269438	0.13696696126647256
0.1253216602305756	0.18374049145923335	0.13290519977557905	0.16233677147909636	0.1797666065149578
0.1489791903967966	0.164961107029921	0.16119937375232132	0.15273110631707895	0.15323610291986572
0.12123786568963094	0.16390349538217117	0.1288824098526853	0.13084037771303836	0.1362921659614698
0.1569675836581746	0.14995336930065362	0.151159356163659	0.18146901083085026	0.20068203437575202
0.10878572562909658	0.14826261449977307	0.14549453716599278	0.14538112970518724	0.187418801734624
0.14413719259424695	0.18745020073254343	0.17704733459849795	0.1456743526963881	0.12403132667556409
0.15906117118691898	0.15949899120289088	0.15379424424512664	0.18857320930760055	0.16516991081375976
0.19634326225275484	0.17741567097501101	0.1485974353050027	0.17429590061858494	0.13247254381429827
0.15944614094704407	0.15941839430756166	0.1970101030047253	0.18437072820803976	0.18318787362261585
0.1205227484588359	0.1756905044112849	0.15360536921654164	0.18128681287741924	0.17498345664000498
0.1658622354795669	0.172321898297525	0.19873234798367637	0.1648008899394292	0.17587567305860205
0.21233040190646174	0.17849455079575	0.15812161433297997	0.14826532054918867	0.17588629381170878
0.19209413161052788	0.18449745019209873	0.17888325994137635	0.1977320761695152	0.18397024072327034
0.15047342187127408	0.17417134043081647	0.14741618078214092	0.17873000950399662	0.1881520839043487
0.17718492450902276	0.17023935029565174	0.20069520545293276	0.20264170586724475	0.23133903932482314
0.20776242590078728	0.17842560622673867	0.22252682768185003	0.19350010241494223	0.19012906446010203
0.19043983162517716	0.19145827692822673	0.20733975716223516	0.20652387170329242	0.18317326682055815
0.1792507356116238	0.1978237513972468	0.19799885876660947	0.21626807413442434	0.19063972482728067
0.17268835196657428	0.1948084076940233	0.23641260739810777	0.2383542550379517	0.20640234461906568
0.21925371182796038	0.21316988343469304	0.21789523789907442	0.22339250423958795	0.19605179130096867
0.23458833863508327	0.23344064229013467	0.21273695362105577	0.20542952660882724	0.23481304703273356
0.2160654016566478	0.20601816259246522	0.19532011007484779	0.24193202043498502	0.2162021107797223
0.18363786283312838	0.2566030450157376	0.19797345290036275	0.2328938022350171	0.2045114105383835
0.23196684641563883	0.2168619009764173	0.2372551695569399	0.2255798244196436	0.21700145314555372
0.2539598308237108	0.24007381782600637	0.21442497208292335	0.22120737486170422	0.27003028854040606
0.23849970354628722	0.27388399208356723	0.245041527264113	0.23775235010720822	0.2438691574684515
0.24867076360113546	0.2470849257942479	0.24475198395194656	0.2228962086861655	0.2431515134595082
0.2458138093953816	0.25748344926354233	0.2641047815549313	0.23902404709989666	0.21949877573101972
0.2736143876987099	0.29802561451109694	0.22941171102842745	0.29654530257988104	0.26802958097728874
0.27612243279456566	0.24849020931914712	0.29460246914811644	0.2277933440144368	0.29666994153576415
0.2881615228524482	0.22317648716554575	0.2799455004542283	0.29715983862070916	0.2861591211553479
0.27209753440224876	0.2901953319123112	0.32821034175680297	0.2765874368925034	0.2740200570809874
0.2745494295366735	0.28656450618621	0.29096339882689914	0.30447213316150334	0.2909236767204005
0.2748394890664957	0.28813924016947234	0.28137030798133833	0.255059906741234	0.26548601841393366
0.3097551507431366	0.269700005510878	0.2921205773157474	0.2985217271347598	0.3116455585045634
0.29764969711534883	0.3170698349681983	0.34163164467328005	0.3034050465390116	0.28228159305588413
0.27333202447358695	0.2863901069975289	0.32467854454990036	0.3379408970047836	0.2946446771049413
0.32761517373225546	0.2929090019428442	0.3437131288644607	0.30311579041490294	0.3516710540008995
0.29484347717661197	0.34843069805945476	0.35513976678003895	0.35780139075799056	0.375339136231757
0.33470902924835844	0.3727374141557087	0.37325949452459767	0.3298191170503643	0.3735425050078046
0.3229140452055918	0.31538332126832874	0.36738300010676406	0.36887198807624405	0.3684347555288635
0.3735946099991715	0.37079213401127004	0.38862623281122943	0.3678087012751765	0.3666705926114607
0.3706405945340497	0.37578825937254057	0.4025251581879416	0.31451336803323404	0.32860588008055674
0.3974646554623576	0.36359374643623443	0.3903185278367985	0.37677886438167757	0.40414779339231555
0.3861225980771712	0.36217062977673137	0.3814265984631122	0.43580382266475415	0.41831251638568795
0.41702480009497944	0.4299169474865816	0.4243393653854426	0.43443582659797025	0.40741626777493073
0.39711367448081913	0.4077774813980564	0.4049773779330732	0.4016706523748	0.4732110989599032
0.44253970629868905	0.4648997318467482	0.4262785913988688	0.462471410073815	0.4092891094983359
0.43557361744461864	0.4330615025159219	0.46501673754336786	0.4677403437142401	0.47646651563538067
0.46382837378846564	0.45806786462293675	0.4537038574932773	0.4563121009609188	0.4477913482116123
0.47554568764661115	0.47616444932775803	0.482793203206473	0.45520125293482383	0.5038860505561359
0.4629739507798027	0.4703743423582925	0.4928120403941366	0.5107394864612981	0.5138468195865464
0.49580371421420033	0.48442749152791437	0.48680383234850527	0.5447685661449597	0.5004193238041245
0.5356392304889784	0.5111320269229866	0.5210474508337115	0.4828229214444972	0.5284307099419647
0.545285161012769	0.5342819746016262	0.5475918473179341	0.5521461998257753	0.5247707524097914
0.5287820973454734	0.5526177011008173	0.5484812098817973	0.5834412505032113	0.5599079135505423
0.5716693933464384	0.5968955469947452	0.5453890495478412	0.5696309707254168	0.5962155284857122
0.5992354299174077	0.6026246886669309	0.5795538023379094	0.579182100352404	0.6072929656502765
0.6241541457034336	0.5921988297119126	0.6129579762201	0.6203175129014058	0.6757768796556074
0.6184827284626885	0.6164097257467175	0.6714391975923972	0.6163834644836791	0.679519569240508
0.6998384918431455	0.6667315835991152	0.6436626238412655	0.6959389265789035	0.7087676333574588
0.7012361727985125	0.7263310767641279	0.702379075093755	0.7524071862768874	0.6946413878727603
0.7336678806859716	0.7115746018318437	0.7283820863326415	0.7150560459632636	0.7228865819635362
0.7582700713837428	0.7093364516713618	0.74153955728223	0.7841647072399801	0.7589913765175644
0.8117843239463404	0.7956490873794693	0.767855569581391	0.8027727444361098	0.8178906739488886
0.7848886030844473	0.7870535832909358	0.8226619754438381	0.8189284954473539	0.8117542423281999
0.7997871118294344	0.8255454129692803	0.8336951737389687	0.855130294977414	0.8940775951788735
0.8698586425558078	0.846208545719951	0.901800384649287	0.8771773725852773	0.9368550979168755
0.9018017839877658	0.9066980395684275	0.9500124328883808	0.966426035731867	0.9491755642111241
0.9458593393675956	0.9582836594994139	0.9807744937804376	1.0051931825184608	0.9929635406167212
0.9575613698151176	0.988339665331402	0.9849897234853877	1.0100556900962292	1.0045517450048682
1.0042751083043098	1.0630198519402698	1.0565022050878035	1.034716609356112	1.1022302147028906
1.0631057302578757	1.1113695442652483	1.0811035119500536	1.1072084719415554	1.1212595457166843
1.1433105266537347	1.1155235955156824	1.1619599356354884	1.1905923087586334	1.1624808995789646
1.166949173643315	1.1910225853939773	1.1892081452701329	1.207737588223451	1.2153872286880845
1.2521070931878129	1.2160693164048837	1.2587902059622893	1.2912012855272366	1.2469032478800304
1.3150996297255166	1.3089983366303057	1.3256870762923256	1.3515563847963483	1.3713385674707088
1.3396570999619015	1.396544867120525	1.35310387981653	1.410372065269745	1.4544589248931112
1.4267777920273652	1.4237801928580152	1.4581592375491146	1.4542489170258053	1.4924067191320658
1.5017860057888142	1.4952222257441656	1.5270869551209802	1.5635411031545858	1.5728893719400552
1.5738002410448544	1.6002278722197565	1.6324036309587764	1.639877628206049	1.6240336644918574
1.6562096814968856	1.6944335698360906	1.6987180443694385	1.6953703778153184	1.7361051911892242
1.790353946454262	1.7410902233951295	1.765905990911753	1.7739124423862898	1.8040559587801195
1.8449976020837269	1.8518673702268724	1.8763934867472625	1.9132585711739138	1.8904799142743758
1.943884878499525	1.9512898800922922	1.9935130474790717	1.989610060173851	1.9980875830638358
2.02938174519941	2.0588971753555603	2.051431096170891	2.1388897801747215	2.14107122226359
2.1685926641806432	2.1916298689961575	2.149069829685474	2.189845321845371	2.2429635668878185
2.21409876819978	2.302620118809285	2.3391116763012407	2.321760945082764	2.382349665022393
2.370763983891191	2.397889140295351	2.428373153015498	2.429409916993716	2.457838356677624
2.4951389548344944	2.501859920728281	2.558079532905685	2.602337937386187	2.6068107388674435
2.6376007128759906	2.7044799793569836	2.681289688585841	2.6745799509162773	2.740087771460143
2.7123511977818318	2.814636017446568	2.8359330696092875	2.820754135908109	2.8637545487076776
2.9181193256274582	2.939331603635683	2.9209473755424185	2.9936844710429726	2.9942805318639847
3.03664562893516	3.0602884794606977	3.1040735768315684	3.1167690425684915	3.1675663794642612
3.1404720321913935	3.19162765908458	3.252585196378053	3.266943059677808	3.292362176352815
3.315424277962023	3.3466049594036917	3.3707811512006667	3.431433981818086	3.4411658128188134
3.466198706187964	3.472196325679113	3.4872309274837634	3.5279064135973996	3.5610173089979003
3.5677098754165946	3.620807011882803	3.6409009386185933	3.643429460302377	3.731770098392516
3.745617423459596	3.7433028807035207	3.7719367251155735	3.786478111319657	3.82178392769509
3.817341526997583	3.7881884471074896	3.9088372851102027	3.877545819764982	3.917932958767656
3.923014925902164	3.957440986460053	3.9378827172519353	3.9492159643739617	3.970222953999707
4.011832931374042	4.012597594203649	3.997314940099155	4.042867253424506	4.094901251406361
4.074391204517139	4.107826949260599	4.117688789997068	4.1087100964091325	4.141037895294178
4.128695295381896	4.140813536945337	4.140561044369478	4.147892294498113	4.140530605453679
4.17358530704069	4.152659016270133	4.168975661529649	4.166185510350233	4.1848830329854305
4.132232146758705	4.19515832796637	4.165502986114156	4.14671775131254	4.176993265832974
4.185457611971692	4.124673217648359	4.153242052032115	4.169838556674063	4.134869665512086
4.15336687529927	4.127337861704587	4.11104859449559	4.130102979594123	4.093878218844781
4.071364757761014	4.050415426545026	4.055293608806587	4.009578112304646	3.979409413328719
4.011800843351822	4.003347007874368	3.95050878014076	3.9533782342083987	3.934623334340134
3.893210030998171	3.9012234726742285	3.854419271428168	3.8464664826064787	3.820553811741185
3.8061126357612456	3.756728163358698	3.8088754361919537	3.7257343761043042	3.735213203426328
3.6896310196360176	3.6710693366917133	3.6096487976766376	3.6012632360242423	3.554521891615015
3.580018946893927	3.5475006316426803	3.485561116584575	3.4301639888875366	3.473630457314432
3.4384910833352325	3.3882367371523774	3.3574252999425065	3.342747178686303	3.3219804636854704
3.3045275141795485	3.265226194290074	3.2606629464167405	3.259793512742062	3.1712651644970267
3.1431324952202053	3.125931589133021	3.0965998419412526	3.040510803408024	3.019828873889679
2.9793823666364054	2.9837408405921555	2.966669061959391	2.9060369122291005	2.8622788355429054
2.877237627880656	2.865002102946103	2.820637962839308	2.783605620826852	2.719956138573222
2.7607680529520082	2.727366568042079	2.679037134422114	2.624533695843294	2.633986179891268
2.5673070952311243	2.6315330969516926	2.590672273309214	2.5616673637820413	2.5130851466595563
2.480106026064007	2.4465977295164216	2.4047009739267526	2.409710816671176	2.364838852633635
2.3695328800562976	2.3090959633540087	2.32387805537142	2.3152389888387597	2.244362232387917
2.230639104187679	2.182086259794153	2.18976029637347	2.17524058792301	2.1755817249972904
2.1409191858862684	2.123159865727252	2.099201804544106	2.078109112480347	2.0514863010896813
2.0064950170465834	1.9869800496042596	1.999149294211819	1.9177373695183355	1.9090807285119158
1.8880234812503565	1.869327320898256	1.8654245197608874	1.8702808900358694	1.8274799869419704
1.8538200624145067	1.764448952201466	1.7842731478361353	1.7945366303687469	1.757658706116867
1.7228130253828278	1.764113588604199	1.6870386695449262	1.6502389954961296	1.7017203671473962
1.6910920835640841	1.6210992877676527	1.6351308394602617	1.609445106915023	1.571231599715459
1.568979372752619	1.5572575154821087	1.5259003378186662	1.537638895286242	1.5230529280610616
1.4846373810444267	1.4469130843522577	1.4652368991737794	1.45842128443013	1.4315598191180572
1.414504759280395	1.4361496305598747	1.4039004595896236	1.351811267396421	1.3923744230593107
1.3456642524291884	1.289015654048761	1.3563338558792801	1.2863234013944072	1.2953904917756685
1.3025917475482947	1.2701920588604356	1.307292642247451	1.2626471849289282	1.2995499776097057
1.2590523727419416	1.1975778873834617	1.211613544023154	1.2366160250827125	1.1633870651438205
1.1682250056123493	1.1594492496391344	1.1501865413088876	1.114020736501752	1.171263697625471
1.1455595987163563	1.0707855915400148	1.1179853515924367	1.0846957391598726	1.0774050564131405
1.0858974516426205	1.0874784975624385	1.0583730363861237	1.0221161035577029	1.0005363941813035
1.0364134110333876	1.008054429632659	0.9975002908471873	0.9944300190146914	0.9524782331848585
0.9951654185982111	1.0035362710583537	0.9713618682070458	0.9578313736316254	0.9441892021684948
0.9268316194734261	0.9176331521536236	0.9496558464762515	0.8895983123311729	0.8987698605862533
0.886050567925001	0.8599704735776205	0.8721610768960069	0.8613290785632449	0.8845061322192954
0.843219925449036	0.8669984654167249	0.8650359777674367	0.8038807312740268	0.8590048815250898
0.8414478860220974	0.8244572006856766	0.8269824749996255	0.8055316411700993	0.7932268834860956
0.8318858444136802	0.7777215946779744	0.8398590341581874	0.778061813333327	0.7616692001052768
0.7897682067737287	0.7959924452769104	0.7253632242145809	0.7244110442542373	0.733881632582664
0.7093609224387262	0.7653697325604016	0.7016188506262038	0.7434332909429925	0.7251010984296292
0.7249117930601069	0.6704421089861659	0.6601093777671422	0.6849237834392471	0.6996723312615944
0.6807843286757784	0.683179291027574	0.6780302280999164	0.6299875485321257	0.6799419327678675
0.676086865877065	0.6433738795290938	0.6549570899572417	0.6250567593521764	0.6517380553559888
0.6561418189980176	0.6564283507015226	0.5837677579485834	0.6023595387978347	0.6156625701867798
0.5784230557861446	0.6193245895101331	0.6046250364130088	0.633145066591097	0.5973015221901592
0.5853010008324532	0.5683028300339144	0.5662044331692148	0.543781236037646	0.5697731346689575
0.5643182357134973	0.6155670397722094	0.5641407812758613	0.5984393974483815	0.5366271413437328
0.5523791832293642	0.5208221399285302	0.5312115523933331	0.5527960390005578	0.5274767939142746
0.5264684646727806	0.5436969493482292	0.5520878807158697	0.5452365682762311	0.5306910195745503
0.5120464357194943	0.5340710712249526	0.5228753745544708	0.5112921878330187	0.5059907571645001
0.507058170272996	0.4842394947885239	0.4962126946441255	0.5326245271313987	0.48965832400655723
0.4706097461741747	0.4644378941635748	0.5003553766846586	0.4769684621499177	0.47586264071863055
0.4841712964514207	0.4670448503532455	0.4386713494203204	0.4617066723036227	0.44841749751255106
0.41423746193556243	0.4570198685936227	0.44801580380295686	0.4347022402531992	0.4300013611786187
0.4310601926723186	0.4379810798835688	0.4478884950214477	0.4557112653210221	0.4191368890354606
0.45587131930080144	0.4131103609415654	0.41176456978736914	0.440951333288368	0.3690992155978955
0.41419295380936294	0.40517803563991106	0.37825754614578033	0.3945100212721518	0.382077024476594
0.41106162077220865	0.4180671122303459	0.3513630167164587	0.40172429210010074	0.38554402452899206
0.4279056969958615	0.41210730765670767	0.36954205626173503	0.38202967414617817	0.383985664689617
0.3545190785128225	0.3856206200354247	0.3423951554580798	0.3475597283146136	0.4152901528742999
0.34654710793282284	0.3594861400597452	0.35856119003262144	0.3254044495791011	0.374797571290074
0.34377202926969236	0.3693460741216733	0.36915491935455813	0.33139266752540464	0.3469691650498195
0.35298740987552985	0.3687529573718806	0.343983520313283	0.3700406675482705	0.3374351500230066
0.3615976003559221	0.3448727232412149	0.3127852141968574	0.30098579167040856	0.33580465999882975
0.292242571521112	0.31615472780845305	0.33244836543239925	0.3303153919836755	0.3142695895228484
0.2827085095044892	0.34698534446478796	0.29313850412272136	0.2582264869622592	0.2939660686019997
0.2903886029454212	0.3204465691198364	0.2973230775403978	0.30595103463780604	0.3209155336809157
0.2996552412287924	0.29539769239570624	0.28436964356202094	0.29681410534740615	0.27310436769717134
0.27184362943480317	0.2762747856641228	0.274499634534014	0.28572040072978816	0.3104922237446667
0.3036638558722235	0.2647914009975683	0.28414630342712066	0.2767612868065451	0.28567398496499874
0.2737098587770018	0.2665953214791763	0.2641632153192514	0.3038375688417503	0.2625229722739514
0.2669707067603156	0.27538596294717194	0.26101780482323456	0.27007908141772285	0.25121156469567
0.25380895020649674	0.2884362150458368	0.267097290439794	0.27022797036215074	0.26590201476118325
0.26072488318254944	0.23135302019425472	0.22694101160269603	0.2753793659650653	0.2508797249825747
0.2799943853886798	0.2412741326556664	0.2529370500110127	0.2835214071542913	0.23629148190143526
0.2589852797541313	0.2769325306695741	0.2695308751135303	0.2290968662343667	0.2718398570594954
0.25343599301766295	0.2591259694924974	0.23122119706169983	0.2513270778491028	0.24356801955070378
0.24456292519188688	0.22094693557761072	0.2120825968293329	0.22129841937137007	0.24006872030930373
0.22050581643331277	0.1946695428489732	0.2510381556232597	0.1953735491508483	0.175877161937711
0.18749484080225276	0.2346924320253277	0.25355606367855016	0.24698712504993045	0.2627207289845299
0.24256683242146498	0.21266817628893167	0.20612233038292077	0.19755121155435068	0.22358557276599575
0.2323833778631673	0.21732675417633482	0.2150031789794187	0.1870605981363138	0.20143033451434647
0.17204771154145496	0.23032253934480923	0.21306068930397906	0.15772275505461913	0.20108406841354345
0.21094840981468665	0.21745977131044258	0.1837226380886142	0.22976020109405354	0.19527609063211238
0.18993870044526745	0.19707653950873477	0.18544148421367537	0.19955956887655774	0.20575322564399978
0.23129800294355235	0.17648775306254905	0.16474860988011117	0.1855469668325392	0.20522615275881143
0.2171069848958705	0.2134028838300123	0.18782002104805967	0.22684698610015402	0.1660635220257375
0.16324815503552378	0.18426246541199326	0.2005835879662241	0.1698502293870491	0.17828261173118234
0.2020123479095416	0.19427057488923372	0.1725706581609292	0.20961428183696526	0.22133919935137503
0.1694752597178953	0.20571491457569868	0.16268964961977656	0.1706903514991562	0.18445488783894248
0.20014807159030154	0.18600468150072472	0.16544628210698628	0.2290977549043292	0.1724566157479856
0.19094994926529846	0.2016192442056722	0.14522823619574263	0.17427327927459385	0.1507548351963432
0.13755549372335932	0.1761828633546148	0.19657381788754236	0.20062166448996901	0.15307921774847508
0.2054117480726565	0.15454033136689474	0.15052593895769795	0.18391821866734132	0.16130568654895822
0.15629491332209855	0.1856319431116944	0.13383911939566237	0.1805061885889952	0.1378332648435582
0.17670789513223992	0.1526136087137179	0.15357492020141794	0.14205488340967207	0.13567050747029574
0.1580228350107568	0.18901261900074356	0.1339687819022773	0.163623608764729	0.15806932996774006
0.16282944980293712	0.16514170427754	0.13135122815413985	0.13073901234409382	0.14466783025484706
0.18679524611496873	0.09972600650455499	0.15209604077439018	0.15138991035335983	0.1296596470071519
0.14395979947940704	0.18523391229715438	0.1334524702367235	0.15319799350712826	0.1732276698724342
0.10851767974640057	0.16894806842490492	0.13010384881024803	0.17757600088971653	0.11358964039964942
0.1075408196547411	0.09906323055434683	0.15750383097425197	0.1552723744743552	0.1696687673894635
0.14759796465043595	0.12004098043790618	0.12925681515079007	0.14622281375183874	0.111425202736293
0.14482734160646366	0.1622320727079231	0.17476141099736614	0.0812741804689301	0.11659058376852645
0.1356489233527776	0.1545743117868379	0.07790687740156904	0.11185483973321633	0.15752201389820158
0.10501919575740963	0.12948286339552	0.15057355988215618	0.16438059010122552	0.14299448558348227
0.09861333324960876	0.09290154384062563	0.11569115557201035	0.09176513345168362	0.14747419337832043
0.06450939115814372	0.1469851482218646	0.16029078960776819	0.13305658450117502	0.1743560121570044
0.09771514421709333	0.1003289247633071	0.09369460324119934	0.11275398159058313	0.11846265513570924
0.09035418001331011	0.0914860281268887	0.12136054201648064	0.1272843164886383	0.14456388543427662
0.11581976706247722	0.15347733499224744	0.11026871803025663	0.12595362918895794	0.10445327178632297
0.10439347169105842	0.10254106689647066	0.09012446109577808	0.1011204639870462	0.09761165439504517
0.08965633706744844	0.10891027328847364	0.08834131205749701	0.0975641300105095	0.10874683906509684
0.13705007475076791	0.10354251506555616	0.12770442301006493	0.13204079972584384	0.09825390906198526
0.15173527228976083	0.13080838859694252	0.141846138626253	0.10778205578064845	0.09245711381269892
0.11082837665612649	0.10938728591753921	0.12409319223844219	0.10634372265189296	0.12358686200139436
0.12793777173897017	0.09172220574396112	0.15201764995514855	0.1499999167654297	0.1446807435169349
0.07274774795109845	0.10411921172061958	0.13113134652052363	0.08715790471057122	0.09247604633719454
0.0817901448792554	0.11151096981703071	0.08973157511553409	0.12100062211399527	0.07999468404959342
0.1281345288282334	0.11232218250667807	0.10479113835396539	0.13729346626260586	0.11873828024977096
0.08740074026729149	0.09816842746139266	0.10890248089987624	0.07569779477069515	0.06522025795718991
0.08616988195155079	0.07450942462666964	0.06269215370518862	0.11259383658182259	0.1056736480471798
0.06781278564594706	0.09653085553192135	0.08923485565549441	0.15698990147960476	0.13244362084967254
0.07860489805918766	0.09511065381762508	0.10500942752300123	0.07595773509742246	0.12110046819785289
0.12177704016302704	0.11461318549636185	0.08355887819447981	0.1126999498627253	0.09133136636638227
0.07859797927285936	0.07370864348988737	0.10114679441078722	0.07728026382605857	0.10203977592250892
0.09191549621244653	0.12446024914407461	0.07294596729314518	0.07754076305363188	0.13098528087711786
0.08557552206974539	0.11029633488330594	0.13921403257386608	0.09551151440601177	0.12305422227444496
0.09974155809339814	0.08601549134731827	0.11012226693939206	0.06375933757410668	0.09259969716588042
0.09732619793493884	0.09579135156487639	0.09213843011170701	0.11825236425741313	0.09970480439509481
0.0745036516171771	0.0966373195573828	0.11888481061277766	0.09436404018836089	0.10197399320347342
0.099356899454168	0.05937175958373146	0.1101345013466913	0.0737038209688135	0.07902346045002062
0.08223025326355467	0.098986906812985	0.07550017195040536	0.06779291843423807	0.12378071171614377
0.06755782689872523	0.06622000187037931	0.11342171677898055	0.09730823984760134	0.09032711866702832
0.08625830644350817	0.0785538586120673	0.10422664995840304	0.10220407428012354	0.07400867517622992
0.047453491506595856	0.06422554870854905	0.09149784060351238	0.07066679226611078	0.08251583126368145
0.08450901163599055	0.09285115817547468	0.07952020349447682	0.07224335709269855	0.0539055451140339
0.06609996040059152	0.09969546606540564	0.0845967667944104	0.10966256766679609	0.07263904773504268
0.051788325633197144	0.07813453106706851	0.0928051199741474	0.08671687219811468	0.06498768614751735
0.12286175094183077	0.07374095534610613	0.035191962631192696	0.08277559371876322	0.08922942004752324
0.07318553324979635	0.11570904281103728	0.09156827181134983	0.08655545279196827	0.10753706658654333
0.08928158424912745	0.077773843020715	0.05017702479415333	0.07417105414986111	0.09962874771357882
0.1120344806727171	0.0992467252009231	0.04328385543962085	0.06398621358007188	0.05684667390131955
0.09860849943938324	0.057141543496483135	0.0629150332652932	0.059320056375737534	0.044181771851857156
0.056610143253590435	0.09986461224184136	0.08073741102924831	0.07874377127834695	0.06662982800977232
0.07286974183506574	0.1062729303161613	0.10471814483341518	0.08608339590819056	0.08605312050952504
0.09505562027418339	0.08588173309829923	0.04090058140173297	0.07661698819693408	0.035348538354120586
0.07290258240971016	0.06348093199554006	0.06113475850573433	0.03328341000063979	0.08840349417900761
0.07400291496787813	0.08845906110425103	0.0814919622080178	0.08907184616338626	0.04791613537754415
0.08768920965892286	0.0376853763770568	0.11226941617983402	0.08753582235906722	0.024213442574273877
0.04936818643186801	0.0678168430761667	0.057606215833030994	0.06828188111559264	0.07237811063652551
0.024276476836715355	0.10218158065171071	0.0814608526682068	0.10075990042899906	0.0551892175162544
0.058663184799150496	0.06483428953527977	0.08390681286494091	0.050391169413003215	0.07498642559667387
0.09864179462720653	0.07569998937559985	0.06942184621984845	0.09759829554638765	0.06746296809716583
0.06644121192166882	0.03724821616857591	0.06157211178784206	0.07044851760495442	0.006647526511819455
0.09876069809837067	0.07287256288832382	0.08045675376545915	0.10044307601581987	0.06564202093082061
0.07781159647301898	0.07359788428604483	0.06939616221238376	0.0460634084764585	0.04095740523105194
0.03204314764257128	0.0532256410619874	0.030524058435800958	0.08464330550359889	0.08470543869489233
0.04768391135073491	0.08952718767593776	0.08444457866826521	0.08907340828864486	0.08700813348005434
0.039066059034932724	0.07653055045351015	0.06928106196998236	0.11787690302159633	0.07189143202409305
0.057754027039710734	0.04189113031003061	0.11998947968243953	0.060656259727126266	0.029269532075762834
0.041331040889836676	0.05127109915579906	0.0697537918502709	0.049966749675789124	0.01632490282227646
0.04201129657542336	0.08648135308507736	0.03067929848625289	0.10084095142004139	0.05761801659810244
0.04794182024639937	0.0512575954981833	0.0665576585719783	0.029156760936880435	0.04982007403614918
0.059985548663362816	0.02447449839172556	0.03609338120776268	0.038834091633137474	0.04657857751354881
0.058622001927519034	0.04799311426843859	0.06943613905101331	0.04782131816497924	0.031229825397000248
0.05783641196913496	0.04772818998200773	0.03513146965545466	0.07449334851637637	0.012181865836633075
0.06502717733978572	0.07052374808282653	0.043073456823634546	0.0634335342024491	0.03825491882234289
0.023684364639363152	0.07197407191897578	0.04816648940429641	0.03584350553015309	0.03886427723512507
0.056970530276665966	0.04287196814322482	0.022375041569097566	0.07966631717046314	0.07158578040610261
0.06582144593734207	0.02396116326207054	0.07295562789798994	0.06405218303400534	0.037367249780710224
0.029835503723162536	0.05461695562269931	0.030290400082952466	0.05405777981655748	0.057094575165112904
0.04099515865315817	0.06888411491896702	0.0474988281567574	0.02509818660747041	0.0860076501926694
0.08216723357685579	0.023752825455640125	0.02482546902699554	0.08463338013793062	0.0634446559015322
0.06666561503875093	0.040382309322252646	0.06267249831762409	0.02759675232037518	0.07159692841986745
0.04597523627262778	0.07403026231762125	0.029866331247185685	0.06297500220574703	0.029479764805252093
0.019039869625057625	0.03465873530994086	0.04434295421318906	0.05299076525737726	0.020079840347646025
0.031682793991853	0.06267956789419864	0.04091278448241952	0.048399258318995816	0.05410056932202853
0.030999998840059995	0.04605512104017225	0.05109003867185391	0.04533117262533236	0.05989364819174462
0.07026278437626458	0.05766072382625	0.08086927333906821	0.02900289228720679	0.032947095558961456
0.044316092465077214	0.06032543528592535	0.05288196836514124	0.05266879472378163	0.06448424867281778
0.05985919647132249	0.057445917074289726	0.05269131447020828	0.05080128814540153	0.0661099947124595
0.0777154938812001	0.019921126612501894	0.05553105965913974	0.014991893689079418	0.06330641395646018
0.02120616554493781	0.023268634774516895	0.053435522858699194	0.05664795171567325	0.009748648373979065
0.06776006352613892	0.04421775165155341	0.0313036869348187	0.05396665646070649	0.03409719076567964
0.0031523868594327004	0.05445196299942563	0.05611532721154357	0.04466690166468622	0.0113987442001096
0.042324864249208	0.04696106813115532	0.024453312966822294	0.04536755070506205	0.08602032572793374
0.057906500529318713	0.04403109602109177	0.04984668243442807	0.05107288924578609	0.045597908081213535
0.056843061411051846	0.03705249447279033	0.020476107349844723	0.06402905901508557	0.04061530276132039
0.03317213714985535	0.03901137624404661	0.033880845453379306	-0.0003996045880771213	0.05371282133985502
0.015252219387469748	0.08763240643996767	0.08682022080297848	0.05068998988624153	-0.01479159742253532
0.050031390601576214	0.04905166884109892	0.056707137002572	0.050308095434106095	0.0577141107177318
0.06929467453596935	0.047119968597253085	0.05898896878332166	0.05087354538651851	0.10942535303014164
0.09680958304864484	0.07130547650638261	0.022920351860229823	-0.005131051074318662	0.01810743072292051
0.04367017617483328	0.07163166632483818	0.03558467335362279	0.06048319298937517	0.06871558731560738
-0.005928455717431924	0.08107746562544764	0.057764917331461586	0.04838000680000659	0.0425274741680748
-0.015847387247509642	0.05329763552471259	0.03446635225251269	0.025188591678653702	0.03520525143040533
0.038310410622132654	0.06764632309486114	0.02098685720546054	0.10268311513524331	0.021303265827217078
0.0011676181573030448	0.028115477942418733	0.10639569114168272	0.03134165521728678	-0.0063954815415986944
0.04196751550355339	0.04107643171002308	0.04245146364542399	0.0517204051262774	0.02659690875015316
0.04536496787813486	0.01370307246096039	0.03776266749694263	0.007988641551841832	0.049755192052360196
0.007065584015502609	-0.004390543320538235	0.01592595635424066	0.046784822009736576	0.03323200870051099
0.0029352213420451743	0.050323072787276754	0.03935609247741498	0.04785678610642394	0.03445062321251826
0.04192802000463704	0.07801655960793917	0.010696208309933486	0.05340605290688809	0.04823922342498862
0.03522871503787029	0.07077339247569919	0.05848349288120764	0.02022427495400916	0.03350805025047269
0.05437082375881214	0.013579966281989734	0.02530316424592433	0.03463557531115874	0.041926128849752255
0.030696943153197265	0.05164891367002477	0.030852435385885658	0.035566090346272436	0.029831002790358448
0.019881081409325464	0.036643391904053385	0.07463739811517049	0.05335832702051935	0.01502524998043772
0.03240724223990592	0.018014425701560616	0.06567773024446079	0.050366619697375145	0.028846309011879408
0.05463567214756372	0.046470061393319786	0.021066644741260205	0.02421663477103952	0.031141405232234274
0.043872152921580386	0.03264954920850644	0.03510233333766012	0.04916187975435083	-0.0060017824973608025
0.04154967138645282	0.026984995962072777	0.041053532323181305	0.06572874232067089	0.03370042979287101
0.048738740328936186	1.103334883220371e-05	0.07871883266601441	0.05068756403698563	0.04796711100054309
0.026868407918132973	0.019613647540376738	0.020285986162074457	0.04907536519570131	0.012206402513006542
0.038812269936885885	0.028763565336323956	0.07750633922570374	0.04855330185945497	0.04360919532675045
0.04942804805170596	0.01614781240255181	0.07273364966223782	0.030170151341478445	0.028367780529038922
0.008890289121986299	0.03690207070568442	0.015936082170885924	0.049360505110966145	0.05827809419210474
0.03238814738287546	0.05298111522423791	0.020418131786424838	0.01915241851603103	0.00858075776909057
0.04050805650211938	0.03934309390111033	0.0628099357504076	0.019976289432932292	0.003167626325293057
0.026687975360878063	-0.011450965604829666	0.027168660908254344	0.050169523407729816	0.037439634330633687
0.030760606889014545	0.06404355374995566	-0.01794665323087257	0.0512261536464357	0.041871310170209695
0.012983833525813733	0.01114321351826394	0.07186849173981176	0.002254612841440027	0.04886414023680893
0.03963047547554992	0.04640601803330388	0.0650557447775755	0.024268124238548808	-0.003912411735400892
-0.006130713766820173	0.01621361138261643	0.033545074772683196	0.04547237965750489	0.02804045423496539
0.05666733131796723	0.020884334959981748	0.0016303279933788453	0.014774784179168814	0.026046840884732577
0.051909688208656185	0.0637572779352844	0.04360603716531118	0.02591519495435058	0.021915676231375195
0.010603222273275039	0.036440541891318956	0.03355392330930514	0.021273591987731072	0.00036271048789748763
-0.011438660436158946	0.0641145566305092	0.0034902056175452234	0.014377763480245262	0.029749035166739067
0.033715046821915284	0.02834864349601198	0.04046775335222614	0.03202978021530776	0.016099440121804705
0.012093272964226666	0.05442270587446674	0.03274838415529027	0.05765560970859398	-0.014536620444831071
0.026135274569113215	-0.004629682558249136	-0.005468656431498634	0.06724346081262628	0.04492771429865691
0.045278113986600595	0.00745898795873357	0.0171533225172925	0.043477067039640487	0.058628524492876914
0.03669546565405779	0.06895924703210819	0.03143764736218534	0.02076584978978972	0.01496360552707343
-0.0020788792450200455	0.043223539904123656	0.021368658953963563	0.05729971246440189	0.04972038460552412
-0.004522030890007946	0.013381685377290505	0.04361244666296737	0.027840835757611468	0.04121346638697877
0.0013878344685052796	0.048794505695813735	0.019027944382176462	0.031264186744984525	-0.01844402671286293
0.029902381199258726	0.04534571108754785	0.05679640362179011	0.010146344049063246	0.01179607657900604
0.018435534978088634	0.011230095149611926	0.01861264100405252	0.03159271278790654	0.04729948441514865
0.015220242322713518	-0.013355133800785665	-0.019730918742223585	0.003840541851500302	0.05708429640122984
0.040072842181130046	0.007469341879592353	0.021731164610181132	-0.014267886179886034	0.021636759813909452
0.02402594658698219	0.04650204816025948	0.0006541828233357413	0.0533101535350202	0.037454992803180716
0.02163720195193771	0.04736202103012294	0.01038555624420634	0.001112977539436945	0.026813116159551214
0.05547856488227351	0.0175915229904548	0.05754641337916781	0.015331966588261184	0.010804602190375174
-0.012578684871793859	0.036876401843191874	0.06055617585929601	0.02075554973472893	0.026401459558039027
0.0409341517992639	0.058702618422113204	0.059591848542772136	0.034653991283290865	0.0340408325160637
0.02306473417123787	0.03465376750414667	-0.008663793787304709	0.00870625625758215	0.04240759364095827
0.03472223013424894	0.06627077647312636	0.04185323538073969	0.06136628441681818	0.026362272095960534
0.07336258627289938	0.01717604652075875	0.04308828720644624	0.0088343405347668	0.03442043255573197
4.693230557259193e-05	0.06005838896987423	0.0038698642260161244	0.01604245694697877	0.012111171849225803
0.030603432453982077	0.04333931020342987	0.04007785718742091	0.0020696348884123575	0.01754766393174853
0.015155931897979865	0.03340309660206401	0.019145332185196418	0.019835806139319873	0.04116280535265802
-0.002548787665312153	0.012928789626962868	0.046901837083630236	0.025848867456712336	0.05939102618289159
0.020794427642403603	0.054418869483311566	0.0004289965338344797	0.024574885107166298	0.009282215790964493
0.010105982657132287	-0.01168715587751192	-0.007674782960880403	0.06362063303669831	0.03229764011909189
0.04440160708759915	0.019675376390601983	0.011286470917329112	0.03017134939605793	0.0058826661039058405
0.06916201148627996	0.020448774176167903	0.04258659588253241	-0.011546686817769153	0.04900482721175291
0.023999991132600092	0.025798425979241445	0.02720710530835091	0.013433015337817421	0.02334520634219424
0.023370432283846526	-0.010566933394361924	0.010257547553372711	0.022555418522440078	0.0318045529764465
0.03969513851064576	0.038245615649415955	0.014036005388775539	0.02638499367762984	0.02661649087623465
0.02660756671169539	0.033908891788092865	0.043734104754323475	-0.006586157792349895	0.02458710775348347
0.01080168210408768	0.04197215992473328	0.03457713851869121	0.028131750868849042	0.03772973915999122
0.045295757879330496	0.009572136630450968	-0.0053177748608120076	0.04136591495574448	0.03578533958892586
0.021016118156654887	0.026957970214296245	0.01947533168980812	0.02236558174371834	0.030011523693992712
0.03704874525495347	0.04412845261977389	0.09005457266200075	0.03656634534215329	0.03428179553657959
0.040601476836356024	-0.024993157073286344	0.04631485425973954	0.008515315117738693	0.0045870244855501325
0.03339524724375386	0.02505881242147896	0.01882402001214452	0.06560774692323917	0.024620421739082812
0.05130934023263523	0.05466521978881748	-0.002916428242316566	0.026437581483443676	0.021915171818727583
0.03957141889660837	0.0352034921721079	-0.008914183951292018	0.0025978302643886713	-0.009853112714099733
0.04385562919999498	0.0030370341753019354	0.05010560478360096	0.0003964751525274714	0.015491690096348851
0.038937059922813884	0.06674364059776133	0.0073478177669405766	0.035607531450198744	0.024707468300916018
0.07060489841308837	0.05727966939104226	0.019362578305011854	0.022201813342267045	0.029812637506621477
0.04044023767860225	0.03825387272682217	0.06593038781669033	0.023957251151297355	0.03228699701559809
0.04115717621302793	0.048514472491702064	0.04850019998145594	-0.007486859736200654	-0.0021178365322590707
-0.019866528402217924	0.014382465525793284	0.011359909530854716	0.01311805228737184	0.006233087527679905
-0.00930776772417374	-0.0075520442137201205	-0.015213501178522656	0.028546962993259532	0.04228415225779732
-0.006820700316415583	0.021346028235953315	0.0204501433812285	0.05239321501208622	0.04483720202550848
0.04638291090910415	0.015735847682712346	-0.0212145905194927	0.05884910164155477	-0.014363570375953
0.019355126594399898	-0.0035091712774581105	0.008968831691193942	0.0373988458326695	0.022411403110732003
0.054425290121491304	0.006284481970425015	-0.041188466772888066	0.03688268901226282	0.013314807822904137
0.022030067890284867	-0.015398195586641687	0.03454464525516618	0.01974095834483944	-0.005749684008072469
0.0011663404232610097	0.02883797522976639	-0.01985925258234771	0.02587173746491765	0.029696825245475404
0.05328761634602232	0.01299093565677956	-0.003296296733756125	0.03236896899885834	-0.009976649721509082
0.013702699727733244	0.007855532021662327	-0.029448653061017623	0.008088643842050318	0.031097073207497994
0.018689300284988487	0.017192602394377407	0.011974678084733606	-0.010962831768765642	0.02180107290464562
0.02378129672658797	0.03904972671101028	-0.003747890497972824	0.02493266394169655	0.02139957228314099
0.01762433055930387	0.007148655446937685	0.04024455594798401	0.013009948935848965	0.04657718213393439
0.04446332598480072	0.05207492892608922	0.015925479379449544	0.01767929188555645	0.0174172363477594
0.00446962123188762	0.026350036794854967	0.034610005767555546	0.03043107976462682	-0.015610758527035716
0.017585395546395557	0.020620664032597276	0.01243745477907596	0.05897602008189478	-0.0035443708879626624
0.01818668929757424	0.025784990646120824	0.007359310417211945	0.02011348641125219	0.00411406723292561
0.03862374000989141	-0.01490898759751005	0.012532559395766045	0.018518392816681627	0.027910306059228868
0.059037661293570035	-0.012310626134508514	0.04072874837469874	0.03586210590305426	0.042377890709409075
0.014687470484456634	0.017589941697860444	-0.01073271171098288	0.013632411550717346	-0.0007011815180466554
-0.009544764368088779	-0.009964503516294429	0.015559974823750891	-0.04055967950731735	0.06306477011892755
0.004693796415215088	0.028328301934753816	0.03388764317906902	0.02571687775846433	0.014784053992073411
0.04418929094620326	0.021930540560798257	0.04480780515640098	0.013672778617748217	0.02109906474451612
-0.03170564998877615	0.02426833239858687	-0.0057224730388326685	0.0334916239355157	-0.012202357124388143
0.052796649321105345	0.020644924469723304	0.025022296275300636	-0.0011130488264484662	0.06277761734667583
0.032715709591174695	0.06208516112135709	-0.005038196942627724	-0.027172940430756725	0.007003140898776581
0.03393224456813326	0.015204724907462764	-0.025300087522698293	-0.005542760497006238	0.01649191603829548
-0.012361252456561334	0.026579584783975266	-0.01503661956725752	0.0016679723851133746	0.015080747305511007
0.001250554256647279	0.00012783884867924235	0.006978646322938554	0.014528584916073796	0.03562594565651899
0.020520066139037688	0.036488107277664404	0.0022469150895698363	0.02128666573062562	0.053352518926927425
-0.00748806132824925	5.752221037041115e-05	0.017400108924004	0.03735023803133781	0.019205223533682172
0.02218027624553057	0.03095384884065974	0.02515159309301422	-0.014436645395836195	0.009057976683481793
0.016969291659316172	0.025863695608886628	0.024841334092566204	-0.002792943758566287	0.010083942595104799
0.022276700619237148	0.027654103821753796	0.0379912929505261	0.0025660663579767113	0.04121048027632873
-0.00031231823711704194	0.019195629113905897	0.02554721784441692	0.005636828002275237	0.02648879457381749
0.018420498884136986	0.033020875342378846	0.012342441008308443	0.0396344334633207	0.0188966225862434
0.008572462311156612	0.02305059133519692	0.053096739277272854	0.01468999140596162	0.00893321988536036
0.015213669874463842	0.018116810462937154	0.028148843379676908	0.006658521873586199	0.05671023534083746
0.009155655147781131	0.004363785986856376	0.027053235915499484	-0.013197532021450586	-0.020872726047849816
-0.01132824875328826	0.017753108744371044	0.021215572660547622	-0.007876260680130993	0.009404940761557571
0.04828753750721017	-0.0006765016879686486	0.022092753375226568	0.0132908748830528	0.030106901043269144
0.013917420940780762	0.028638039457123808	0.05792744580503291	0.0017440887684673648	-0.020546912482333854
0.016743190262081223	-0.00846304921480702	0.025599757711260114	0.01163930483338728	0.07612858210167733
0.014639419955396926	0.019583770801190902	0.06898219387360902	0.024180892678471566	0.0018578168752346512
-0.010752816874629095	0.06166516604221482	0.034407929105854274	0.028159777472928842	0.03536740830681436
0.04092402840412611	0.022776189396134346	-0.002241314987275195	-0.0010447941238261246	0.024200664783519808
0.011499304483233327	0.00937937251476033	-0.005658497805919123	-0.0075410828016806266	0.029585595119056365
0.022356691140864977	0.02316074803771455	0.004671844538615866	0.002961157768367088	-0.024530765755902708
0.046994421005527365	-0.0007039561888362343	0.032037525553008164	0.024335291028259955	-0.008863510293318342
0.028505118711964605	0.01307669221841959	-0.007692845421356341	-0.0007614941407660704	0.021258878299824077
0.032135148312411876	0.04589579346482661	-0.012309395824213401	0.024280383535526934	0.022368288495516878
0.04821568192065319	-0.027414230543899604	0.0456344048449891	0.024368307910388423	-0.02879709666833907
0.043881507018590525	-0.006438516746006907	0.014147372550517994	0.030996146079533313	0.029579951449169067
0.017838177255089453	0.05403419218114293	0.027135203109500423	0.04107446225196108	-0.019893728665603776
0.046604162352011834	0.009722060155013913	0.01668845182286153	0.041696068403733466	-0.0017651703109798085
0.013754871863570824	0.03843972743177105	0.02419538159809866	0.023006368133043693	0.07057165070505658
0.051981813314145794	-0.025713192925700543	0.015109906702963364	0.02196130339451728	-0.023260953420482896
-0.0363165829607244	0.05262867103889139	0.035796975723338204	-0.02381655902057205	-0.0010425429241814835
0.019434208887580944	0.028507496843191236	0.026788565077268442	0.0037556290918216734	-0.0008874268618748503
0.03166803518856604	0.027627118040507777	0.023485298612500233	0.002713785412988178	0.005983389551163754
0.041545988248650745	-0.002316182729857128	0.05150905388461052	0.012211159927541463	0.004778002505508574
0.02231376037018076	-0.010014307124718567	0.03494706677626798	0.025083762526447756	0.008663920783215383
0.01093946592803475	0.057768785146016514	0.04141710539481403	0.031018779150604695	0.050041255126065415
0.07230414467146859	0.015604498084468815	0.01634973180752839	0.027935340980134706	0.05372366160821054
0.009719764764747512	-0.009396770734060794	-0.023170865643844255	-0.002742270078723464	-0.012204665372521054
0.005499030272149477	0.042786145325688335	0.029985244650500092	0.024520023371036613	0.006628987397598071
-0.011930551239539152	0.03425249690198015	0.0008986210154972099	-0.015459688722911324	0.014023895105159702
0.0035941854482471223	0.01323418588183862	0.057653114373391205	0.015961882480208998	0.019430593016592664
0.040652718898276145	0.024686262856505263	-0.011036094970677424	0.0010545691797401464	0.026935972626245117
0.009248801326291703	0.03182057793288552	0.0022637351619892946	0.011503347982351938	-0.0027232339073261745
0.004995733072893093	-0.014028588610101343	-0.02995119368844819	0.023222628837553383	-0.013807971703499212
0.025581378082889655	0.07404459987342848	0.016227755898269008	0.012622236770568257	0.05255189914437405
-0.0102288154382351	0.05653190638783563	0.02569705997184162	0.01126629007005019	0.02281772005886728
0.012888479993134375	-0.0011936713762740678	0.020957219530855588	0.01943551871491752	0.00798789345470389
0.021092873225963395	0.010606904652188224	0.028001627699159717	0.009607620145558306	-0.010748031756228762
0.022149983548668824	0.01925918410169691	0.012415399407838316	-0.001974404894479592	0.04770601604022293
0.04849716755116283	0.024115732931668153	0.019130614829685907	-0.008352288244478253	0.02683141388907092
0.010063888128013346	0.019535936340993286	0.04538328747177959	0.0062471686199034255	0.033100299409105714
0.02390430597847705	0.013402832894017593	-0.03808913044227243	0.04030568806493121	0.043870209034270746
0.041182644363839865	0.03956540333117499	0.03357842218454312	-0.016795572224558946	0.02966588137890573
-0.015186357383405446	0.017412741041791007	0.0016242031542942192	0.0386119012353895	0.04595479494213655
0.04852882690098476	0.0153191023840271	0.025056003890167093	0.02415396865386197	0.020505988303883737
-0.012176951618791721	0.03367564843140527	0.012944365152511392	0.007702924111588425	-0.01324252577717487
0.01956569725933479	0.020517917470488634	0.0040002717733635396	0.022442708471906096	0.021076460615553128
0.019735043343007172	0.05106669057850646	0.045839489879176396	0.03450290144214876	-0.006766984828813639
0.0583883646680812	0.023033225241426394	-0.0031619092274481186	-0.017415700439700886	0.00869578020971281
0.013481853204236626	0.0002753574599417899	0.025006400158563796	0.03386736909549038	0.025987971459250723
-0.007625573342517005	0.02726039114958187	0.020606414161317366	0.019617438827966086	0.05273333738814023
-0.00036015266499694887	0.011181403869426168	-0.013537815252351173	0.04676512425270425	0.030466982678540082
-0.0018189958889335781	0.018743635996237278	0.018943292680886008	0.018032549711067256	0.012311932896015003
0.0085409296185382	0.003390247206358498	0.04196628897644789	0.022644917371187966	0.03357470855495331
-0.00030608092392445455	0.048822463736842396	0.011912875338778555	-0.000617225948878604	0.007076583536514858
0.00998361637431995	-0.019223659941761555	-0.012864711849569107	0.032414287101201915	0.026712368616558187
-0.015033243638055119	0.013344892690689053	0.005590619696499279	-0.0064377936366748455	0.04966843494476796
-0.006879862127028991	0.03383809704428888	-0.0152287471951588	-0.0004340741318666616	0.020444811058796687
0.02917595340701167	0.009250972314006413	0.029613169819734806	0.03755029736182567	0.021475002408145677
-0.034961139045823965	0.024703424423148993	-0.022674515184094964	0.007906479025915117	-0.009945976817420814
-0.014730407751482134	-0.023755907932845797	0.04032182622646661	-0.01266831321550474	0.03390565965531855
0.014853319984990464	0.05910439421272855	-0.00692938563147536	-0.011832108282358419	0.02405289381980456
-0.021573743108977507	0.016200481486124938	-0.0007987470818595901	0.02810383899977162	0.023233116548119978
-0.00720893127414688	0.02257844625736018	0.026697811961967764	0.020368352646978765	0.02582522995187956
-0.01783458130234194	0.032676960485167925	0.024416949461418393	0.03007521590046102	0.02020255882122849
-0.0020079925573448587	-0.002258652916231738	-0.006150377003239	0.004493326190027201	0.06746783917912316
0.04146274721818872	-0.003951169616140675	-0.024259627067438817	-0.028609111508916554	0.01725176446887361
0.008630470453979052	0.0254003346773139	0.009257186578610759	0.030420032421443925	0.03149149197430083
0.022356881357489845	0.05348447672204391	0.027455224833784375	-0.021124491266037153	-0.000383125956295422
0.037573867270545284	0.020363977533711684	0.0004342875148450314	0.05397932640611712	-0.015567439338148949
-0.0040804343220773075	-0.008416958576382326	0.0372838662935829	0.007448150802125085	0.027248760391269725
-0.00025954526827168777	0.017178856794833417	0.013552656789896835	0.055543196903420085	0.01123836290534334
0.03159713795473927	0.052077017312275646	0.01366013659926916	-0.0007908404451171529	0.011283274810747023
0.025001110563297627	0.05743106670045372	0.01525763353110178	-0.02280322614235491	0.03427253663340668
0.018435481836041368	0.015533108228307349	-0.009034826617845177	0.062321311269918064	-0.00668340659820299
-0.008431031795733976	-0.00727181719162641	-0.01720937318238503	0.00014303906420623253	0.004047143705668672
0.013567874484712592	0.005326535398723384	-0.00244351237720878	0.017926544363465732	0.008813582294669105
0.005327617186510302	0.04287015404491404	0.004545142490078069	0.019083860510874816	-0.007918288725290261
0.006154750243169529	-0.012466212021066611	-0.010317873675376218	0.030104898060409568	0.02618826321894284
-0.01934529391451403	0.015870215536200445	-0.0003495088973869461	0.014416563645286855	-0.017327279114506745
0.05739693888954977	0.004044748704108278	-0.014614423863482497	0.007870162293056794	0.026715924037021083
-0.0029571971714059363	0.029664291467514793	-0.00390781833639804	0.02552508653168908	0.014546510123731614
-0.013825677358784063	0.006032204637448652	0.04784543670670539	0.003756930231598591	0.02994392000573953
0.0051038469986867206	0.008645468541767022	-0.006538891375081756	0.0017455675044668602	0.004050518492597155
0.019684189653750107	-0.015605803142311487	0.00024003489073052935	0.06106924651012689	0.03130512982926323
0.02189273448500769	-0.012241200904659851	0.0011936035441232704	-0.015977236971172516	0.033711540544062626
-0.001790519777258187	-0.014422834729509577	0.012623798543844104	0.04174725207204349	0.017097978748332323
0.014834830178744166	-0.00615295086987616	-0.01467186811822871	-0.03604133054039205	0.04826670562802902
0.011768710826114132	0.05329738930699984	-0.0043592050383937575	0.0257419190548252	0.013541380599984188
0.05009897876855836	0.022398145364996933	0.024973738574956918	0.02779494029686675	0.04646967739473826
0.010491130710880535	0.015246002216288171	-0.01198440173018999	0.016540476129577562	0.017192733038125012
0.027815531366232785	0.011558903691767337	-0.010934322327724568	-0.004695236509324704	0.03025298129295631
0.026795469855799003	0.023370855777996656	-0.01847507090302398	0.029135920265424047	0.017269123727322408
0.021329600387413418	0.011068208468886953	0.024814520372237137	-0.032291305932907424	-0.004901810338310051
0.0012371526726281902	0.005224491149381744	0.020672961392588063	0.023531537201457085	0.01696752454712532
0.004828225781714992	0.015481887181267553	0.0029671781477845468	-0.014532778024170405	0.04909137009118
0.022661086798076747	-0.013512444884483936	-0.024807773546290775	0.03828972367306949	0.013722138217888034
0.009240160647984967	0.009900313077367736	0.025078876508339835	-0.011264347898125693	0.045069074039792274
-0.028641408016210575	-0.029326704338152827	-0.016030347653490026	0.05552144323871899	-0.020763836888980012
0.010320984413137628	0.03460387024566573	-0.002049550146589557	0.0013156702975038563	-0.011580815274604188
0.004226027555565569	0.009041099870128338	0.0010743632450995063	0.02181770523773219	0.00436154696315264
-0.007877410824213274	-0.0011222791269473228	0.04897529601764196	0.015971631422647955	-0.01903904829304351
0.01105554654164726	0.030483945802405165	-0.017900258322321432	0.028996843036875674	0.015109355365885997
-0.02317475584744964	0.02020223115276182	0.0200274702971939	0.0269227791785302	0.03250884782390802
0.0016178019573250095	-0.015804819433470618	0.04087321984582166	-0.029525587261616682	-0.0025440511447262
0.02847410488488178	0.0015244491463546842	0.026171042667144834	-0.00016533754856048587	0.00639635832841131
0.008302359392994656	0.0015800295563710943	0.018143471011752756	-0.00927167131313375	0.04730904666735225
0.0269537905300453	0.022351155593033016	0.022567817440205747	-0.019715849283127584	0.021285797810718377
0.054621531786641156	-0.02851888081632061	-0.002639247818732052	-0.008304695747296871	0.023851309455123038
-0.0200953780593623	-0.0027502249414125685	0.0254954142489386	0.028508585941023356	0.04046020903648869
0.006849100935070469	0.009226155577792041	-0.00712492743447783	0.08536432173489178	0.004586270615934063
-0.011377573456887951	0.021322884400137347	-0.00994563109403437	-0.0019391033694264696	0.03840231885499166
0.010330835217610093	0.02498586736710698	0.04064867641530001	0.0032572125371519633	0.018405064288750026
0.0356745246518167	0.02130806629089046	0.0035982123942939776	0.005424429502593102	0.015469828528041825
0.05486655803997132	-0.01117410890035811	0.016616289994659326	-0.00396435479804752	-0.000980156015429585
-0.005400641296784222	-0.0013178097258227481	0.03439001000724494	0.0206908315750172	-0.01272300695840433
-0.0031564600337726408	-0.002183340875733117	0.016377033862010892	0.02870115811147586	-0.028211396096827615
-0.04720888027900172	0.028320813549619146	-0.02229829389291569	-0.024145043568072993	0.03291214723438764
0.009809246465027194	0.04999765611204012	-0.00018816625489044688	0.014200976591423447	-0.0005384648541866691
0.014788106567590116	0.012160547524183718	0.014323940230459353	0.036858360535549764	0.0010180637879690186
0.029763640930815162	-0.007932338376516808	0.0013535443108873913	0.01634003535969436	0.00714332612048535
-0.02921825290771719	0.0019702124015289818	-0.011742273072778923	-0.035545129911082926	0.0114019996823504
0.010310426276031244	-0.003915515321158933	0.02471595511185107	-0.04079404313946976	0.018695043142325153
0.015229388076016166	-0.013980945716283116	0.002382083321119232	0.03446505203293469	-0.012010952233925381
-0.010819604966499339	0.003977177109972244	0.0231239539684047	0.01630067563665471	0.013786220056779538
0.01959211249564701	0.002596904249751328	0.044990364245189665	0.0227614270310747	0.013413310883271395
0.016994180420871405	0.02575212750711936	-0.018750443181962475	0.055258904907735475	0.01601921966900053
-0.0170207782640833	-0.027042649994926324	0.05622118869335974	0.0004914727745238684	0.011241920751140532
0.012210942063801543	0.021509422181839925	0.010099549946643702	0.030156749558251095	-0.007875065072401181
0.04080197608086516	-0.021828433816567946	-0.014245662001827737	0.030925304865288692	0.0232417291212222
-0.016341946809469186	0.03224566084225353	0.005900838436434765	0.029886970988421763	-0.012002035480529
0.01446767091896603	0.02645082274338326	-0.013953036820843867	0.004288649088664436	-0.011875682113943062
0.013826026877533874	0.009925484867007993	-0.00508485473592431	0.01992989179748858	0.025442446469615458
0.04344509367400957	-0.004056426079528732	0.003769833292304268	-0.0309173348462936	-0.0015260671351627212
0.020515028451915225	0.01847369648464386	0.009510336732165192	0.002088552231686442	-0.028184029038472995
0.005216820206164314	0.021784072012781434	0.004149185001123119	0.019364721657528276	0.019817389524775353
0.009856655361843903	-0.027390997299215115	0.007229107279490408	-0.028981988984244676	0.022658038187057288
-0.004861221112728547	-0.004075512664660251	0.04274703398479574	-0.00012287381883520267	0.024246707912951113
0.026002011393600758	-0.014770091896169686	-0.04320593017964	-0.010009065434598233	-0.014137587526531721
0.012997117035617876	0.0069954451777574055	0.006553496473509938	0.011953457758654959	-0.017265252224067093
-0.014461592190617331	0.014681892950988411	-0.021465081469578595	0.019696071559014584	0.017362323762006082
0.0589269153533303	0.03325964250414659	0.041440046109895955	-0.005594134042643386	-0.0017863296160485946
-0.020362825214495575	0.03512851133752142	0.030493984895095378	0.015713916184628994	0.04620590975902433
0.007728745598340803	0.03647071809742398	0.0167126889543046	0.003969996852735564	-0.01445187634145687
0.03845902790402526	0.02029934186360757	-0.04312403868316939	0.021911802908544394	0.01077655104987028
0.08593719567379655	-0.004884215132077274	-0.0042063208349289675	0.003224671235197117	0.014158352311270456
0.02907713081003055	-0.019300918784335583	0.007531533624408106	-0.011154078357071292	0.009325120599588
0.03244165546868536	-0.002539665121949697	-0.01091657922385111	0.024944626903738984	0.05300701181420276
0.023742959373038428	-0.03220385048757028	0.04846004572529619	0.027441619135019815	-0.033516357011307285
0.012563374321488203	0.015044723043684231	-0.0010878928778124642	-0.02996950940191569	0.035146836126949264
-0.01920634853735835	0.001009702207120428	0.0009896250448143042	0.002104600315681288	0.02723345933258666
0.000268858587588767	0.004375225420331634	0.011241373050638456	-0.01903089604462422	0.010570744837205642
-0.0346464568878538	0.010728530595316779	0.012863113012886163	0.03474622359375612	0.011736848564854916
-0.010410372951189684	0.003493855545930208	0.038928509545856575	0.016927757200412046	-0.015788438126626076
0.007503443876257709	0.003466580211245858	-0.015427034713120156	0.02668339881204586	-0.0048626748892157574
-0.001740748356846314	0.00126454091777508	0.02520570729784579	-0.005419041712493615	0.02159755290084047
0.020062388121674067	0.013233885981718981	0.002173324412356661	0.032567310700797866	0.033947900200219476
-0.020293197726642127	0.0009954021205909138	0.0034938023249670284	-0.01092173103106836	0.02173647993664924
0.030748345045752107	0.026990363816809998	0.01620005110155666	0.008516712117947571	0.0462938341554458
0.005427245196806018	-0.0018198132703355187	-0.0016978052712883088	0.04366346961691119	0.03416565204960624
0.03585799518072375	-0.00870222175503012	-0.0004319992764698496	-0.012820684851594601	0.023404152161027404
-0.011668099905408812	-0.017029973148983853	0.020206913523338938	0.02409164938633138	-0.017970052698982397
-0.0012355004904230833	-0.03148960184236782	0.02562178241512312	0.01901023965441594	0.043731392217857164
0.014499108573558744	0.025459036310381766	0.03728526546122314	0.038413438094277254	0.033472177915120964
0.013766954100889186	0.011818115982401614	0.028413722367425953	0.004909582556820471	-0.004868328646590074
0.036692427133130895	0.010284663428028914	-0.018698821806451923	0.020388601610211093	0.031510316642997284
0.002921035846866314	0.040404712229732145	-0.0286403630096249	0.019382593834788783	-0.005667349459760707
0.04336786285436285	0.04258616498699711	0.012746594144165905	0.0045276987190839895	0.004209825411338258
0.016851487070529685	0.01703279126129534	-0.022120973030171118	-0.013249418625666082	0.006720295087556057
-0.006917097600012382	0.04316076044919558	-0.057521492146292125	-0.01019736148805782	-0.0536886371219161
0.0006553232832099999	0.0018969671793393275	0.010713786067231222	0.0090002967839149	0.0031759938355419987
0.010725360936652004	-0.014290434612728286	0.01234825662672822	-0.009831897622506814	0.026263139631160524
0.023101320101120062	-0.028331821980981033	-0.005482741762260512	0.041357383817837746	-0.030104767982075054
-0.008922239715341364	-0.00661026745217107	0.0418259415151138	-0.003635650817486058	0.007174138384364764
0.03189156424680398	-0.004009712862255878	0.009245908034084687	0.03274914273526737	-0.0036699480996252283
-0.01298829605891204	-0.00452688339372077	0.013601796545024277	-0.024422553610742633	-0.011463335225937163
0.0055979165145537205	0.0013881324214953428	-0.006882943516654102	0.019510020321221032	0.021815694815978094
0.013055474286538011	0.006578638663631561	0.001859287640576193	0.0046039673741446905	0.06272440891396457
-0.012649458348436766	-0.002948956431781261	-0.005428311821085232	0.004806426447612777	0.0362052756250615
-0.0026603455980213093	0.008845500759078292	-0.016838623189282562	0.03173369790990942	-0.017764272821949548
-0.00852196691777642	-0.0012948482115193154	0.02451940092772381	-0.013355116518128023	0.01628529374892254
0.05313267673792077	0.041031914479326276	-0.02221059365762825	0.0016661780517678642	0.030149951033296964
-0.0029486493600405506	0.0115116016725875	-0.0010907916857344855	-0.04191298541335336	-0.0003062219864794257
0.029990279762390763	-0.02989820425960074	0.04495089176536217	-0.0002629588453123097	0.021413077107661094
-0.023673875133959316	-0.013468479652426982	0.0003515153113603357	0.02606179508530003	0.025109307317790597
0.01780001588265435	-0.026975289594238748	0.013393785414707168	0.03982008934940039	-0.008294089950998715
0.004341524928328933	-0.01904905822465107	-0.021369537979606418	0.026547094410502924	0.015987782605148722
0.004666086835908185	0.028029413823929573	-0.022655514720183328	0.025285295747678866	0.04769029632913241
0.026163522666405523	0.0021177808010042713	-0.011684339189731566	0.010555562362136294	0.018507159655699643
0.03835882272220378	0.04799070573545456	0.013455199633714405	-0.011503362838583924	0.009385646054219625
0.006912303933290576	0.02846088078231289	0.02092241427582507	-0.004611490585457173	0.003518965539642276
0.0027475741961186257	-0.02188833584351482	0.02369518705624209	-0.03028140790699285	0.010881741950089717
-0.008191628762404911	0.01774679329877868	0.0005510847717040464	-0.0010859967655928986	0.021031826118498832
-0.012792777607096802	-0.01566756820708504	0.009812682362108874	0.01428385618654465	0.010108823418437777
0.008797151963086931	0.005591558285218239	0.01023787150052995	0.008613785836644048	0.0015230488853443004
0.010708678589756476	0.01967728254238972	0.025320735000110558	0.023344855602649477	-0.007333939425185725
0.036331373302236965	-0.004219626628357732	0.02731397112678629	-0.001376898288514482	0.015272152028318733
-0.00769256891706776	-0.03727724122915944	0.0062192858040146124	0.006121921893025165	0.0006453372197315049
0.008492545804861376	0.009976037597483747	-0.00672820309664197	-0.041651702605780036	-0.0024646096102197397
-0.0324076819679352	0.014682638454209047	0.005357345052688941	0.0375836700194056	0.028875549519829125
0.00952954503831554	-0.00594896700477766	-0.000886824303200334	-0.015413974995653792	0.013969223716590103
-0.013285453719680242	0.019129937081078914	0.014821526379752982	-0.0348112498683729	0.042147605484097024
0.03519653679663614	0.03401694142763087	0.0014555609910590012	-0.0040366647849271065	0.01283957070079053
0.027553124272701273	-0.0030688921081143926	0.047839156230386655	-0.013299085282998844	0.01089532756181687
0.026731076969535167	0.0022420747459973196	0.02935441135520518	0.008324960754330056	-0.016028072128115276
-0.017304214708268977	0.03999548950908029	-0.014718056481090556	-0.0026766115537924587	-0.003555931782144093
-0.01733233863404377	0.0012823893430140747	-0.03947086695915797	0.006661087920362187	0.007753733088740728
-0.024533107468606697	0.006877067593638425	-0.020030755376065905	0.016265057281746063	-0.05206379270568174
0.013724825342887494	0.011499200187566987	0.017569670245188178	-0.029630847496532362	0.017429661893508433
0.02156769060621641	-0.006627906134767816	0.01679083174723733	0.009347069733168425	0.03312535115286488
0.006063282341214124	0.0216230366745784	-0.018585460693036692	-0.007824593249009004	0.06498991033856749
-0.012209107521450869	6.436470080512999e-05	0.037600565222111394	0.012894726036036442	0.021655903382587167
0.03310137343862469	0.02341048485206127	0.002931885395781564	0.005137024751068697	-0.007542857142567677
-0.037426723067228655	0.0028437263588629086	0.004863017883073228	-0.03480392733517355	0.008988431247193696
-0.027370652602724345	0.02308143950264154	0.04673765420219278	-0.023888804543002507	0.03127442318517347
-0.007304456456004384	-0.009104919177729317	-0.026561782190324276	0.033867428785729355	-0.007806814098353617
0.004377616671590607	5.2564115213920605e-05	-0.0056409095007923325	-0.002946470786393195	0.020153695258245757
0.003019052421811568	0.042154490750022686	0.021486965139330343	-0.03898963481277823	-0.01881944835354592
0.06154269657133446	0.01900093338400666	0.025165653096265738	0.027986805179522303	0.001448581827671277
0.021297000195856185	0.01909302461296763	-0.0031805513134504702	-0.0038166690337932616	0.0005399852705397813
0.02332038760515759	-0.006859973871420348	0.01114868495050173	0.01512985490453404	0.01343479229444552
0.045384693226597383	0.020240314034517228	0.0038058320252079003	0.013724230538741614	0.020320208764913524
0.02625007371251348	-0.00979123509872639	0.051811323999763924	0.020974444035676013	0.034855090279690526
0.013610685777382916	0.0036706441796557727	0.012414642448845598	0.03599789022802023	0.011841207700862692
-0.0006263896848478314	0.019168924293658494	0.0074979942592031095	0.05206262686117105	-0.016446922758834515
-0.01463018527500349	-0.023205769410991076	-0.02887830647758553	0.01728579673664362	-0.018297068409296947
-0.03445670466307031	0.01022711537177108	-0.007940245894742692	0.019341959689433683	-0.020335011010311377
0.0029491100836889434	0.018237260388818014	0.010617109113296707	-0.001692944197070772	-0.014932054188731407
0.04038382332669732	0.016230118737314683	0.019362938428477642	0.020580301923266476	-0.016085724390152212
0.007641841328343229	0.04699044375854936	-0.0023079735156743726	0.027290718332892837	-0.031119348597510837
0.02863358933407862	0.013089508669175208	0.015530142391476588	0.02069066031873328	-0.007986341262717949
0.02499854550365912	0.011496924563436864	0.018457765425602696	0.03949044639444916	-0.007830205977343269
0.006751678931601153	0.035868087333358764	0.0220877384195452	0.01613482648541672	-0.009585678665463265
0.0007043951724627351	0.02555152875965073	0.02111151395888565	0.048492348430862156	0.04576793807876645
0.0007976088922785184	0.003868060972286072	-0.02297372486521856	0.03727414113694965	0.02062366622694559
-0.04422671036883216	0.04165686961669461	0.0014291791801888257	0.049539637929638856	-0.001907721796096734
0.0012978385586681317	0.029098000373826836	0.0158565945190373	-0.024564007957115715	0.026652655498702365
0.026724218225931747	-0.03852904941466104	0.03831418612122761	-0.004333839153157713	0.02859629768126136
-0.018760229947008926	0.02249261980449281	0.04774244804265959	0.041000312304548925	-0.03651364595080237
0.03568445048418126	0.010598000099839536	-0.012230452153955153	-0.01610201095276255	0.003477995902189535
-0.021799905755614087	-0.015575203062987665	-0.0003722534837551786	0.012774973180498375	0.012676246048603793
0.0054377308828615885	0.005224507025172701	0.032126834962030594	0.0024842146055452825	-0.012713671486630848
0.0015914963382896753	0.004180337926529691	0.03217490137326621	-0.021931755370078722	-0.0230467208779635
0.013405424207139633	-0.007142859302603379	0.02282567538743256	0.0297418983742064	0.024215054595191392
-0.01772578333047433	0.02654234779836444	-0.021047688553169908	0.012553678871240516	0.020714496696215022
-0.0006629110102748079	-0.0017671191627841904	-0.004985844961355601	-0.02154130723254573	0.008749009853975193
-0.012850492107862533	-0.023152928304201632	2.5492508310093025e-06	0.014473473689571133	-0.006936615055829378
0.0013046694349913334	-0.030361246256266964	8.257980555277482e-05	-0.013214551159286964	0.020807839888386744
-0.037906750665365516	0.01163907894778166	-0.021743552843711288	0.013303243456649254	-0.0040275115725432395
-0.03600285473468823	-0.03378866418217619	0.016227835320288365	-0.013759529761332207	0.013781281982403472
0.04043205357739754	0.019976696298042565	-0.017180349473448892	0.030734952762994008	-0.020532557510618117
0.028885091047698524	0.050351375717665854	0.023296930447496426	-0.005405742880532337	0.004924881832234835
-0.008047393062788243	0.0035514857533377655	-0.005148049508320182	0.012676949383498042	0.020316713149100187
-0.016037676904525282	-0.024975526007033143	0.025917565763329285	0.008386044759011804	-0.03317373380729163
0.008987483313988947	0.01177751486191736	0.008886209781710808	-0.01655954058613607	0.026013133081013416
-0.029013450375184987	-0.0008575472212250968	-0.03085897870086793	0.00951701844706183	-0.00026847698108699823
-0.0007321021697746896	0.01669373993270783	0.010636533825716905	0.014492088455109974	-0.010394569847130476
0.04134056122982919	0.042525694619082635	0.01353622211760529	0.009913022849237094	-0.013267648872721773
0.012394309745197844	0.03661509428129965	0.04496703767505925	0.02902587857759311	-0.013669516147418626
0.00020608926953278456	0.03427236998181604	-0.00219620863783232	0.005952338740276113	0.0066138333659011735
0.007135784012576887	0.013209328006984747	-0.012754512077742622	0.03248032106405769	-0.003499920955995995
0.002848297151981918	0.006212594710719034	-0.028525448330723457	-0.011456148548629677	-0.006792185741018581
0.00811973906000256	0.020553101618465814	0.043321494574590426	0.036631901010966084	0.01464153228284158
-0.01818125533670683	-0.008321180500171159	-0.02529828732215965	0.03580301386791046	0.004108912216400276
-0.007708985709973554	-0.023968798028907157	0.006491426593316742	0.012729971189067102	0.0038153108465009077
0.010742626038663099	-0.007605925571723343	0.009375652142982503	0.01574738614994156	0.004443322157003815
0.030598567921664672	0.0033558818781431335	0.03763755327463595	-0.02974865851048649	-0.010051644197739826
0.0014144465266111243	-0.024892409572450112	-0.02333852857062707	0.026224128591867662	0.007538397730140094
-0.01079234891309205	0.03216327003631108	-0.024120693817721774	0.011921544294111044	-0.007334937509070893
0.014566312958725864	0.0023884801539576094	-0.017822722442660525	0.030508859443797647	0.03125940175123406
0.010806072700971885	-0.0038801212175118057	0.023028537653132067	0.0016065093019485429	0.00879991603597264
-0.0079464547761776	-0.017756435803921194	0.017447211289009504	-0.0039084699722939705	0.019757688453992665
0.03826044885316583	0.026719693918227445	0.0009419776772727258	0.02449095142958196	0.004544902780329287
0.04027412125995722	0.027309724790952932	0.03585252013819715	-0.006943937114737984	-0.014394973710468086
-0.003407734892156582	-0.0074494001404187046	0.021023457638029083	0.0018556213797196175	-0.006271299709176028
-0.0006068987444273204	-0.024477608940010206	-0.005021081456601755	0.03172021479402578	0.02522844737359502
0.03663446588999213	0.006978273587946882	0.005752147123517166	-0.031582733573097224	-0.02719715933620205
0.030344828203391502	-0.014849188122908589	0.024898300921302227	0.03214507240939786	-0.0010869188364050555
0.002678390797453023	0.011500266144856271	-0.02275969233882015	-0.01500457683062541	-0.005186447189111687
0.03840098231417282	-0.04171153619603295	-0.02312323497436388	0.02524722885531336	0.015919122732823143
0.024501414960947165	0.008152569557280546	0.011380071501992852	0.025699780671615026	0.002339598562522134
0.016983941241843672	0.007824939163142447	-0.0006475368701668014	-0.027767985315253964	0.006176913959782437
0.02026974157589111	-0.013284213642884155	0.034086598251677085	0.0029073270854179083	0.0026563786279056433
-0.011791726103172194	0.015298036920425421	-0.003319677799649888	-0.006164284359961758	-0.016354680976398497
-0.0037587456425020854	0.007768315264082563	0.005702372281820196	-0.005810539248368132	-0.007885245121198302
0.023637488561618757	0.012692074549370741	-0.004991915269545497	0.01890252458288086	0.04141166034699517
-0.019058661765374713	0.010487847311240113	-0.003516398766672228	0.014564708503159374	-0.015528212285717154
-0.0033159197521142195	0.029828295531213946	0.012193083693652726	0.01481060131093391	-0.01559761247476626
0.00954182338798125	0.05203080585899688	0.012857750623314974	0.007615324236265739	-0.004834657519443639
-0.010952480891083635	0.014589640519644693	0.015557822980974991	0.0028711405807475537	0.011119955759785714
-0.0007007746433885208	0.017676230178898918	0.038993916388721656	-0.009408579995843568	0.041769553587227705
0.017226140875550775	0.008749803847554942	-0.0015648011352523746	-0.015718185105632543	0.041964937147189095
-0.007453056884861968	-0.034400936473420594	-0.010637535353042005	0.02144714402628131	-0.031206426788301194
0.024902429144645043	-0.004430155214955635	-0.05417507265128627	-0.024575506310267586	0.0025989374755063855
0.00802017030900581	0.012727444174926203	-0.016205290696748455	-0.012647414905668657	-0.03395837303873728
0.01120527724075962	0.0065185808819776085	-0.004850743453077598	0.0317549595610564	-0.01005248268138161
0.008961728551665216	-0.008349639372783782	0.0009304197554871807	0.005328810016826836	0.002273109522518918
0.027071365039354044	-0.0036441353756960573	0.00171285238254107	0.009585241416955059	0.01953325345347899
0.014888323603242621	0.021802071383098802	0.016764680347689194	0.003980321053996787	-0.010682608873350272
-0.01662042679981451	0.018988758156822647	0.024137954872915496	0.0007622691793312659	0.032893416748839444
-0.018691754304230524	0.012890220832388135	0.012873606636458859	0.009033005932455306	0.0017420783242043806
-0.011980995467294404	0.010713121137717354	-0.03367725903088577	0.01395361161703259	-0.023671847939258875
0.010604278136473962	-0.009995604564055693	0.0063765433783886825	-0.018714407053559375	0.022384545417898458
-0.023650769390521808	-0.004238071694160834	0.007029988278324417	0.029226127988550295	-0.006679488184509099
-0.0025514686160664434	0.025462910668908087	0.03479060806191024	-0.02230843627204479	0.017382746235574863
-0.001035669910705723	-0.01306049183273504	0.06145191351811555	0.021553164429212804	0.004984242458206384
-0.00628377078443578	0.03593003977728638	-0.004611714255252421	-0.01437590174188265	0.0494863679963541
0.005298510727635935	0.00752494983995641	-0.025602591212413674	0.026166510442218894	0.0015904244668479683
-0.01680809552423916	0.02580077271328957	-0.00396147194856629	0.012781075514561266	-0.028299899993750127
0.010553836423588798	0.03458436821802218	-0.0243608190548295	0.028303979746445548	-0.005960947135489944
-0.015663484631526822	0.0008163430962559594	0.025017164860427234	0.014444021763100834	0.012253865648022446
0.012443955589217764	-0.02741813908905041	0.00827686517667674	0.027642416086071476	0.019361240535829844
0.004304242938499412	-0.012042463971802763	0.03027804966028469	-0.011902669320437029	-0.008589471631683887
-0.002863071212165367	0.034262657945828036	-0.002764669935568881	0.016991042236969095	-0.012361514825851985
-0.00166994935316138	0.007997451586196257	0.009376653184250051	0.03370265934879565	0.02226481736129468
0.015601198957529308	0.012969217963624885	-0.03252841133798569	0.007821902073336578	0.01786530549331488
0.0016444431854305166	0.03791507861054515	-0.007234177917106155	0.03244116506517508	0.016764330516937348
-0.005973281722981634	0.01167409346960987	-0.03291233749829285	0.007559202143033439	-0.002743838772218483
0.007096746177060869	-0.006841072336347537	-0.016786925710400885	0.014115665906694597	0.010644504019194798
-0.02994253226854373	0.02903177700152309	0.013268683076535451	-0.0029405095322075454	0.005463327967021194
-0.011583359207437586	-0.011799370194164011	0.05876787019465962	0.02731996367174378	0.014614204540011678
-0.008284071856539135	0.016131965634148954	0.00706036691757214	0.00719003960023031	0.036338534439083366
0.03297437240300663	0.030658256297328143	-0.03688632637366104	-0.037811078159381444	0.0024826517492750476
-0.008825066221334176	0.012620268330127202	-0.005500565049848867	0.002443710739502268	0.020517589601660818
0.0013708265305124989	0.002784494185077711	-0.02783335040354548	0.027974921531492093	-0.036211988902634565
0.003976072267229912	0.02603784944799678	0.042876312983555986	-0.01538850879359802	-0.006838159443828075
0.0001846496066634975	0.024582832575086103	-0.035427351561122034	0.017909654564456746	-0.024355048810090787
-1.729772715706665e-05	0.035290786493976316	0.009243867925073396	-0.014884703646206242	0.01473805620466354
0.054307750326066544	0.012923935608981496	-0.019840126616193134	0.006952185138186785	-0.02206070652303974
0.025945791880844126	-0.03269224684562117	0.0005452147397406737	-0.01342689671123219	0.013445423890264162
0.027623212788596897	0.0031425990527819475	-0.023319253866431015	-0.006178430821373135	-0.02098881971132517
-0.009583312066491875	-0.007573879475665561	0.005299137658450286	-0.007068489599343035	-0.03869231735336371
0.007024155823265714	-0.03645878993403416	0.024007917106545325	0.01795967943158916	-0.0028328870767401933
-0.005442300513795692	-0.00712840796997358	-0.009474318707736847	0.03743800615373078	-0.012722151088963497
0.0075086995408700855	0.009086960484526202	-0.02875177837329633	0.03108814607649438	-0.0027971120220245498
0.014042949677722237	0.0254545097628297	-0.006274298646123793	0.0529581287508279	0.028676791858563835
0.025770130693520465	0.020797610186075212	0.020352912594929655	-0.0021650105492719597	-0.015562620410420553
0.013462099601338132	-0.03442285352532001	-0.009218009653178693	-0.006564005346091292	0.0036365365195642485
0.011714695047868928	0.01156091260830413	-0.010542820379401806	0.004187853351998399	-0.02134524539042736
0.036176266983598104	-0.007682346996334118	0.00035386652502634444	0.02359945041161605	0.04726780702382163
0.0237123686618506	-0.020081651306275705	0.0009358084049797882	0.009722504547296146	0.028198511219550068
0.0020470430118102153	0.0072777696960354965	0.020767801486050595	-0.02188815051907696	-0.007784057415156812
-0.007610069277711716	0.017321210703329346	0.013608987156532824	0.028841365158306938	-0.009856588360271812
0.025420540385335883	0.0069267579387491795	-0.0005766717947361091	0.0005319441225598389	0.01054913034969941
-0.024600484282856154	0.010766977918031256	0.034767526154718044	-0.015504889747790886	-0.014473772263334881
-0.015277029848191674	0.022273673618229812	-0.0024654365235038753	0.03004671065326401	0.023365889908327143
-0.007919976063191307	-0.013292454443546585	0.038567513173677015	-0.008158891539934463	0.01144797872325217
-0.022609335658734474	-0.0033673066079558706	-0.016108527891811792	-0.023751688131242822	0.0218123518885057
0.028658230019563254	0.011988520133210353	0.01885784252768878	0.02984518869142957	-0.0073544259088663844
0.00563145896852668	0.0029239249120120462	0.020262452903054916	-0.031950017336973974	0.003424016181188783
0.049690169715366043	0.0027642836025126407	0.02081255963543178	0.0018806503723834212	0.009414818986619673
0.0021372691914159987	0.050702980356050024	-0.029459549677789746	0.02338964750541511	0.02335030610749137
0.032556384132053265	-0.02862679729852354	0.01195030489140786	0.01130485737186545	-0.00551460411750801
0.006516202099340946	-0.00473891514211202	-0.008210106126188105	-0.0001458140596911012	-0.01996324747172002
0.011845286767976818	0.004994299185636094	-0.022593889676932356	0.006926999564346211	0.02630796604756085
-0.015462305901326195	0.023896540072590997	-0.016824689463427335	-0.0009549588132298295	0.015118405442904282
0.028097487368213953	-0.03264136633085329	-0.03492984243025975	0.0036918748518923548	-5.4165131980160207e-05
-0.0035431559718438945	0.04298553418794968	0.026562289411262006	-0.030046779181349518	0.02645636575445033
-0.010849334630481827	0.0022656561452520044	0.02239432089370724	0.01591155020048872	0.004332900706604647
0.014511337282540157	-0.03766527025115887	-0.016513349666549517	0.008092577828238457	0.03519195387954545
-0.01930156285121404	0.02545096831003123	0.026414630292045917	0.0015765252878830625	-0.015274139454711714
0.0033428353636295333