UV/VIS SPECTRUM FOR UNLOGGED COMPOUND
INITIAL_VALUE = 350 (nm)
FINAL_VALUE = 800 (nm)
INCREMENT = 0.1 (nm)
0.13481318392405361	0.1518190799237463	0.10441803963696514	0.11449534998528905	0.1563535194936834
0.13307544317598394	0.10649183592661586	0.09814772249510044	0.1440800665785796	0.11614840472903233
0.11810697294938459	0.15699386743332436	0.0847242080691199	0.13213454067744623	0.15261346239927903
0.1556479641663988	0.09719145383021728	0.0960422904702732	0.04973466493430096	0.1413845614047056
0.10501016402443389	0.11274487817604167	0.12367348416642177	0.14947798890228298	0.14645376530284904
0.13205611041861162	0.15778733974938516	0.1096415877334416	0.0895984297090893	0.09520716640496898
0.0737543821035826	0.10438919078689525	0.0886801821765495	0.07210058321087726	0.11396216344368741
0.10987114174593172	0.11169310155378016	0.11243946378230583	0.09089334755004926	0.1202944618422056
0.06077597710942816	0.09848258897548025	0.13617852835725017	0.11635405698289475	0.1078016735715618
0.09900083611200604	0.05790849696438178	0.0876783406734912	0.07510537952816385	0.07519701077048886
0.10737493940341152	0.08315689533054606	0.12512975072676047	0.10450507286092489	0.03409222635303914
0.10945659745123944	0.11450553653503583	0.10040954982248149	0.060129869969781216	0.056721663001564934
0.0748342161209974	0.10156493082820686	0.04276613846456574	0.12033489454746062	0.056264046721651625
0.053279424023801966	0.10287279047027606	0.06355714931670763	0.08338128654154255	0.04820915749610034
0.054158932652631095	0.07605660375239592	0.09258713131437159	0.11040192957823527	0.06354278909480515
0.11426700091221945	0.08914321911976784	0.07330161743705609	0.06902556387661234	0.07638289349851332
0.0723598440658226	0.0787486939523437	0.048018695115782675	0.07926136934105257	0.10498582375451077
0.10359825375303708	0.04255005017865711	0.11106483550674613	0.08843014871391958	0.10253585894083246
0.0519083836520479	0.08354210606305339	0.08089790435785177	0.11293054310420107	0.08056697460122927
0.08569705720601893	0.1013718793843351	0.09016706122779956	0.07733779907172578	0.07275415657035586
0.06474082629504166	0.058987661663478116	0.04742511351289168	0.06101441074214569	0.056644276459803376
0.09000904663080181	0.08063584001448522	0.05954031159266928	0.04876262694143577	0.10173923511237626
0.06970982256175934	0.06444869531713672	0.06173775025235976	0.07542058741982413	0.025507306539160862
0.07236293752132973	0.09447800841221414	0.06572444033258416	0.05150756134602649	0.06115773638094582
0.05747716477878585	0.06267897182760963	0.05923937122095286	0.09445823678331587	0.08311216175476858
0.040644481802358336	0.057352923658458926	0.07304971367761418	0.049284218743464676	0.08127539561949214
0.024152592363867475	0.11035949341634822	0.06038034147534973	0.05237410552834994	0.06279231516496475
0.07405896525569469	0.10167492497885872	0.07509871893686018	0.0803648880394478	0.048801265813845536
0.06381336161790929	0.08963568885856481	0.10463802104138532	0.04974082000186428	0.07778478663043502
0.06904358915580588	0.09308186337098291	0.08368977405434833	0.05479238768019073	0.0588395064697882
0.037130760208829695	0.06991845728467416	0.05857933737260006	0.046625359208072335	0.05169322427007941
0.03648416569887297	0.053139131872304325	0.08816444983996383	0.07863178603269944	0.061983485597818
0.054081204723427964	0.0257258332836206	0.06812528034709654	0.029378627989430747	0.0756959606377836
0.04067695805319318	0.07918162981404028	0.05609370258597904	0.0472387440979192	0.023630422164612017
0.06114174645345742	0.05802731252341873	0.05083683161272806	0.07718104923724861	0.058943865452537166
0.04248985371256119	0.08307616719081673	0.061739929710950416	0.027197191654661515	0.047454685668942
0.011530050139965192	0.044904001780487875	0.05289370201594443	0.046249663015393926	0.0397921941959676
0.0627268514583884	0.058330466954618264	0.045860887205420385	0.053162667565912196	0.01022312734646923
0.06324311165078392	0.03209988280359802	0.04238802607247983	0.033621158140330384	0.02354338662726497
0.03321021391369523	0.09628491555148136	0.035522180950779456	0.030149404692615775	0.05960984366370752
0.08370003002707542	0.051078706595835154	0.0510874763198981	0.06581753729736024	0.08794414641048558
0.06151140155553856	0.0511978951229736	0.08647640606486903	0.053708015466204594	0.05622854387750229
0.045450379668296514	0.05460821135756477	0.036292513884423144	0.07429053913800328	0.041405390548997195
0.031330936939692224	0.0464279064264212	0.042422556972705	0.08177280525969069	0.07121781511312902
0.01000099429750543	0.04307672978935395	0.11099322667684075	0.04818987180276071	0.0003183693544592083
0.07403096388599667	0.0467220333904256	0.020427983363750058	0.061458713789070384	0.08279516957091641
0.03936074989671105	0.028245156209412255	0.021497883232031	0.01893183320884618	0.05202095041641503
0.042368329442457865	0.018726962261421294	0.07517519066070998	0.059651688291523904	0.05052318350364775
0.023907999386040688	0.020729568667631502	0.060941411169482804	0.05123654654064755	0.022164567635107754
0.018378352128105065	0.04943419121047765	0.03613748991214002	0.02816828499030842	0.08146141537851476
0.029298241694279102	-0.0219072558679112	0.08601696469755235	0.04802694296625669	0.03097996652723027
0.07215112501882454	0.03801296903993708	0.024037956022303193	0.061859890861974035	0.03481750916883365
0.08236230501948237	0.057958740218730195	0.06380568030151738	0.08517263384040497	0.041378811939748336
0.0818546001701436	0.025956004877804473	0.07114141690511712	0.02872266011361435	0.03902671194740114
0.03841286973383615	0.04989987094824031	0.019583483298379088	0.038591591887791585	0.020805447001153
0.07261533516658722	0.03948752406291192	0.004663225849967673	0.04111493017234051	0.036683449524692775
0.03429576727229543	0.010909775002459597	0.047326987720939205	0.037484013866603716	0.029362947696145985
0.02106350917870161	0.041444688943834754	0.046540160472237566	0.04326316788836032	0.03299953544147068
0.029883590258787014	0.06481724870249997	0.017580561901764342	0.03367959877821037	0.02727456657067859
0.052703656544237774	0.03136718031492518	0.07150052209392627	0.01868806821509235	0.04028084738819131
0.06067865515087946	0.021971363255741484	0.07175287118578866	0.05205983623970926	-0.011935139518592408
0.036631000818984155	0.05371652132207407	0.029775481951887506	0.044611854025726184	0.03357543368975351
0.09381082088016347	0.05147877434061639	0.020560142293280487	0.0570497036352117	0.06706024759077424
0.03288171037263157	0.01980162836100516	0.024791506717079737	0.046655841322892085	0.04678480577419686
0.026664765916665414	0.01436911518670599	0.04205570127879077	0.0764110576896601	-0.013136601259024022
0.03570339184196289	0.070216398007385	0.04597503677566827	0.025720270244802036	0.0012020014886079244
0.027241364905588736	0.04261779194731776	0.03658019337612402	0.05971496476379837	0.02742144040245029
0.030969549616311442	0.03669593532675367	0.039947922125251285	-0.00894389432053536	0.062247832609400366
0.033779317822315885	0.04471419393160919	0.029945018631872926	0.06832059217022307	0.024221969555828744
0.029111548349101245	0.007760650620443845	0.015894538792947832	0.0800469721453178	0.017251563275501626
-0.0026479670229030434	0.02345778924640781	0.07969867731156545	0.06145069385156267	-0.00814948830841155
0.0037646428920100434	0.02791621049367131	0.017260218234288825	0.06508677608574943	0.050778656700905186
0.039032292301188064	0.017970940899194585	0.0387485899543646	0.04267894761763154	0.0492057276453978
0.01992073842719437	0.03185592307084923	0.03644296138680022	0.033670964258871595	-0.009530377333766996
0.014370990508870926	0.06702358410852322	0.0520260756247044	0.031004123824929553	0.07030365326630961
0.05973175771943329	0.009695361751109379	0.034392445321226546	0.04154838749933238	0.04792945182578594
0.031229735396356085	0.017962554176675506	0.036192759262730696	0.0395341460727581	0.01307980395188232
0.025630796056017417	0.04951775490842886	0.04403046129751546	0.04405600684355754	0.07171296583698439
0.026851192543500574	0.051771723412715784	0.029193315926582298	0.030851899505389326	0.02643829952079898
0.02646421259053819	0.02662517442919427	0.017537580000865065	0.02426646527234051	0.004214306392125959
0.027327518463310482	-0.00025519405076558947	0.0099198859814384	0.026435274343158274	0.0658259670689463
0.042272735353369395	0.01331525670450112	0.057279722285844825	0.08021063165494872	0.011996686771740227
0.08341229743978192	-0.00882921793200432	0.038669968176485985	0.05448005139576739	0.041763432371064835
0.006918070578017209	-0.017124684684341668	0.045678939299425646	0.012980716029726462	0.0027077587543359086
-0.002130535422694667	0.061696275397464466	0.013836756123599385	0.042696158624475504	0.046497728126516966
0.024231900651553704	0.03839642282720723	0.008191916895993603	0.007656636788516092	-0.013041984666750998
0.03723353915827704	0.05016598460382303	0.03715405274213768	0.04140283573870183	0.061785407759008266
0.04127138718619357	0.02530483283424488	-0.003573036156381844	-0.03764108748653932	0.02840423407737887
0.05367217041075592	0.05577949586886982	0.021277969831568648	0.012892494997656765	0.02724612012212961
0.060851918875105326	0.05219111222948691	0.049839273740328406	0.002850917517637255	0.03367527210626375
0.021187021177079834	0.016684842710396882	0.00807509579575183	0.004729849323766245	0.019604639013483076
0.033802697014158715	0.004881899529529003	0.049731876944147484	0.004228847442059159	0.04126841210276686
0.007926188808918662	0.04113493289558023	0.00969057941424415	0.03365977100986511	0.024702488068249377
0.006000053596328812	0.07409617332686495	0.037937751809244476	0.018827383380011158	0.015946775014747422
-6.743310474445485e-05	0.015905798662493736	0.04568894897132742	1.5585740736853292e-05	0.026807181437152192
0.052044230612059976	0.00933909274020554	0.01658601386471674	-0.0129403869306763	0.005972256482197586
0.010803518600785482	0.061176500947818964	0.03372352901751619	0.04283781259058475	0.036966570929827774
0.0037081379024021623	0.02426223877028641	0.008052344269950662	0.059660207189947655	0.04405977409870439
0.03871682420066578	0.05150251059886264	0.042679663635584064	0.03876754751479073	0.043711526514652335
0.014553533311690518	0.03495619210472861	-0.012709485870372687	0.005010199738875028	0.0019053578592399915
0.010543352894594162	-0.004911167071786602	0.0540294854196344	-0.010922342778135438	0.018161658795557818
-0.0013339419645301788	0.04712246263879947	0.038168965304695816	0.024573836362597273	0.06120767820344584
0.03211254380805477	0.028645383568295518	0.026192691183121786	0.003010467659142829	0.035034642565186506
0.019217105813326148	0.018617057312002798	0.029860643044638157	0.05722599828480743	0.04667992071052975
0.005333621545359899	0.037307854368509974	0.05545667347184694	-0.02137974289131852	0.029501498718796614
0.05226915835743633	0.042416856382805734	-0.0021712122911520387	0.03282956859898333	0.010341071721529104
0.032121091540057795	0.06634075551785133	0.04619038699698528	0.02143333264262665	0.023830905599847723
0.014473801181598089	0.013999301288542428	0.03622447806249213	0.04338407309062347	0.017428262077048184
0.043255838381194546	0.04780073309065243	0.0012617658582814856	0.023527259046265243	0.010295206063817355
0.03145071411377346	0.05082140094221534	0.008241791596091112	0.06398674131977515	0.0515535712802984
0.02427759887783559	-0.005670229880209218	0.024777496548719045	0.025264442720163184	0.007230846272704828
0.04297998747762563	-0.012440601602531477	0.02304912487500932	0.019637471158935042	-0.0025368911677846042
0.023084464709963035	0.055534109960234085	0.012565255110906205	0.00959574812724764	0.01738652864902308
0.06818439753164383	0.01871828054991889	0.05671166931028182	0.04787130254349411	0.028068208375679332
-0.0063642130714297255	0.024587310030697203	0.04097038291928626	0.04257356370622814	0.005266134611130458
0.049589426881076246	0.029726525207934465	0.0029514305033076548	0.010735749011810769	-0.004678355961528256
0.013741343971209588	0.04262255205411121	0.023803984893210842	0.024994541314080652	0.03176669554175873
0.020594947934484988	-0.005861761190782657	0.051441331826604424	0.01035042810496085	0.017658179378745788
0.016218451107994122	0.023204463292933495	0.011907656961252823	0.023015786059219216	0.019268512310256322
0.015059578779583305	0.021128325642094187	0.027427481167162045	0.0034324718216560517	0.018874203765321732
0.032033379267673	-0.00024794120847856146	0.024965216754410057	0.04421516990504333	0.01687602165105405
0.03358920398426442	-0.0013928775222520552	0.020433149779599157	0.022827208956434135	0.048298768715759444
0.021463483132877107	0.039582092596870566	0.01587344855043748	-0.0041754054629703176	0.01567592671335462
0.02383847721163393	0.03132517214279518	0.003613816132503175	0.004183835605715323	0.03734929613236629
0.027343624186637414	0.026562962744503222	0.03242554695294056	0.07340877140496115	0.01102196218668506
0.018274580472305253	0.0416217678473414	0.005862714657102846	0.0063464606671040785	0.0069326814084053395
-0.015084977104649377	0.04114820421695993	0.018842611412168267	-0.018994013079407443	0.0032394513464065623
0.04641769308419272	0.02978693068661532	0.01696340897276841	0.025385639352748096	0.004008770497503197
0.018870652267643895	0.03677415805497683	0.06516094772737197	0.0247267986572942	0.03486299839394605
0.025859487503096978	0.037973934062422235	0.024613704596539502	-0.007804094841968939	0.03508273881565225
-0.014631828378541496	0.048773118991739306	0.04470972113120429	0.011399520422735284	0.00989841801967132
0.0477261012250735	0.032176801992486216	0.03416497103689118	0.03908825999758477	0.05638550281127236
0.00537265328299952	0.03653052413069274	0.016137599915807148	0.028039138004898025	0.03845411090565442
0.02185787816114361	0.05628443792938435	0.012123512728813138	0.02143749353130627	0.01521956580807106
0.04500106105217893	0.03236597970827261	0.041672550180112275	0.05503574293425464	0.021148944297218593
0.05072295695870925	-0.007224409832931607	0.061209938841973954	0.03660364584018261	0.05417414025638402
-0.010116002741152435	0.0456618004760621	0.03010158931145792	0.013233373545128243	-0.0036105308450422504
0.02629381803377605	-0.039060026897136835	0.05533843525183225	0.008902768754849619	-0.015182770085569456
0.04516122974629843	-0.0021593147112068207	0.011632075146620131	0.0376530257153721	0.028014617332782047
0.028521022572539585	0.02981736709918301	0.04567388105312703	0.022313471775984747	-0.01668709653727162
0.017665409677848125	0.04232420794041204	0.02750881031440438	0.03224810748740329	0.008241133155090768
-0.0055847245804830584	0.04312712203437157	-0.020589265270374312	0.039271179483438036	0.02185793326833759
0.04610704165021683	0.007930098350413322	0.003092891380117903	-0.01014163820156493	-0.0023306894936192847
0.0686178965304596	-0.019614183675797883	-0.006134514484910267	0.03437127197755249	0.015926012545449574
0.000909133354414113	0.02763859994625223	0.005511454562838653	-0.0036903881676132585	0.02454743482027935
0.010437045122646194	0.03057912843917284	0.041456843550648166	0.03822973632584986	0.028425973252658287
0.020710640754736664	0.026200570532870334	0.011947818452607117	0.010198865854168989	0.003343668346517073
0.023649968680147862	0.0031805326541182975	0.058522561179174815	0.02694661539730174	-0.005316139457510441
0.016219613355497958	0.02961637845667225	0.029510080682573468	0.04032185407463133	0.015573724657925073
0.037445003412217626	0.023076191012968168	0.015129406062788727	-0.0014968647637920854	0.009353767135233811
0.006145192844628877	0.03166623299075808	0.024585673651242833	0.012227186000979808	0.037052772516003946
0.006179085284173349	0.017938823404022988	0.022016423217967353	-0.0026131636319236284	0.0498112690222314
0.02965543377477629	0.010908038917544832	0.004221120889898003	0.029087137048599627	0.05760975146068404
0.039480638306590064	0.006478820529480374	0.04912713073952466	-0.017040898403146272	0.03122757518246359
0.019078402165778018	0.04860840665819154	0.007174563373961835	0.025882837725169274	-0.01715058618135483
0.009100103378995004	0.0495873357561877	0.05140389959154487	0.014921897438638348	-0.014702674321050805
0.03089676468290389	0.04057041766739529	-0.05822640977624322	0.03689500352629286	0.03321436608565019
0.045626043801957505	0.0032162051531156822	0.03181043441420267	0.061179873011899547	0.03138813633269037
0.012051724273913423	0.035051790861766075	-0.01113383963731316	0.0359879124569109	0.05880262754641491
0.04026288210394422	0.04086552646107617	0.02134804174726164	0.017658917629043577	0.04678420552763248
0.032712257091657634	0.06300322199333942	0.06988654850902369	0.018884975176368397	0.03445533714999292
0.03711224842450493	0.06158658584778568	-0.0046659125083152895	0.01157876386554878	0.04289716732968572
0.032691306295406675	0.03571787045067828	0.019549313249056677	0.028708373864850124	0.03902301002173048
0.048753250032225984	0.009994403464413125	-0.0014378867152845367	0.02518765098232617	0.024220730084997782
0.007152286824146484	0.011649882904832475	0.05461541239164515	-0.003936226742051041	0.015314528436148778
-0.01533985507466728	0.06829309471235637	0.03257705581606936	0.02104900380041027	0.03494280119470578
-0.001979478746688749	0.0016242997291576952	0.07240079196129759	0.017600036573488465	0.07735983982709792
0.03048238388288739	0.018775371526271865	0.04730903669282804	0.05591188402946115	-0.034851348067898184
0.0021443104026960193	0.05698377661396264	0.0008897961449534534	0.013846084146913806	0.05846665070946866
0.0072520292859670965	0.019348491251311183	0.007243612743131736	0.005558508956399007	0.07877873706065451
-0.016246587627710616	0.013604526324229298	0.03957817676601133	-0.005590627702112123	0.002774022188062425
0.005271001095790621	0.06384608057315207	-0.0031660255992398837	0.02332267926702975	0.03712179489059762
0.06178403628926585	-0.006627912098899807	0.00861819687180566	0.04083281565745606	0.04124317472006278
0.06250152763773596	0.031798751499948326	0.03679040056048309	0.019235685720853973	-0.021854332310267323
-0.002259896583482435	0.01682493698153094	0.013483187330816243	0.036899302709955534	0.035696153275765446
0.009910318925282852	0.011563974768393104	0.010414276692088303	-0.011286127283081236	0.01932043335125001
0.013491256483728861	0.01186807843889058	0.018633248301663984	0.01633027461689141	-0.014271201202850302
-0.0003318766192913717	0.04164795447581496	-0.005841600102192783	0.02993022959578743	0.0069875303328187
0.06711239275740019	0.057516933368645426	-0.006732131238057482	0.021858600321276518	0.0040657646538303895
0.021842405164515317	0.06071892729870607	0.0419540070663513	-0.017494107007402497	0.0438611023292294
0.05982251762377378	0.004322467013760692	0.05477781683074778	0.025432538919479573	0.0436120773855041
0.01639973046762679	0.0027995527112329	-0.01007441202071263	0.02387516338565126	0.025517453189252724
0.037206181017325084	-0.010005262723108156	0.018657311897187955	0.03976597105488623	0.02029844172997184
0.03237270743029551	0.017492587537018166	0.0019077320124426507	-0.010701214106839631	0.030187935940057885
-0.006437288869973518	0.034816238655724634	0.04018040124015132	0.012674147665326202	0.022171249011571144
0.03221602838949429	-0.015791435294182254	0.013769588445563478	-0.01917096617078891	0.04157008524471662
0.030755682384615166	0.04763809913169804	0.011757403228849874	-0.03341522066238743	0.03286443347424898
0.017273485853264114	0.034193736553816904	-0.015507706461498818	0.027008523421663093	0.012868732228335664
0.03229488914005363	0.03054398979155419	0.030064001203178273	0.014490619206986083	0.054735565607609234
0.03326367119893997	0.02323567077209612	0.024027049492959945	0.05085701821341664	0.05803805034402518
0.022081413467742443	0.028240182085286593	0.0440002914628338	0.009102293954478776	0.019720524023000403
-0.010390652238551226	0.05502103803106031	0.010802850930985024	0.028659484907257626	0.043253815070385906
0.006867951578852647	0.02267356907386984	0.005586025373278474	0.012914558304558444	-0.009195829386928013
-0.031150925859780756	0.03475279629964609	0.06105995868539059	0.03771502063545972	0.019955909005668612
0.07089713286196028	0.05474187388755136	0.0069152417703844974	0.020772174906484656	0.05029363351911366
0.01730386127322998	0.01900627604101087	-0.0034083181812748107	0.06910339112862748	0.07279162269488074
0.0023332193260561223	-0.014080037155563652	0.03408891684444101	0.05149072486702957	0.06606990360086877
0.03048312646797077	0.020571335738016353	0.01899176252415974	0.04770343816778802	0.003711920904509681
0.037034008093588824	0.06471644391876959	0.04811894504262129	0.0011793251255524224	0.009961540429650986
0.03983289461502046	0.03953898576937002	0.03902686264117539	0.00717417954138478	0.007847618008636774
0.05055499387209733	0.02009270453697064	0.038028093481434155	0.011031855500986603	0.03553365679994804
0.029627178910853084	0.047264731632081704	0.01508105815125488	0.0032500309599952683	0.020419244548645916
-0.0018418875025115484	0.05087259938341324	0.012976746656830058	0.02995901627787068	0.03942844878694995
0.02213563357620727	0.042017758520846736	0.05292994986685246	0.06567315379774492	0.024607912076859577
0.02730012723525077	0.013686651087585716	0.04350736722665126	0.01895576545213096	0.010481460226522743
-0.03273454057376284	0.036111113845382715	0.0452471418380927	0.008987125474958044	0.07377545274919182
0.007387397115315108	0.032813259752125845	0.022971697483145006	0.03758239299006066	0.045497515883399675
0.022763936254233237	0.022930425088612878	0.03237486696720375	0.07060725141092068	0.016578687755149178
0.03220411059309079	0.04071554643308172	0.011331918282330312	0.03724313498048888	0.05841273361286336
0.02361386601215753	0.047492641925079675	0.026990620326512976	0.018942473579732035	0.05310857106107848
0.04112133145756958	0.005970561115350621	0.01571279305417029	0.048785090155839504	0.028710761029743785
0.015690427142778452	0.05825444202877929	0.056739467958379614	0.04998242983185934	0.03406931830729581
0.05639289525753535	0.0027489101624380186	0.015457996967067483	0.04776214316109506	0.007812162961185509
0.034852757271017304	0.021987255676520403	0.04454271645526076	-0.0015267085347904063	0.02339617482929745
0.0473703953967571	-0.003027311783469891	0.026756607564880575	0.04351018799668498	0.05115258385996734
0.04421348024013397	0.03979606171596105	0.022446990434154396	0.019608303241827864	0.025631502779260466
0.005403320608113858	0.016807711979535782	0.031127096961543785	0.026719421570869956	0.03351177744016341
0.06562515643946101	0.03554656232846423	0.0032111305881398155	0.047011906428043405	0.04536712891629702
0.017362474043765532	0.052225821083146065	0.04528621459760653	0.018631518475429036	0.034671112255691416
0.07289963129114614	0.03762815211293988	0.04244441696865756	0.06371084486133542	0.04325310151812001
0.03533870337978944	-0.00969847652118956	-0.00024692353212924737	0.033596550878538356	0.059798329853002416
0.038627491355417515	0.0322292840757935	0.05112616760822061	0.019141502027824664	0.02097066107554079
0.03523330345199538	0.00656100743813749	0.061657547892754364	0.001000747079387603	0.08105887640758794
0.044215031510896355	0.041372965011476526	0.022716199412753768	0.04517776583472692	0.04680314869049793
0.024097041862610146	0.0007937057800698451	0.05411019730634422	0.08667647453148274	-0.006021906986323703
0.024616574401468885	0.10134087529127066	0.05557580755473802	0.05319396167285513	0.024988964455661157
0.026329658687282605	0.021478261735821416	0.0528142746481342	0.01855803480022619	0.03709827934703786
0.03910724580402753	0.05743517376394898	0.050428199769749556	0.05673589534229676	0.04362882540462766
0.02636919481120897	0.038159189903991364	0.051615003445608335	0.06064028346096081	0.013221231253949632
0.020766770620349474	0.05547845910510767	0.029924914768546314	0.05546127167960136	0.030723688506516474
0.02153938000305992	0.05302715125792097	0.036772355069305006	-0.002006609621804249	0.06362238306446842
0.020331365196748906	0.040112495891163946	0.02051193610220998	0.02573947695222716	0.0660664221938774
0.033959502101951165	0.06950204370512965	0.040078017787552836	0.06132733713808708	0.07003624925804412
0.01163042006898915	0.027103815362140554	0.026516510627471762	0.057091505228589266	0.04701023949000992
0.05030742124193177	0.036195385553996616	0.04533234620946852	0.04401213410971741	0.060923568390024684
0.03827197011609648	0.0662029500758212	0.013002228178723336	0.04182849175389535	0.038062131858557294
0.04096297563330059	0.029204591242564762	0.04663133701443658	0.017743919928777312	0.048627902174157196
0.04451335047164811	0.06617552150107178	0.04581506893990218	0.036725624556124	0.04039299169505577
0.08339121144356265	0.07047368914044813	0.009752403543084105	0.055206127405602615	0.08671891361173184
0.051652534516296825	0.02987903847876846	0.027228507909419244	0.05107189739090131	0.062331514849340505
0.0724285146129643	0.08648437161176037	0.03494026002678448	0.04301033627027512	0.016144835009374494
0.04366402926201854	-0.0018747341714375342	0.03728113955632494	0.012385008306532011	0.029042693692609523
0.056920275446528154	0.019070169114685526	0.014820058191832661	0.021196106021608783	0.05914523900777125
0.02539282532386204	0.057171929684842374	0.030471306603791486	0.05628306627612212	0.06246299239720701
0.058328629044708494	0.05088042027397458	0.020876420253760387	0.06728921414863741	0.019816283478596493
0.05453413661364713	0.048994254670014246	0.05262824880355776	0.04171299350430015	0.03324971995711614
0.06290676002070632	0.0657557923804917	0.045694879933754984	0.0527753551725876	0.09219802092701636
0.028505989403896922	0.05071723192024809	0.03795442375915684	0.0405374634497197	0.06456125025279344
0.021605692604111663	0.08717466871991263	0.02640026765138326	0.06732474229424838	0.04481319263213578
0.06482221321884042	0.0003028577281089925	0.04366476098986607	0.07075211505010481	0.04028780230190358
0.05973584804870198	0.04624036870258611	0.041680401559686726	0.04736033404260922	0.025276819640938676
0.05020059490713464	0.030963314434466656	0.06363977604306335	0.03805297390626983	0.06621993830309299
0.02581964448751689	0.06342923065213758	0.05726432729462588	0.06400479269268651	-0.0023028730089990537
0.0631575773258933	0.06296255819638821	0.06623915861473911	0.06069061460608055	0.05351387060244542
0.051260068262827065	0.04977109971668587	0.03384815664094918	0.047855766834902995	0.05165569415165613
0.01236176241861676	0.05466960108893465	0.06939212451737187	0.059909284693151474	0.05913047278844947
0.06389044748465977	0.05695129677838293	0.04963821191687192	0.06833618548253687	0.05672785636009142
0.04617658161657526	0.04479979220972093	0.07526001697578676	0.04850623110606833	0.0677857913691521
0.03968791744719245	0.06666772279372682	0.0541866275440773	0.0167844699600153	0.08025381033989482
0.0561983923012537	0.025791827939690305	0.0727365335618426	0.03535484430161963	0.0962409699329621
0.062129138507824436	0.041080363226899036	0.09721146732171243	0.025794448330454918	0.04405593756520469
0.05231016523331091	0.03930282550123603	0.06309622404544116	0.04456924361685213	0.03726060906999519
0.049336649134899685	0.07068335508642604	0.019352091249146587	0.06248357083662699	0.06038820802607366
0.02566625786663907	0.031205411180752325	0.061110407410633824	0.012568520546304994	0.08060569795634222
0.07177403364288862	0.07801452752085936	0.07796106392885221	0.04722567195228445	0.08398676495528268
0.032754587817109035	0.06663169890026155	0.08559099307452592	0.07245833735105286	0.06440164449769704
0.04494483613376874	0.06735127515849114	0.08030890071116797	0.05305372801183177	0.06042384153903276
0.06533056637923845	0.05673959282265167	0.03749664313215881	0.04452905255250521	0.06698138410933208
0.09768953251280951	0.048477271684370424	0.06374784641765105	0.026999524873240588	0.012838269502569525
0.01686829852977412	0.07277757214832582	0.0413944845193146	0.0578960246566978	0.09002025228259651
0.05679668571221977	0.014833199531174273	0.08712959505320922	0.0781297612847161	0.08375158131098186
0.11291838226753209	0.08278855718257376	0.037377637173133554	0.10274506846046841	0.07117027850637224
0.047396245705657855	0.05220942816774488	0.059569442959971595	0.10471001811040236	0.04380975295960867
0.07722229717644813	0.06146325717118595	0.0616344793292274	0.08086726990950445	0.02049375683985315
0.055821718745968994	0.0719283404569668	0.06179848974536875	0.09910780674068355	0.007853620106847774
0.042369054689648245	0.08424102328068202	0.06414610104643235	0.08724683417457973	0.09257167586793484
0.10895102455231266	0.09505123565730444	0.06497693390095284	0.03400646757933483	0.06575855135024654
0.08045565977811206	0.1163436406566842	0.045052258796826214	0.08605375165008461	0.07027031501050415
0.07743748117101894	0.10052618153795552	0.09781563084325762	0.06784032036474612	0.09865120812363301
0.06903394577181009	0.09408986014590884	0.053244400422275476	0.0887682244417816	0.07280540804034596
0.09367930809199772	0.049187106359306156	0.0399279839458076	0.1135647226848498	0.044704871498519747
0.07488589550191886	0.09085375119687074	0.08475775094921341	0.06308104235265301	0.10651939152160132
0.08955523532119529	0.09139823311591319	0.055447411366312496	0.09316819190917934	0.0917455391078792
0.09619196710952538	0.06696794454902066	0.12004899369704425	0.08995163094572702	0.09499167671608948
0.10781434110936405	0.09790315591119816	0.06682106291656778	0.0667231149463115	0.0569086535425886
0.09258460133630697	0.06957194820668965	0.120430483364985	0.13024607192555043	0.08040964224763995
0.07876014665467866	0.0602634959840685	0.08104606511208849	0.10525947618752256	0.10852761626116175
0.07896214219405162	0.13309818932413955	0.1049024968751753	0.10468987723043746	0.10934007932302801
0.10184243815746197	0.10551382075677325	0.07864213357558535	0.06429139128022061	0.09732228373078837
0.08168167854345733	0.07359104630106329	0.054971779606778334	0.05351136239166222	0.08321488228824134
0.12379566604901465	0.10081285805943656	0.0826398603495981	0.10590275432716163	0.08515069242209299
0.1124314291009247	0.14086559749261454	0.08741027567082595	0.09214917812196509	0.12631624548766163
0.11148087201915534	0.0988181035271368	0.10068315422052927	0.13018175112254546	0.10607900336889611
0.12674130358344435	0.11760533865043463	0.10176833150387818	0.12169004657187922	0.08274073107645247
0.06818087100120397	0.0816195723668203	0.11866521185509687	0.05615280353095986	0.06729389960157331
0.0913295990209276	0.12116139762598094	0.12529139966750233	0.11868891945557632	0.11988765790227142
0.12668625365591765	0.09341815950189133	0.10833066507831385	0.13674776715936346	0.10715808548329145
0.10859687047308199	0.11145152609575354	0.12825154679562042	0.12521911779114706	0.10514626716112188
0.12312336801228412	0.10542154148966075	0.10521759798140205	0.10593048330291387	0.13175581253587967
0.1240239239925015	0.11958318779704376	0.14585430823333817	0.12381878970788557	0.1180431648624374
0.10448741702922751	0.150111624815189	0.09397529945852374	0.1489739928578158	0.15343822937182122
0.13051461859973834	0.12108485441060145	0.13836782946158735	0.11703592066883786	0.16878711735026292
0.10257955935298574	0.14469237831089798	0.14427903904884284	0.13128334609105619	0.11052004889770696
0.14594608443751514	0.12021493094628219	0.1236789206098576	0.14669413455587763	0.13183389234307996
0.13259051339808536	0.15916128728797796	0.11543556425511145	0.11746485144948468	0.1616838776967579
0.19495946189869132	0.13210320416546217	0.1807079684138598	0.15254586023235395	0.17592983981996407
0.15613280924320122	0.16194398694456552	0.15825148659828742	0.15633959419257637	0.18476534059587751
0.13609122899982926	0.15472559676174275	0.19247959528751374	0.12493884091193064	0.1777538246263686
0.16448896187026246	0.197841381111585	0.1435805887037177	0.14782254395437294	0.12293423224478126
0.1516072889235968	0.17594198597554006	0.15947695239160392	0.15363697421754147	0.1538989608788451
0.15965136766095422	0.1751104398214844	0.16305696692121796	0.1869627950356438	0.13077374917218332
0.15968238505353877	0.17498506285613413	0.1363850671510377	0.19412801935369392	0.22031154545567402
0.13344797316242923	0.14116080539723244	0.16066089238457612	0.19876947197411776	0.18254478674052485
0.20054303933213383	0.15908192033625732	0.18497393518650315	0.15795511329548753	0.17256437377227563
0.21404206407616683	0.17201846471028523	0.18701733964170064	0.15548980998765033	0.1991927646217161
0.18780132467270294	0.22587780758057469	0.22287932271501196	0.20142292692624258	0.22870182085587287
0.21793399968413737	0.2205488423564287	0.22820469576535626	0.21149015523940995	0.1980625094405365
0.19280148280492473	0.20824593540851571	0.16674510033185133	0.196444357878221	0.2010831254409272
0.2501196966780319	0.2331446506055324	0.2645423353445064	0.27586225682810933	0.25038641507345205
0.2176993360897716	0.23616686893380714	0.23141561172810624	0.26520119633626654	0.23135540529684478
0.21543721033903676	0.20844696077012448	0.2338472107878013	0.22971196156173485	0.22194215106034695
0.2110893508528768	0.2576194391969756	0.1873082476802392	0.22005698561654471	0.2370720728634197
0.27090118040616273	0.2446153354174944	0.26101289034365127	0.22724888540749122	0.22390960125269044
0.2644174215998195	0.2935770263758047	0.22545692310236912	0.25313689618863894	0.27668274295434625
0.2540244237934164	0.2765195434829184	0.27360312588813696	0.26744178503177424	0.2683804202308028
0.3094772623196021	0.27236682565245507	0.28702677529634996	0.30534410681111634	0.31336731298093334
0.2590661674174215	0.31760976448617995	0.33443482747770814	0.28713439553352627	0.2848309825772228
0.3193242716000803	0.31379385157424167	0.26369137823715355	0.24021300856784455	0.34428655394566315
0.303239651536888	0.3104493744865285	0.31187885636779195	0.29673626217669546	0.37171820072606265
0.30656495024730884	0.30348833874976877	0.2743151969189353	0.320865230822702	0.3164810996765014
0.32594445060364485	0.3644804609026059	0.3104983065042632	0.3474175790537668	0.37088206461539214
0.36582985753820835	0.36162529124840986	0.32672320653806186	0.3201426217927647	0.3093060572899601
0.33919353960896265	0.40475706566465414	0.3501855323217383	0.3944939638910524	0.40088430018187426
0.403640990783667	0.407759934678581	0.3512052292706199	0.39073080021875084	0.354702703464613
0.39643249696467503	0.4059087155878037	0.3671827010314343	0.4013790971778713	0.38671184225140054
0.44809879590169105	0.4294157328790659	0.3886088045289513	0.43248766961106705	0.42812412891276175
0.4125413931192732	0.433860884723514	0.44110825900543027	0.42405285723073144	0.4710559729773987
0.4454012113458016	0.43143289297212195	0.45262891969437147	0.4858697465102014	0.4796642786979333
0.46376844973866094	0.4450610818856225	0.5000717236561871	0.4600883727034206	0.4755368362733749
0.4976211628855344	0.5345298928915005	0.5238311070169496	0.5217222720451108	0.5260993310771347
0.502063859202587	0.527448208032417	0.5213220544546457	0.5336515904434311	0.5420076982388516
0.5593182056053138	0.5506653524932481	0.5851258046371305	0.5554329796423955	0.5885138553555264
0.6048908552232687	0.5857110909785723	0.600094574917566	0.5849900791014827	0.6099784425013397
0.616644724384495	0.6090150832135335	0.6351287403941603	0.5854311480232957	0.6007159918327967
0.6324495574293251	0.5950668088591878	0.6321163634311618	0.7079857047672422	0.6717605765182231
0.6629927741585253	0.6417624004037193	0.6999143094295992	0.7089780464020552	0.710293642582652
0.7216130269177684	0.6889681526813768	0.7590955560162339	0.7516795996619642	0.7367065718295299
0.7582529233851731	0.7662474701912367	0.7610812759550285	0.7745489612798757	0.783642334210277
0.793439188067756	0.8114555326133879	0.8097048580058259	0.8452840108996623	0.839847597144103
0.8626551378763956	0.8238401190507041	0.8663110600455529	0.8720410380159302	0.8871396137514369
0.8633192100423273	0.8737371956255671	0.8988715623603092	0.9460064125356893	0.9391765645489506
0.9275682753042926	0.9435636057262182	0.9529329215457173	0.9719640521294475	0.9921448099955967
1.029550857063541	0.9920014246950427	1.0216573902391501	1.0204447541890946	1.0322640486353405
1.0258817787832768	1.0938200444177908	1.0498220960588636	1.0655017019821167	1.1121800623653322
1.115387533477294	1.0932899498100925	1.13947085103697	1.139180199253797	1.1412891206478915
1.1753854748767072	1.169016954045411	1.1781457226511118	1.2503855872903833	1.1889155269101424
1.2103375422902034	1.2504438138817422	1.2659927884162026	1.31490706034534	1.2781328737214157
1.300836189079666	1.3470706139469686	1.3368850713661076	1.3184340067305222	1.3350291360924813
1.3766727974707802	1.4005500164867122	1.4291370496457463	1.4027993414962852	1.4536293901993929
1.462050738115976	1.483424605416774	1.4619648788583408	1.5127943584696841	1.5234954586657568
1.4966314429299807	1.5499429776139968	1.5370433089873852	1.544197816520094	1.585112845663454
1.6394758643532958	1.6436402213006815	1.6430349963559572	1.6632121304902079	1.6935702588680073
1.666364966963164	1.7003836520906792	1.6987449564634083	1.732826740129459	1.7586650281609608
1.748338216129178	1.7592977060556223	1.7761938993020043	1.799977060803646	1.8032399569270088
1.8169741414560074	1.859857792744783	1.8230774866152784	1.8811030972071952	1.8754125247726119
1.8625879364203972	1.8952873268722543	1.9002724841919574	1.895238850422058	1.914851774182997
1.9668558357581865	1.9628214637147585	1.9835906802662098	1.9728648160294326	1.999679429380518
1.977656741378055	1.9937781165037725	2.0184294041226174	2.0142069366739936	2.016214854513502
2.0110762198414043	2.017734354039707	2.0531703236298653	1.967385105286056	2.0303369780575102
2.0207627550589544	2.0849289907259703	2.076344210846657	2.054908697354908	2.0295389074926042
2.0439302291788013	2.0732101415377953	2.0723449911754024	2.0684886167968113	2.0561414774289175
2.067023794212911	2.0608221090066143	2.0858248075874166	2.06476343161443	2.024061039622622
2.0422005946129596	2.028087822418858	2.0011883894345655	2.0241226723826764	2.0082641994017476
2.000267346284947	1.993190069603557	2.0255301469338587	2.037887796301641	1.9811078860709057
1.9648981147090128	2.0033319427991954	1.9942961134743025	1.9492230463551152	1.982111212703886
1.9482558118632813	1.9284122628342732	1.932790111894972	1.9115845946960326	1.9153398677698994
1.876776100394436	1.8692090890324744	1.905030006545212	1.8231479859129014	1.8319689693812062
1.816620958976622	1.7811199592858327	1.7713609039034106	1.750658058838755	1.7778101535280388
1.7716526494922205	1.7415087325739598	1.6796379727114128	1.7182992717778653	1.7155273731768925
1.6767893533463607	1.6629442808307517	1.6221034003965913	1.6404605640953942	1.6240801683117458
1.576908382034676	1.6393221866502794	1.5870139010099178	1.5722803614576575	1.5375510360688946
1.5467641511807144	1.5437321571909794	1.4858309440924324	1.445629388471269	1.4749997744529726
1.4809047856445177	1.4254574620616045	1.4313074636766112	1.404889247379921	1.3647612073958122
1.3802856398109429	1.3716562311503844	1.3148404074029771	1.3076935430444587	1.3553849789619594
1.3073356047853466	1.2568199791289634	1.298836101267438	1.2343800066830277	1.2701798219732832
1.2637241038850053	1.1635903388359634	1.2435470242576463	1.2035992010260996	1.2256013154147234
1.1612323970352452	1.1433160365284591	1.1580893472100526	1.1542222344930024	1.0887654778627063
1.1343955738589566	1.0658460243434504	1.103521461547054	1.0754219075742222	1.0370321997228102
1.058561237558821	1.058178738989578	1.030101348779259	1.0060192752638557	1.0090770455175504
0.9874426438113619	0.9839728483479173	1.0025941898246762	0.9846749311002776	0.926524779583892
0.9252887689267347	0.9381483737785885	0.8881693023248436	0.932959115471028	0.8513736042121616
0.843115538237925	0.8775164445692953	0.8506782626274547	0.883847674280976	0.8518534045378051
0.85044780561434	0.8088150336916846	0.852328878518095	0.798190721813713	0.8274587045300117
0.8216412589638633	0.8074964458841107	0.7706829733223538	0.7622619883127075	0.7039261291844917
0.7512333700665985	0.7669536188596254	0.7120673343843759	0.7002728555963235	0.7157445543515255
0.6564291757630746	0.7086406953537097	0.6949162754786006	0.6727902091349253	0.698903050195168
0.6999863291467294	0.6991952494867986	0.6509033012129883	0.6789776240742111	0.6650040145565228
0.6785998304135308	0.6252068224698486	0.6404375637878	0.6002522565144662	0.6439006742291118
0.6412648816397665	0.588454451070769	0.5951974344692201	0.5999902681969035	0.5951305033619652
0.5965647931179862	0.5440871397429551	0.5165430177199892	0.578845907005789	0.5589284216677028
0.5431020738759542	0.5586237382820212	0.5247609081836735	0.5361008050686255	0.5803751198801007
0.5121900263442869	0.5178067070122249	0.4903706746087444	0.47747218680053577	0.4839736367916261
0.5072788069466095	0.48324391218923496	0.4635525987001729	0.49429869136195775	0.4786199411054515
0.484167790828618	0.4894136567629475	0.4581244304944296	0.4477105192371641	0.49555328500392054
0.4753125960042746	0.44077302886531566	0.4288351978451826	0.4703043670845679	0.43447428268959964
0.4204908501083565	0.4330875350803527	0.4537353570498256	0.4522447414533409	0.39433228590241653
0.40892925626414606	0.4262468605461109	0.41863071168969035	0.42769543805287336	0.42489328721149605
0.39071235944088506	0.40335484680169476	0.3597992783834786	0.38569636591827183	0.3811422806437196
0.39305892802673387	0.35694247417028985	0.3695342365442699	0.3628174925956418	0.3442403297622133
0.3427606901537401	0.33554187009243025	0.3409331465352115	0.38932899892230305	0.367861739497816
0.36438534017683255	0.33474336113399294	0.3224846174650712	0.3232348761425141	0.3380287803610753
0.3169836691579385	0.32889969293110116	0.33616667803937367	0.3197795041428772	0.31580125610666426
0.2838913861273616	0.34572291675519035	0.3193553205710784	0.32827081216958004	0.30229107993452486
0.3248452920444249	0.294810169759503	0.3204753202633184	0.28616733615289364	0.2823201710309472
0.321606111013808	0.2746114872835135	0.27362964902103154	0.3239340681689888	0.3052052288119554
0.2987120483638507	0.2795743268679404	0.26289110858870196	0.25242202772694905	0.2695633137763996
0.29520372923237426	0.2776689152101082	0.27317833987671225	0.28514727805294554	0.2575846446871685
0.2459751233736752	0.28988448537048334	0.2501293881971748	0.24472507817704897	0.21409234927627255
0.2583490284245777	0.24141922568291052	0.27260515962110665	0.2321154829600986	0.24899571952930413
0.23429387000687693	0.2456340593170941	0.237005389873841	0.25842840806498374	0.23532573704310827
0.25946219695843664	0.22075089521117894	0.20074068472000783	0.22633265389708632	0.23621461722944398
0.19718842682710674	0.21279590218756872	0.263802231785271	0.1917759203617131	0.2053651180790623
0.215506844739455	0.21251335883259803	0.22023507600418504	0.222438389213828	0.21839700271388418
0.1799217855025758	0.21523484533150306	0.1796628713082014	0.20382440426365825	0.23727616985671957
0.18508656436397478	0.20065383055710778	0.23151538867628885	0.21502947140941128	0.1949546924530277
0.15390225002667773	0.19533980305556545	0.19295829869061204	0.21585225356363233	0.1751483751149813
0.1858597627093161	0.21463752706531572	0.19300358775624288	0.20538088826058923	0.19122274371399067
0.2075657358030144	0.22219255461572598	0.1658311798912523	0.13858513957821117	0.1612858587202059
0.17920441920997504	0.2058251761749549	0.19228685516969923	0.15089182517920066	0.1777371337274685
0.1789877708479461	0.15435871896951708	0.17314773111333268	0.16687875927449727	0.17023777945112462
0.17072330881793987	0.19936742205587027	0.14718777965830457	0.14911065890026623	0.16568031197354105
0.1512487794998668	0.1659782337654081	0.16742342159074577	0.14572156221377705	0.14141431642239355
0.15461595847471232	0.14372463304507313	0.12388223905285987	0.16874007759336568	0.146378262473031
0.13175431982198263	0.13901302455776807	0.1638374852116218	0.16495227636288945	0.1616056407727549
0.14302052508383586	0.16346991157324683	0.12067049569911407	0.11963587090895066	0.1251062313776029
0.13294233582295542	0.1899468070448615	0.1617013702520128	0.16002770108684503	0.18393765289657724
0.1517837362574802	0.1363004358378866	0.14384525932807066	0.13167221570342785	0.12223754391888987
0.1271120328748096	0.14606071879472468	0.125972464907491	0.1300535300986437	0.1613572409807379
0.10877469241700304	0.17582962490055215	0.11889997579587286	0.1456237283339986	0.12948657758334187
0.1573824453169903	0.16084776822036204	0.16068606119158588	0.1584705017517661	0.11840464050222838
0.12012290304602188	0.09305673485861794	0.14334286123200554	0.08602735799642679	0.15960702366948185
0.12982379966701632	0.09301858873946574	0.12365202987621182	0.13145813040058515	0.12160037529240064
0.16634948632581784	0.10748209052659631	0.10720397884585071	0.12033879264307666	0.09229068971953547
0.05636477227471756	0.14510669801468776	0.13428144211314152	0.1200507228248466	0.07688809169379082
0.12064534093085777	0.09049491211435938	0.11143506159253992	0.1615876059781839	0.12388989700927805
0.12775970419809443	0.14088394946888289	0.14615258224545105	0.1488357353562722	0.07805521072268508
0.07614064433996383	0.09450914821543731	0.11140672630499049	0.1367004438820152	0.12325062387176491
0.08789538105285942	0.12665544323376404	0.0984977978611898	0.05618513927222905	0.1299484158789961
0.11186825811229673	0.11358218410858925	0.09725345663224912	0.09865014011280333	0.10739862769317121
0.08581560917853136	0.10166960852714475	0.11815417385980646	0.10523853559688873	0.12701126624089937
0.12062726315796957	0.12894551141636326	0.10656629757313843	0.06213295401545009	0.0817175276670073
0.08955647201096957	0.09970610261733194	0.105222781031352	0.09998391059242331	0.12188563467871291
0.08739783875162493	0.09296894272517499	0.05035090568687506	0.12111410526134331	0.10519804107752993
0.10413489498549745	0.11107476458457076	0.0987997087812186	0.10194942349066727	0.09982912444535319
0.09518903634332487	0.061801750169135757	0.09200735494539325	0.0850836608177029	0.11249136124040342
0.05687018232729472	0.1200751545178131	0.11710430262722274	0.11202101712574877	0.08318956580791721
0.09226337964784191	0.07784588646188965	0.08799020389052573	0.07284536093873155	0.11084506433716243
0.06119730748966522	0.09273792340908532	0.07337080481897393	0.07010117473504257	0.049829253666253986
0.10687572905043125	0.02544104593610999	0.07596388953722219	0.05740414360442025	0.07373810183115292
0.06595982284718069	0.06522256363111373	0.09893584820351935	0.0804113723084988	0.050299276122468116
0.0612641796049865	0.09465410509742064	0.10783719128183468	0.05513716176105119	0.0924177287010507
0.09372406402497814	0.0950971138363579	0.07228685842847803	0.06050074691272847	0.1110592681735856
0.08693702079793184	0.03502822697231955	0.08070384062562437	0.06460141884269108	0.09277592756247058
0.06664381220031759	0.07774453032108042	0.07678893573833787	0.06388277493711018	0.06770306855598057
0.08009291234714752	0.09693995492383078	0.09260328787904372	0.09529006165309387	0.046153001798426706
0.08738481373572357	0.06077378719252674	0.0728941352074073	0.036900282148815425	0.057785416732545294
0.07780068238867953	0.10243361339676625	0.044520778881361474	0.06394844418879685	0.08105085425982217
0.059516428934542245	0.09694853601315005	0.03951513121911633	0.04691469468879472	0.050462961054810164
0.10499589381077347	0.035937002485932915	0.060417223149221065	0.07864892338408035	0.06783568479774489
0.044167932029077615	0.046860914754664966	0.051198770202176405	0.05318515244116826	0.050708950941060975
0.05190169755236242	0.05346008208415603	0.05611245741274939	0.08071856172924319	0.10159150739320552
0.08100366962336372	0.044417205135445184	0.07874973461321871	0.0839388840581306	0.09846118105376178
0.04019951464640665	0.05235975975793699	0.0633485575780693	0.06392697753788013	0.03995942989996033
0.09641823136790491	0.04716134488615726	0.07564998588396436	0.08548556169358923	0.06839362809545593
0.08063605036044218	0.09425087367209334	0.0480577327061776	0.0719419533016253	0.08017898695170153
0.0604866077625848	0.098589188950743	0.06745492770457903	0.03148384280869732	0.017510182638900217
0.007976015209790428	0.06834363773273887	0.05533790686721378	0.06204729647428876	0.06370650039640435
0.0276858929947867	0.0661148341935979	0.06087152128647267	0.018942943723677767	0.07609852822775941
0.05631877534222176	0.048338151691810605	0.0700035371184289	0.05896429925972167	0.07097178834114701
0.03724289703766781	0.03095303571491228	0.05936445123153384	0.04220340516507379	0.05722480192113448
0.0363344536696948	0.08059831880339806	0.06870069090854733	0.031104075538288832	0.06389023931514469
0.062364819499009745	0.024008832155690968	0.02139222835727268	0.038991614476095796	0.04068617665084767
0.0405986640892886	0.03150436474473376	0.05424163159695408	0.08969302496811113	0.04764252566661506
0.078587757457172	0.0543796653210781	0.06341011889480218	-0.0033195347881738143	0.056450314029434935
0.06105403030842584	0.0659194470053018	0.03712451383834123	0.06982326723954617	0.04359982828548721
0.05732773943184616	0.011351566214497188	0.04659347928137376	0.028381749696224125	0.06694094386800767
0.042603757461562544	0.04435157451459473	0.029746755432569404	0.07068911189925033	0.052661852985821475
0.05027371773351919	0.04593674308385707	0.07192453027519594	0.03543237551313	0.09698063427367072
0.09715759320230692	0.09077907484938531	0.04346465365361553	0.037550467836051614	0.025104044226787036
0.02857260949036419	0.04860503817990635	0.035968563270295156	0.05153554475229712	0.04269458317217727
0.02772386689508262	0.034178646931785926	0.029235842297641982	0.059690708550527945	0.023594397260441217
0.035082387121200695	-0.00812592067698874	0.05410169376717961	0.07004062852729778	0.06407464812456369
0.06284848449597832	0.02239149971839071	0.015878868345187723	0.01317436127969161	0.044226724476725036
0.014476664952122749	-0.006347594778772612	0.05642064400432547	0.015138214793528993	0.032962044083949024
0.05837116110191928	0.06442687829788857	0.04226221974423419	0.07893482910696141	0.03895572253304857
0.03802282439986893	0.06719185766391518	0.04159022240033758	0.023659173058886554	0.07218533815600313
0.02711841157977585	0.02735783824106045	0.04354713600120545	0.003518519640674468	0.000733789261929445
0.04548792125489953	0.02725348170431309	0.004807581620563187	0.05297842388332531	0.05022418964056713
0.060415741784936444	0.021826075602499367	0.02382638038287735	0.03187350195406349	0.05797026375685455
0.044623992926130174	0.09156069358777896	0.01854918961309123	0.06779691676389776	0.08807783117581851
0.05109815165030911	0.06172721700578793	0.06235627821474227	0.07408503065140291	0.011323554001912926
0.03490088216068503	0.02301134974629144	0.043895665373731976	0.0526557096954158	0.0304932538854151
0.04548686472439344	0.038998687699913805	0.06408933662586622	0.02086042328998912	0.04031595966089745
0.033523455181479	0.018255906640524316	0.006754840955545362	0.06646196377778064	0.024594644612339518
0.048328197142338436	0.02798040753944372	0.04240442643912118	-0.0006807528224476566	0.024916730714742104
0.03579559783161997	0.0513065080949942	0.05185991780172143	0.07489020163239687	0.05400019373511803
0.013411948772922844	0.050161921600964866	0.03556451636424186	0.05503805830841692	0.024808151690248168
0.02480767032140992	0.038952744486922264	0.041622583781567656	0.07518353834359288	0.03976801720096363
0.010887707797809256	0.04308742860413086	0.042890058140142906	-0.00530212169105884	0.03844036384021594
0.061965275220465806	0.047748373979222186	0.05405080270623893	0.04231514521360462	0.029858566906679117
0.043467335353800124	0.04559556978824022	0.026211287659811868	0.04914182368915105	0.050840616410733085
0.03807659901053841	0.014547409425176999	0.03883589147845933	0.05125678111682901	0.06364494817202208
0.009899720064283694	0.06665597517995811	0.00803992901898824	0.03251941840338916	0.05769165189183005
0.042414429135700614	-0.017152114213160787	0.042587091043457474	0.04504076447998004	0.05532600495820487
0.05633146241291406	0.04393776410030939	0.04018820822777326	0.02771407440410365	0.027190750864198195
0.03469055450898349	-0.00747027993447808	0.06872437436814648	0.03771197627988865	0.03638173007138101
0.0006759218531412498	-0.005453048022321017	0.01771062980538131	0.04908493791024482	0.02384841004212921
0.07111346645910248	0.03223742573535737	0.036589674647026324	0.07197080318943061	0.02925697339015057
0.0233511903092351	0.013587071790328415	0.012799260435603553	0.019000262665832875	0.036848334459367374
0.05002884539406712	0.023108273889150238	0.06826398720187343	0.0312699866715632	0.04296307482904083
0.025334652331040687	0.03325668946202566	0.06591808478507573	0.05604646483635644	0.03530352831973815
0.020890299522197474	0.04677193846850207	0.021056283376150287	0.024996861667181305	0.048194330507239216
-0.010362264573581198	0.05411661070954184	0.061860504875728466	0.021880142557699805	0.07710586022977059
-0.007771948685462025	0.07509079613623247	0.011434923360485	-0.003604617310437816	0.009340254670872749
0.02473382906555216	0.024473990334411666	0.010358992964143898	0.027164475138850435	0.05053022952578767
0.03627235762333052	0.015304377000634861	0.0019318382293580664	0.055849221818276826	0.04639024589743867
0.035597734723854337	0.07029373347409902	0.03177485755451998	-0.031205669868866144	0.001306204727588466
0.04178211325014275	0.008340294490226545	0.044577667104463564	0.00937036625488371	0.038115413563333894
0.033424739087765304	0.0606607127369716	0.018783980534049956	0.02262911118911449	0.025288444028000033
0.00601984914971431	0.04470236053142859	0.03709643634431512	0.020888923347138492	0.02846625439398663
0.030422496543706174	0.0436653970521219	-0.008935796007042817	0.01619422901142178	0.021905377183255893
0.015226453793525975	0.023644131893069492	0.059470444165019315	0.03635467630546415	0.011532413087164304
0.02853435830917101	0.024360029844956776	0.015639063021465602	0.04444865911745253	0.0055658386197083515
-0.010188153204615856	0.0657748585631341	0.03181748708603223	0.038122658783462084	0.0018405258696109644
0.03274269939593602	0.027415496359816355	0.008741295546060544	0.03124516874520529	0.013940088845916375
0.005816695213810399	-0.00846858901255022	0.011764457084990756	0.01733084977200427	0.048464696129473024
0.04773789844385855	0.01865174243126895	0.060160076647746696	0.04162165057859894	0.03236317645102549
0.03250331800180665	-0.003206577771326282	0.011247061435325735	0.002138429027327293	-0.001381295999572289
-0.03637964257951557	-0.0019011273223058303	0.0297270427017192	0.014398250105646198	-0.0015783913919267568
0.014517945530718404	0.05268950126195472	0.04507448457823356	0.04990350168371024	0.01590976258094873
0.024459555548321937	0.03913210158958305	0.05463752850763544	0.017861610351340186	0.06621270494218522
0.05391370271737927	0.07865760578028708	0.024584785406077166	0.019872880065346772	0.04466358865379254
-0.0015383619475564684	0.05579939798417764	0.0015768179761647125	0.03189106851980848	0.06541079735111133
0.025189474086995386	0.046356547722974144	0.038758293642813885	0.03672925164221387	0.04571900622447681
0.01964403169527723	0.003687099978420893	0.015159818246072931	0.028612105728651197	0.04739219173213774
0.008719968355449168	0.02773224001643139	0.037221114777107295	0.030070113823504344	0.04124323361511154
0.03209141843814192	-0.007445605273112165	0.0011813134932999588	0.033331973929343006	0.027125685241311398
0.013213924649581849	0.023172213528679597	0.050143029274823704	0.020319691523753583	0.024657626561011226
0.014779798657034783	-0.002789129615212857	0.049368198989043266	-0.003685652868266524	0.0352754161297157
0.021313806805313817	0.031650271801794055	0.016120998729468827	0.03318306357916203	0.021813165765958563
0.042667638007753556	0.044543192655245534	0.04604175801335016	0.0034882071282220537	0.02510346940814124
-0.003285673917612515	0.007879112010505365	0.01576374822356914	0.03199968012869221	0.026441752351488695
0.037979998607339756	-0.009502632912568157	0.02294563974741625	0.028606122835544378	0.021366570563930515
0.004515632064968505	0.012637337497951939	0.0340769952604812	0.02681746720643255	0.03758155200224372
-0.004080228402664757	0.044945518504959536	0.023144938473716133	0.013026372933374789	0.005861110393838121
0.011176027214767213	0.031187373761448103	0.037779968325150036	0.014570122150706615	0.029476823784859593
0.0327605573583989	0.008552874434019303	0.06449672349786675	0.05275578131672127	0.025577044608053278
0.050075505653781424	0.040350729883135525	0.018966220536030656	0.008985542914053941	0.020019953090198873
0.01823215723483804	0.03724451600010519	0.028979565645150758	0.0470456550369061	0.03920764166727074
0.00908134642356064	0.004216525458773195	-0.0365969057823325	0.027023728265135244	0.01726718347558017
0.050589175089874296	0.049392239048363464	0.03832505514762361	-0.0008340958302476085	0.047054169630249706
0.007271520294399531	-0.0072549084091404915	-1.0587435749239045e-05	0.015109538044657086	0.014753091487467663
-0.013134657756720028	-0.013659906188995404	0.036506645073081746	0.017104040730657542	0.010600393712327091
0.01421982921748579	0.02956883567935372	0.054669843866104934	-0.037917390721589436	-0.012818017377983215
0.023736006545157593	0.008520588343809945	0.017636621203694976	0.07536566208784788	0.024676558900424573
0.020612938625319526	-0.02131748484139193	-0.006388423436212596	0.017092328176228064	0.009740661106390587
-0.009861032987867016	0.04846172906606623	0.015295086244074933	0.01595158060627885	0.0065835123269686
0.027184524049512764	0.023840317499972008	0.012901889437307936	-0.020562288415659838	0.04043713933074263
-0.010324342421444128	-0.00710603425776881	0.008865821931875875	0.03306017498667814	0.012723566900906844
0.009645730559816683	0.02080940612389339	0.037334855907966806	0.0019518075434150264	-0.01314972820134512
0.01762101275678097	0.022121439946494258	0.042507187212032914	0.014043631315586924	0.04677056030308335
0.040275566863763504	-0.015413831508602805	-0.0028504988359061767	0.012123585644941069	0.028105204937012337
0.030783018869478457	0.02208770248529917	0.02929966517216242	0.007301062671279497	-0.00879599395431821
-0.015899535281543493	0.03168870382759338	0.01670470694621653	0.00022015327974454768	0.031322920111173005
0.020088733901050905	0.04843750294644087	0.00057715974821902	0.012269205379989951	-0.027291683534396403
0.007748750927627674	0.0005397796234312066	0.008244043299126582	0.02409722502011448	0.0017514101077567377
0.007941353185841299	0.02331076193932395	0.010246913654393255	-0.0023512340267422107	0.026971789217530545
0.022455618154078233	0.061280577379143816	-0.02606379186265272	0.022257426848736838	0.03040218934347234
0.04363779334603759	0.02886353267236605	0.03599142428944642	-0.013266444523434307	0.026662500996053128
0.021259534076061924	0.016410427254270485	0.057310691012940604	-0.014146150066246189	-0.003045963057298637
0.03863278390162312	0.050441477616857466	0.001713125451296085	0.030691499928621895	0.02963744163374831
0.03359250382389719	-0.017514193540377487	0.011544156805545203	-0.004964760504618574	0.056266145297973066
-0.0033465205018080907	0.04178395888809222	0.006764984830868227	-0.009150481880816753	0.03742715582380542
0.01685325356568691	-0.032370411182400236	0.017879898552555822	0.014872523387554078	0.03359814404846808
-0.006277939421334897	0.042272436543739855	0.01985487238940359	-0.0008218533803299589	0.012865854404876895
-0.005871944062935251	0.016630714686379108	0.025898337344434957	0.004809002790670265	0.005251084322838787
-0.005770133846414413	-0.021338667142485855	0.02155708867682326	-0.001614108990066885	0.013461883093872385
0.02576311175355866	-0.03332312473819346	0.04352921803064094	0.016882236699447002	-0.006912382754035951
0.020564522850635772	-0.004891719331963918	0.06005282881925719	0.0013722248113495483	-0.03337429417433139
0.05749128938104937	0.029777654855641857	0.018076463663477767	-0.01030738335152543	-0.006730726771528785
0.032851489885424155	0.022732416161724552	0.00752166723623046	0.033962515288331774	0.02528044788763231
0.012543491804457338	0.010964898680970449	-0.0012210709694910654	0.02697069678081686	-0.007702524028641959
0.008400001743193029	-0.007779333605369744	0.02694154602210768	0.026253969952111714	0.002068953076212914
0.008182848103368468	-0.008527234493113753	0.00409380474299494	0.04347507520748364	-0.013667647600589597
-0.0009684700756558045	-0.0008817258768731187	-0.004462018823120903	0.003250029437721517	-0.015123247303985513
0.019773684351678436	-0.011642236732524607	-0.04674001660268806	0.04161831840708922	0.020753604171427593
0.026226565438543417	0.0314456264308773	0.020366870815738982	0.06387604589192619	0.022205195491542408
-0.013645648979410632	0.010217524458732983	0.020859899122901416	-0.015245096926613386	-0.0013245083607355962
0.0493025078184326	0.029208398847053674	-0.0064352487138943214	-0.01972329596136997	0.015514898988801073
-0.007477650587424164	-0.012221640642333062	0.038114274708160235	-0.004359119011310411	0.003292787011259726
-0.004056875338055946	-0.012201562045910502	-0.014103755791881615	0.011594587526565387	-0.012713330577254567
-0.02474118666266961	0.002290982200022107	-0.005451650105528805	0.0082188451577541	0.010253006507883383
0.0028893546220827345	0.008964374434019005	-0.004396282617944227	0.0014967676350230127	0.028086735752060277
-0.0007403225850045715	5.374840593026439e-05	0.0254228384717547	0.01577464890662961	-0.0019962487919901583
0.005817574946676939	-0.0385678976829116	0.00889253187799664	-0.0006456963943705513	0.021058802312506755
-0.00904990336163494	0.0320061757752793	-0.0484023420956652	0.0020625921462376004	0.011813666863210729
0.035352131896697545	0.05953144095566437	0.05249682408376737	0.02348288418013987	0.04368016023098755
0.0012299699388057111	0.03713685208790425	0.0604674162993995	-0.023857009810496314	0.017155132178528598
0.012850839555695756	-0.031056770710690552	0.008543217233840763	0.0390542724766432	0.02377034462989847
0.00815528332491508	0.011125139797742755	0.07586883338998877	-0.010045606981936909	0.0034740668530677237
0.03231290223539417	-0.006132083411825757	-0.0008009484521224782	0.018374722374050675	0.027722998863611344
-0.018428642963481737	0.02617950125875624	0.0416183328648919	-0.018740144233679302	0.009905891136084916
0.047641725737188806	-0.024223251673095067	0.023110566960764196	0.011889436701845633	0.02688187981990959
-0.05897591186722605	-0.03810763359296578	0.028149427148577103	0.0036755699626363223	0.03542139971782601
-0.004794187530242755	-0.005470450805248021	-0.02488769445950712	0.032932886630108155	-0.024124521289532595
-0.018211222414211654	0.015156617684639865	0.017387228728060183	0.02766063902379388	0.01728070413320408
0.016680602304793075	0.015709541921847724	-0.012743558482855844	-0.015390773254078614	0.0309836608893599
-0.007839177933979438	0.017965983392298164	0.03959854626316935	0.03540073027778284	0.0009910307853038512
0.01385133587234942	-0.006427443225997967	0.04004672690869387	0.0029640451753411676	-0.023081341352204396
-0.04255573670345079	-0.009882648537623178	-0.013613097835122672	0.0178305937542653	0.019853792985040773
0.014813977114058196	0.06928630232924365	0.026177802819239707	0.0023102154413558746	0.005107054101934926
0.0075465285539859615	0.020046059389738833	0.0423836789011981	0.04260820706411357	-0.007807275932821072
0.03375760205020517	0.021791198207356616	0.023330883953696476	0.0260162131805562	0.004746413169066976
0.02471997492007528	0.02974968988081591	0.01750211128455156	0.005944146971977442	0.019730616790611433
0.011196184408695136	-0.015657668638410005	-0.013792535664069116	-0.014059631673066276	0.039510085094544005
-0.01566830680668152	0.04962707591717645	-0.00997488813452162	0.0003689800404675144	-0.00785766213363178
0.027590409693496104	-0.016391004356813975	0.021640832856112985	0.03545921716372166	0.023667895497966843
-0.030412604533295206	0.05087758817763692	0.0281328738952415	-0.011071365951924348	0.010082561018439897
0.017557102718380894	-0.00012330837117779632	0.02523820847590113	0.024687297333736733	-0.024004750088626757
-0.004722242407799453	0.027802561536697003	-0.024450357276885628	0.031170880831452523	-0.011393907926133044
-0.0480787616712351	-0.007904241867865116	0.014295775916970985	-0.0017857487657931682	-0.01999175694250306
0.03842496364355501	0.051419976306536906	-0.03393467703933346	0.003872775667970592	0.03392546423519825
0.02257343575783517	-0.017474070640117335	0.029499373389299102	-0.0011345878723190493	0.05532838435015039
0.0050713846040792675	0.02337647507408029	0.03828978736733119	-0.02086160684978067	0.04782592909412362
0.02087019966766668	-0.01322546371959032	0.013465734854342597	-0.014550637411512166	0.010286699448062969
0.00790633742644398	-0.003458566760702806	0.03534007444827673	0.002899650027525293	0.028323926775817125
0.012464236194920108	0.013427295467495859	0.012361179415935217	0.022738173246288462	-0.035400408636296114
0.011076093675970828	0.016393442006645637	0.011204987618036278	-0.013605385698579001	0.017288487721574153
0.01942111780937484	0.04056386508291286	-0.007996682469594483	0.007684888349256562	0.02407818566852142
0.0093477349577462	0.027975741098869633	-0.00029662761404651225	0.023160648075930823	0.015049723144959774
0.0005087112304420459	-0.030987868698977572	-0.034312969606398874	0.0006822015774037627	0.026896651000097742
0.00421312065489806	0.04123761438888335	0.017766390236216952	-0.025622370951222783	0.04091321669358167
-0.03246571197737792	-0.0032166518155564957	0.002579582608549065	0.029565325999694116	0.04905077658704638
0.017068278544990503	-0.0216090675236209	0.013461239571653063	0.04239721350150292	-0.0050012916948097225
0.02354257600713266	-0.01104314388344621	-0.005500409229691907	0.02529858099062319	0.019035504436213792
-0.0013398643050062482	0.018444305512406788	0.01226517633431486	0.025248573045806088	0.0003758757494299004
-0.011182586243299968	0.004728296176461767	0.017996621207332565	0.01943777236619574	0.049797187348144575
0.01716640353818816	0.006915630957898345	0.030564318590066458	0.027609378610724166	0.004771889753832924
0.021845372776915565	-0.019415918730440046	-0.00834964462370328	-0.017785059213202576	0.010648795660502463
0.005055751989118775	0.034828162286912705	0.009896301261582018	-0.027392454278591518	-0.017809015105570772
0.015488200385545107	-0.0059321150540761185	0.041684726918225806	0.0016634638455617868	0.014239165072005329
-0.03595571246531569	-0.011758220273498375	-0.020215760919003144	0.0540706809680353	-0.010492076604231985
0.0181083365466774	0.0012805004254394445	0.03010956667684534	0.023563366732498252	0.02809392601865198
-0.009105017264647824	0.012359737245667385	0.018749630184665692	0.008742018245314634	0.003685137128753022
0.012975089369925988	0.06319005187038407	0.005465636529003743	0.021991270407999475	0.018690209222576016
-0.020592001287312655	0.015630123921805537	0.0040289323453323155	0.031536492927342744	-0.023651859693913955
0.05131134246907139	0.017109470476309285	0.01962349166452865	-0.0009116467255499297	0.03066838354911932
0.006988755883311144	0.028947405652108207	0.019681716192542466	0.045845412447204574	0.012713444709878457
-0.0015998892377757541	0.025178682691845443	0.008438872412676586	0.020485618441108036	-0.0018540680646015988
0.035612110014929386	0.012227381945373721	0.03565005391968686	0.007628284473892501	0.004286916750625552
0.0028339795403230753	0.030553229851396205	0.0022877551810371677	0.010937179590610331	0.0023532027995281767
-0.017145396208509623	0.0014694254944079667	-0.010235024557047194	0.012397253690675918	0.024156789545294627
-0.012156814067792615	0.01932964935153596	0.02650759079042205	0.023692886836900733	0.030224622321686878
0.02408732418015913	0.02085378437024294	-0.02795648251879458	-0.05057691974692764	0.01884416752727991
0.00782812207830427	0.01768295080551541	0.00571057178957881	0.03297450496852003	0.024236796093675805
0.014524819223972165	-0.01085141663178055	-0.014104657915308948	0.02335924893856626	-0.00686118988824223
-0.02209334632295335	0.02782473055540659	0.045004457506627474	0.01880510660454092	0.006435075075734256
0.009944561692395612	0.044003200984006396	0.02890502255906945	-0.01799049748814559	0.04122355716184838
-0.013394603896704415	-0.01008224691233191	-0.01405993156832819	-0.010561647810272641	0.011926371538086202
0.04177258690603595	0.021381013022548905	0.004024314413696365	0.0319254331072517	-0.02541254341456995
0.037771334338808256	0.030333508071667133	-0.003337218367970491	-0.0028879550455481987	0.032697854950722076
-0.00038269835907737883	0.024795123100510998	-0.026665316674971837	0.02593459307312004	0.0038419727123231197
0.0064284765643695405	-0.022563887421829777	-0.0014652662223988383	0.005381385628675371	-0.020862854554041618
0.010152924024355577	0.0012524818547805369	-0.01494553365348636	-0.031223349642456214	0.004504295056902493
0.03621516062864511	-0.0262893804090088	0.013561986727612866	-0.010764862757033448	0.0038873616141860195
0.031102607414725248	0.07286362024985388	-0.005548709219902347	0.022431285577395287	-0.029249924552771332
0.016019149151224453	-0.01941249830047362	0.00739147212799468	0.02746911171390283	0.02786203301239506
-0.0011620591769066551	0.028663430662475363	0.01057236006541791	-0.012235057702431197	0.007928779808741383
-0.01107906734143694	0.027748381651178187	-0.0019674008727298244	0.016533994466650728	-0.028499176734742282
-0.004748310423356612	0.0150615337125785	0.0036280922291969655	-0.0036450492956783117	0.04952863947799654
-0.021874347516871038	-0.0022635293291768553	0.018086703251615606	0.02402800794841608	0.04645672319531938
0.005056814150784376	0.014592150743732546	-0.013075122111003956	0.015729175017089342	-0.011508819562133052
0.041869872510965925	0.03401915949980275	0.009067217775024554	0.016836885390889584	-0.010241589341018103
0.04614576108913623	0.021457777526219208	0.011236979756153362	0.003149384288446601	0.012275971144083906
0.014892517605095038	0.008412938982954716	-0.016796610714830868	0.024882936164137625	9.987075021310188e-05
0.019157499091747774	0.010463896420336433	0.005966912799204775	-0.003154608186575875	-0.002760516043765902
0.020250033242452625	0.006411910230056395	0.02080519065684306	0.0008157970547988738	0.05034246786279815
0.0020689544135434655	-0.030047322806273806	-0.023411815942180694	-0.00528924577950778	0.009647785837283759
0.030583018372438937	0.05957202625049091	-0.008376546177788774	0.012556191506178798	0.01842348887477383
-0.024534750878139135	0.03470186100020553	0.019463759004427747	0.025898078013819874	-0.01067041240726362
-0.000630659676502966	0.032188889326972975	0.025267292429288945	0.01152450903703824	0.03410816088052608
-0.011264249080910818	-0.04248190164876005	0.036658025306462005	0.05248765821717198	-0.0064239643254917
-0.011890831843046054	-0.008791694978176844	0.04585901208159597	0.027399219155496018	0.00046774184940094436
-0.0028283304709594463	-0.01312397707058535	0.0335226363444687	-0.015626002178334146	-0.03259355161535043
-0.002533627249138776	0.027906137331796192	0.012421104850402626	0.012387030767075284	0.007284761544918717
-0.0065071343818587585	0.04910639635383364	-0.01634265619924742	-0.013255636426967731	-0.013888541652338215
0.008301131939537437	-0.010407562310772014	0.04685946818449879	0.022657522853669308	-0.012163209106929114
-0.0016037428876612787	0.01575227553476482	0.015386375131408772	0.02312923485756332	-0.014494676936248407
-0.019499639570522014	-0.013974334991316078	0.035606731769609296	-0.007112324800684173	-0.02987412646438151
0.03126047332802226	0.0038995757407266057	-0.00697005864995535	-0.0323014890997961	-0.01528696666900632
-0.021598909002362925	0.03131717894435054	-0.014859138023094489	0.0069330968236053035	-0.03020224495885867
-0.016496124023336868	-0.004534876328172523	-0.01313355379179034	0.007697991180443265	0.02737642938112359
-0.010146742266059557	0.027405054801732887	-0.025768856302464598	-0.01751643156287628	-0.014464453636176731
0.00927689108735033	0.0107270259460897	-0.007598737339693754	0.005840330728578534	0.015874367978648073
0.02077710651127094	-0.01633791173584462	0.008933856775197719	0.00888354276187178	-0.011803845402525822
0.007687644743215665	-0.019650002659388464	-0.003975774936038831	-0.005287565521450942	-0.02921576975734706
-0.02798601557858528	0.024020121522219592	0.045033817404607976	0.002727197895236784	0.02868013485148059
-0.0017736784234464674	0.03176312301650215	0.01960178335389608	0.01302092601785381	0.041059498252660004
0.017003469234346223	-0.006438314394792887	0.014682167195861946	0.020118390805464466	0.022356260558173996
0.01284224502584346	-0.010507176257727145	-0.02316970709685786	0.030927424794471192	-0.005735574305327641
0.04450336215243058	0.02073811722884337	0.01252968316712345	0.037738989071555235	-0.0009032304598100638
0.0035270708352483846	0.04535433771453366	0.007058987576378909	-0.023388594627053356	-0.0440157646721176
-0.03377542520038248	0.00504920833107682	0.006468133854719648	0.04079559059164816	0.019849751053724506
-0.006794332156341853	0.008390196202494735	0.009671045442882664	0.004424141245954055	-0.025418417728877735
0.010024443168797638	0.021793493229497526	-0.027480578958247185	0.01347143062248345	0.0061224945123070935
0.00212775880637684	-0.016831997758346907	-0.02413823527213793	0.019302041395043587	0.018669577450684354
0.0017176783106056617	-0.0012282157212266448	-0.029002011878758192	-0.009396610049888194	-0.0004415008310453645
0.03800238327400168	0.0009536355506270409	-0.00028055052483145874	0.011619415217681735	-0.01663449376565697
0.019755239662186314	0.016408925048340663	-0.019702173109454768	0.0632780962904014	0.0010939069144146
0.06910078737649697	0.05065332224860375	0.026008076115731384	0.023225358434775096	0.010302302237384073
-0.0206083953686546	-0.014742530420990383	0.013019719998538576	0.013921290459963903	0.015211431629134268
0.03783748455991088	0.00739175371879852	-0.0037146636322803886	-0.00809844388952611	0.012444273179743923
0.04376688088301115	0.017149431810227392	-0.02949778788894082	-0.014930982257330541	0.002621183673345415
0.010242039617640012	-0.01241377228881502	0.02491382244420446	0.005269972803541035	-0.0005342236440959427
-0.001441539669236735	0.023374734936764445	0.051609800190137146	-0.0161561408780537	-0.01644332320889602
-0.027324351507528627	-0.017844331389949297	-0.008099419116637535	0.024705551690070212	0.03158213019342779
0.011382080320354638	-0.0054685123027609275	-0.004366769028059691	0.007939301883640455	-0.02408772847315915
0.02039200691536034	-0.0162884522791073	-0.007377672668296205	0.023557249036818596	-0.019033017460169364
-0.0157277193599855	0.018537242955655717	0.0032579947314070167	0.017845386343126424	0.03461480507420807
0.0010171222037923281	-0.025230402321590257	-0.0016187436705802985	0.011432726632286339	0.016324932558992995
0.04608427496768283	0.017845300291947842	-0.04686152191868045	0.05256534054829811	-0.025843980935923983
-0.0022487845963213415	0.04124274885677174	0.01793691155202214	-0.00859190650733081	0.01832259764563503
0.017525353547809045	-0.014312822492756732	0.01557942706885439	-0.002808399865294543	0.00669644534915305
0.024493448073317887	0.02084355250312063	-0.026784928038424416	0.01440623746200758	-0.006892837032500555
0.025146036884482147	0.009920917684501944	0.015581017831976041	0.0017040927597871533	-0.04101488502215358
0.01999714948087921	-0.031345230325097936	0.004376421498364072	-0.004808385343463016	0.0005411311913306495
0.03011662719611838	0.026374141230909764	0.003692385048334362	-0.025362370778981	-0.02964420364681225
-0.016291148818264246	0.007575219413528331	-0.018286090289779636	0.0014410935930056035	-0.037966720120066876
0.01934289750546666	-0.010407327212864609	0.027205670620405235	0.01170686320999856	0.008708857770483427
0.017826720509231012	0.018470838813304483	0.005320306032057742	0.00023359226231153309	-0.00876108890862963
-0.007353230039813333	0.020559425062989807	-0.002890487398392241	-0.006932468946147671	0.03389892258491421
0.012694496441647243	0.0033441256644210367	-0.015233576365863373	0.030007018903496333	-0.005662805230637408
0.030555757924629882	0.049778476728478294	0.03853102444248041	0.04227264972139563	0.014895152287550145
0.045150382315785574	0.006515266070772074	0.01679012393067949	0.006965767131830493	0.007748912372949357
0.016994758335467073	-0.0023790931475277007	0.03119370646477583	-0.030047427784095887	-0.04142329227289762
-0.02093786955744511	0.026272610734720137	0.00889811624968081	0.022406575106990907	-0.011484947394090575
-0.019052634963138686	0.03561135589468221	-0.025992224505504483	-0.0052914476031684175	0.01951970873905786
0.022978247766211497	0.0531600623369979	0.02992677482893814	0.013874099703807326	0.05294722420912798
0.004328825164220545	-0.0027311664190641663	0.0038778503665199207	-0.026379094912896365	0.008984217665816379
-0.006806138071164152	-0.011266643471894213	0.033244941959256626	-0.0021067928038562647	-0.008737355513452155
0.026292584369376926	0.011418618860154519	0.01064146341653793	0.040104657443798965	0.003392288541681411
0.011767451172037693	0.023998593662853722	0.003488007140092248	0.026852591520417902	0.02307300401701663
-0.0015667394165602023	0.018362234155405426	-0.005110428699284544	0.015948631498322652	0.026596913674587216
-0.025539007071514075	0.007977551386704413	-0.02465998038408273	0.017041073282738264	0.05474341517768156
-0.024293553485547507	0.02009387035365601	0.0018548406270406965	-0.000687831854156874	0.004581867153808567
0.04323521397114809	-0.015688426581751756	-0.0010786380878008706	0.003958127470400201	0.01272502396042963
0.018420008724727457	0.014096999174715014	-0.027363512541497027	0.05235519737382201	0.025407446481104455
0.014371702601696009	-0.025597598696376057	-0.012039559367161256	-0.01190356977464263	0.013858189177789432
-0.0426646151042572	-0.02518297388667304	0.0015984979927570302	0.009460236194519325	0.011045968722984939
0.05316530001548707	0.008651679500291666	-0.017882783409747947	-0.0004415261059975452	0.015886288026864294
0.008290226571626862	0.04112259682777816	0.024843269827511387	0.03187411900715918	0.009450840024674043
0.007745999309443127	-0.04310793181562148	0.030901576692095235	0.0009637960523668498	-0.003766489502462564
-0.02502432084127823	0.026264183460874387	0.0014434273982634237	0.00480257871900713	-0.022576100678448292
-0.01914046785165845	0.0070235646233584	-0.008195424506647635	0.01216463136139688	0.028075788797364686
0.017513516177823887	-0.05389096869839043	0.014854796237507496	0.029821412462686596	-0.00655487353334455
0.01816590120893178	0.030550613438641183	0.006163082404525888	-0.011747862277160633	0.0016147895239793202
0.02281765766518694	0.00181547390706286	0.000868937362542677	0.011351043124528653	0.022378565807208043
-0.0072386241636625635	0.04356741907741352	-0.019024960671153158	-0.024683495617071338	-0.030050993481225755
-0.01305422243497125	-0.016413196440584435	-0.002451979326697416	-0.03448596406760453	-0.016322251062271868
0.01919011461391435	0.03899190740701573	-0.008379805797769807	0.03515310569485845	-0.001640379655046596
0.0028245640939502537	0.003932581163860981	0.020049323606639465	0.03893902742662336	-0.0076416653720008075
-0.0022889573959389634	-0.012616661552844662	0.0436346099942176	0.02750952283639614	-0.01661362445758364
-0.030032091816415356	0.017538967489916072	0.010812860574621885	0.024775698983246778	-0.01692931095251497
0.020034144623253137	0.006152841580170326	0.00393072270398783	0.001019192292114112	0.0029414965246134803
-0.04959945643023596	0.028573741703582865	0.03063500506807213	-0.007938112927324402	-1.863178849345875e-05
0.03443877830088298	-0.009137975636359109	0.00014847230701245774	0.022618417046525202	0.010658222127361044
0.03366266173296853	0.01586116046986278	0.004319942886696928	-0.02624282054465259	0.012317016860771055
0.03301732213519476	0.011807530203997274	0.021315717574503443	-0.00902551842971332	0.013224395397148989
0.004349858589893763	-0.020969563318281988	-0.01076651139341914	0.015350864814222116	0.01791569683557252
-0.014812776933288299	0.024725809885240903	-0.010042939820604118	0.04735157137900019	0.016084708490502326
0.03864207932128572	-0.0015308760879798981	0.028727637300760084	0.004301606809611133	0.029779662207683584
0.015330897570336344	0.02291638320646071	-0.025592325916877618	-0.03517872250316516	0.0018930893523102163
0.02892342282817566	-0.005465054190042628	-0.015008053705489691	0.013401011895832886	0.021091865670101115
0.010519259724525212	0.022626963875099992	0.014898284499179563	0.03381958163809114	0.0032552106816208376
-0.011735521807553304	0.0061805504409835526	-0.020474706856237875	0.024646655079445395	0.02597146305601869
0.026228182138105825	0.03252928913347912	0.043427258114862644	-0.020888755416433903	0.015235897379193886
0.01651207197558848	0.02154235896084143	0.015320329568371871	0.01131459085321245	-0.010257080237025278
-0.006447562241624586	0.0028123698574591145	-0.029361432327163192	0.013664290747895193	0.03193765020191808
0.006360234293035276	0.03333758509796444	-0.0002549439663198129	0.014942117512484025	0.011589310372255562
0.0026191382224034516	0.02241576607289293	0.002174407701690385	0.026056286924405193	0.04776607263577033
-0.027577756490709527	0.01733198788722049	-0.007263876190655474	-0.02500139235629714	0.004628225487150756
0.0016751777288512518	0.011722357011310641	0.02503526332760152	-0.006940284185916122	-0.02141953689718718
0.020158918497187945	-0.022626775877982723	-0.006918220467822918	0.035523160013830324	0.002487922026249434
-0.016073672119697877	0.017136824541253325	0.01292411259040188	-0.026873406390480914	-0.027147275062732266
0.0012184071977308052	0.011233970962646124	-0.0071120627205079525	-0.03934920260204114	-0.005233187949076501
0.06760673930330108	-0.06822718057258287	0.020010407951531514	0.03174173900961292	0.001771459339339856
-0.006602694109290496	0.007416807603066813	0.01345488873298224	-0.0021690216934144024	-0.007711760385330917
0.029588512831564957	-0.006109488751969665	0.020358306599049407	0.0055301000122252655	0.010054568159496152
0.020102179541214217	-0.01935517044572399	-0.027871563692359796	0.0007358848611338648	-0.0048745060353238496
0.015454465260280242	-0.007091827200081378	0.02443516747217521	0.009503687808429634	0.002910832059945607
0.027044924740635346	-0.01664159079894366	0.013803618349530151	-0.005565150602696798	0.0026304154136475976
-0.029923363566401247	0.041673332703534544	-0.03340098290386321	-0.01796663432605195	0.02079564540295984
0.02543904287382578	-0.015437679133801627	0.017556939200024945	0.02974229609360225	-0.008324856027525116
0.008946608838354745	0.017866057898970784	0.01436030696941577	0.02071435905830092	-0.02677699684043078
0.010339391222983867	-0.0154534018547183	0.009649425636534172	-0.014979075404451486	0.046237088420706576
0.012466640190903586	-0.016660619197480832	0.015639496876991444	0.014466708407695851	0.0016371522820299422
0.0167775884602437	-0.00424745586953984	-0.020088945434593275	0.008485490332352063	0.046305890801444496
0.03220257102444741	0.005473689996386902	-0.054129920244761716	0.02979936481346938	-0.002670668111501435
0.012902677932987928	0.006529574410604076	-0.0011663058950645904	-0.007054120936015684	0.018047556493928654
0.002992047831061066	-0.00027060886269235883	0.003432915787497593	0.011677998936223491	-0.0188587104331562
0.01864540536096443	0.041905686306295764	0.03585386478740207	-0.009206159056636777	0.030993922759868862
-0.032775820644936324	0.01915867628243525	-0.0012632439808475532	-0.013964523905213978	0.0147840404891642
0.07654627023549092	0.03570378396454152	-0.013116637842467818	0.01106465278522155	0.025555808615557174
0.016790149773689703	-0.027337304982471118	-0.033210192502288884	0.012512284932462809	-0.010554107912971261
0.004147564117060512	-0.009377062198736736	0.0017406178294101515	-0.019570149429543337	0.038956235646786457
0.012038871566090447	-0.03195791192404635	0.03686604567859158	0.03898656801849591	0.005793738424886521
-0.04165535713331583	-0.0014277479712612247	-0.03586570224003941	-0.022657769985069007	-0.007409501532688413
0.004047537686270981	0.022361409186382093	0.0020788321051500784	0.014694532988260576	-0.003532057218707021
0.022959733348948994	0.01249501336165458	-0.03336883876557101	-0.0018898180394135724	-0.021197526928447355
-0.015934342309358626	-0.0223958728286044	0.048746587862337716	0.013315989506081054	-0.023441085325383394
-0.005971190920009522	0.03196565789699047	-0.0048196095207070164	0.009788188940545204	0.002879507221105611
0.0043253753146301555	0.0006648847925998739	-8.305019899143735e-05	0.02400137515961354	-0.008199867421075122
-0.0550324882932107	0.037320624510762304	0.021800681020035698	-0.017749504078455224	0.011505929046720141
0.01760438913235017	-0.0016753478906017477	-0.03945779983328	-0.005669991578710538	-0.03587803116047265
-0.010957971410609404	0.025156429747706502	-0.03017811667226763	0.05515868096704708	0.004589709524832339
-0.003725755023986212	-0.007812254273054698	0.051320946866965395	-0.0276434317699123	0.022854469739494135
-0.008788632621372038	-0.0113457095731233	0.026825578874229615	-0.012722228420866413	-0.01545524634105969
0.06553933526017035	0.000993514505483132	0.015721154099009337	-0.014432222530412552	-0.012981558748006009
-0.023445056864325044	-0.005758894011327719	-0.01479286560705439	0.00903954968101961	0.005075720748122547
-0.02566427489541424	0.021649948595687918	0.02869834814328461	0.013233184164224468	0.059107705685430285
0.02249626661614197	-0.005991804585483897	0.018043290940973	0.0021688941376138034	0.029365858533488998
-0.019190257028229667	-0.014826750236335777	-0.0023735785766296116	0.04303600491643867	0.027422405299425037
0.02679214003769838	-0.011846789708652349	0.0009446048586097145	-0.005373962322547212	0.027310795400769385
0.030380444894270296	0.006521075276045905	0.0002820001564570705	0.0195441367163023	-0.0005724474048022527
0.016400676210654126	-0.0024644485442774063	0.003254772723936065	-0.0064321852831669395	0.019668950864413663
0.032745740566997146	-0.04122873215654918	0.006611937982833492	0.044271986528047536	-0.0005813480031878291
-0.03584823412953701	-0.01648821496738897	-0.019358433504507284	-0.03378141260435674	0.01896501124006803
-0.012229551979407931	0.016725686698321328	0.015378995553391278	-0.015200812558980772	0.05051249229957649
-0.003992417070999052	-0.006365637275346378	-0.004213294542961439	-0.002557187198792634	-0.03043232528615457
-0.0015722884722288953	0.015557668566730064	-0.016770869563740964	0.020560224619815746	-0.04022106628042858
0.03691210602271886	-0.010776656752211561	0.009382402136600458	0.013178590571855438	0.01047539348747182
-0.00182292420380103	0.008543774182389559	0.0475717635461943	0.006115899409746621	0.0010269843938021076
-0.007111235532638784	0.008059260245627153	-0.03396997902537434	0.019865073068728777	0.0006944629878007638
-0.00196345312508931	-0.004610446827145071	-0.006312929532920614	0.025086302084208225	0.05736698218816902
0.03229472382322912	0.0001992495549878997	-0.009273948418323155	-0.029903146208400667	0.0060875884882104474
0.014783434271397567	0.013616378766614857	-0.006262734343544131	-0.01431225101661022	0.026578943562756533
-0.037731455516270405	0.003971359260136518	-0.023621752335104287	0.009426009735878125	-0.022134671265169922
-0.037803757359658866	0.014624361490574889	0.02627914927015124	-0.018463681494115522	-0.011149185541266093
-0.03347090320814942	0.016073139641365784	-0.009153764042017284	-0.029413837413908076	-0.0035462254439524313
0.05367655966466911	-0.02491475217897887	-0.02281294223609238	0.02281888796720923	-0.007467745799189627
0.0022097352968538076	0.009559363704285872	-0.011293098831461243	0.030698254339127155	-0.01903635811668537
0.01679368275513985	-0.01683140399265622	-0.02061979217404763	-0.007073980157455055	0.004596162573222016
0.005012438226396523	-0.013919928321812863	-0.0019787759738910332	-0.06729354446715535	-0.039743975562596914
0.027170646856365287	0.005615660641345739	0.021078606122044798	-0.02395183033385444	0.037784797952328614
0.004775130679156071	0.020565615490063232	0.011428021745846732	-0.0239608516801031	0.01790888232546343
0.005944009591737411	0.0016566117943477236	-0.023565626707867517	0.006211884361568011	0.03075373886873034
0.004461876115733305	0.014879044931159041	0.020653190749809522	0.006091020084170419	0.03857465753816455
-0.012038970506219788	0.01711633139665677	0.012671388495550799	0.01168720578696412	-0.006277841488789428
0.0037083112507332178	0.00021342653849552255	-0.029747351633956524	0.012873975761276808	-0.004659838009925772
0.011889111237741263	-0.002399555263592368	0.029617512646477134	-0.0037253169071411168	0.0033522442639077154
-0.022144769087626807	-0.017499627525709775	0.0023277731824466854	0.01069331514394572	-0.010501324910887802
-0.030978680574440334	0.003473267904848149	-0.006484301586327899	-0.03719212060583159	-0.048965524559602125
0.012366777560193507	0.01009421506757334	0.017398339411361912	0.0408788931862408	-0.01604189352785163
-0.010866934768027841	0.007057679160631603	0.0036509851244301648	0.006147118357877015	-0.002828400586455934
-0.028615120885855046	0.028103306117415065	0.027779821607210757	0.00586685924228794	0.011283347169226354
0.017783545101371482	-0.02574646625122793	-0.03570740015066742	0.028141811414834905	0.017132397764736004
-0.02121911272557398	0.023119883684906323	0.03871108437782288	-0.01940894736758299	0.008175542796871113
-0.006226046386395558	-0.0164755833115866	-0.04001136444569311	0.035707159137246584	-0.01660229975995065
-0.020055691276790667	0.026206822309300024	-0.004226904425735008	-0.006731749770848515	-0.010017120328350074
0.008029947773650778	-0.002524236318698383	-0.008406018127786474	-0.011386285472573027	0.007584612161745803
-0.052585762900723955	-0.01851369005167931	-0.017590693128810845	-0.004316557287577667	-0.016537664421884337
-0.025197151556849408	0.0034834699637618857	-0.006459963441107996	-0.003040583707444791	0.009601419636738575
-0.0281726169477905	-0.010365334027137973	0.012023162784190869	-0.009934024373293365	-0.03588999331625237
0.01177827100552787	0.027925360869996536	0.013942513749645086	-0.04074897726677691	0.018531146057363813
-0.03141416791406643	0.015733193916995597	-0.0025070386327706424	-0.027604533626502753	0.0066273832145112115
0.007895144323680164	0.027197380020859876	0.027267529554175468	-0.008872251452321803	0.0114764393894418
0.008562313657417024	0.014912954756617447	0.0204938265814647	-0.021321602003061293	0.01721450713416078
0.015431945669392842	0.005735506136808486	0.013493509591814475	-0.009496913012230518	-0.010619922631634063
0.02727455759694459	0.01320987445150188	0.030329365742586243	0.043415742091368996	-0.010034771921654334
-0.011331913152624131	-0.020218342844102878	0.007798725513964729	0.017738252003685735	0.005533148541888513
0.0009581604194939747	0.05906491039329041	0.017646965089135595	-0.025997436531311365	0.02921973851443204
-0.0006356899270370262	0.007571272827146912	0.030408755955014993	0.00957505887812548	-0.018863861673845794
-0.034249071081310554	0.01790723385931853	0.009569285300032964	-0.0006875693078336911	-0.010212392197326746
-0.011528200149225114	0.022857468623229217	-0.011381873469338867	-0.006548221161608641	-0.001326885626623922
-0.02268937094670328	-0.01309394849628443	-0.029245248386488867	-0.022054548504223	-0.0058158258524843385
-0.009204609070397454	-0.0255699023917327	-0.018203641707837562	-0.016625141715129924	-0.02517582458696189
0.005854471087337535	-0.0041024121037088555	-0.029233706038605808	-0.003347781587194293	0.007477369410199022
-0.0020293013915085143	-0.03237349796328247	0.0008036767774033341	-0.022099620406600764	0.022052119589605224
0.010642619476530979	-0.010759226998158261	0.00024086052519640272	-0.005864077864542068	0.0013134225157635092
0.0023000463285952986	0.011750312329775796	0.011616612541977923	0.003093643462061429	-0.014223692891027498
-0.022815776424673088	0.008237016398390626	0.014428205700273727	0.0556343770459575	0.0050213207578760485
0.03823985312703548	-0.012866843319767162	-0.01262029489248596	0.0113449848959618	0.019194435551309175
0.021841294602525166	0.026882568334493685	-0.012075541523405451	0.001337276090194071	-0.009446459112334125
-0.020582990592799742	0.028197079692073333	0.03376375241382326	0.008972808503064943	-0.007016947191688341
0.010342658876240123	-0.017299974167650986	0.011561160224762657	-0.007697770692998686	-0.018587155728046586
0.006231060298335752	-0.02225106991763272	-0.006584678662371982	0.03578837847870836	-0.0433303989793188
-0.022813604973998775	-0.012455865950170456	-0.04140215338830883	-0.003385922365286861	0.029160490482751027
0.014913873196558784	0.011354372880820127	-0.020149741506008213	-0.00023053863986433054	-0.0016961991910198551
0.03557986580595822	0.006526490046591493	-0.009683760774558278	0.004650831071554711	0.007039188156138496
-0.022468669205681076	0.013017682081884393	0.04243210924661586	0.0022575055156393697	0.009597549455600938
0.024055778087608105