UV/VIS SPECTRUM FOR UNLOGGED COMPOUND
INITIAL_VALUE = 350 (nm)
FINAL_VALUE = 800 (nm)
INCREMENT = 0.1 (nm)
0.17260343474569695	0.22228352239988916	0.2250357018284877	0.22607567708263906	0.24493901080258346
0.19125092874757835	0.1849396011549178	0.22220691526219047	0.24174094553791953	0.1830019887318448
0.2263748884955585	0.1771864315666008	0.20566239500745437	0.20144958244145306	0.18713481830281764
0.18006855482091944	0.18258684425586869	0.2324181732816538	0.18271784782725245	0.1731205325221965
0.16694398426181573	0.13908641121501145	0.16206041966939447	0.2007862298055105	0.15917585636519332
0.1736000855241239	0.17461213677136303	0.1891341897143626	0.17950637842783485	0.18689850028236774
0.17706011933098417	0.1922758170037833	0.18680022589925496	0.18350316493099214	0.15124003806180442
0.12235992593605433	0.18974236855682639	0.1477258015271061	0.1744684680189459	0.14020466692180414
0.14730116119901707	0.1650575833299709	0.1715892433231411	0.12118415464790107	0.166897738568317
0.11938378013878875	0.17721789795092754	0.14936382334423332	0.15499406768063514	0.12562629911112308
0.1260396977657419	0.18071417509317067	0.12326491988832401	0.1419482312703567	0.13259361067632192
0.13071674471801234	0.12897331956656313	0.12514734052644721	0.15153134725593728	0.14412606349275947
0.13497056875126406	0.12173192122627473	0.15907430385514296	0.12104126607347465	0.12529721998221816
0.15492212778732423	0.17003334626517502	0.16549050158379355	0.10233362468018643	0.102454442006655
0.1341344903169199	0.15128635629337348	0.12751601916703093	0.14984407804971803	0.14423253915500592
0.16399985969239908	0.09129152219088149	0.08796086593566438	0.14801938879171084	0.16309956854167829
0.1338316469988345	0.13689290341369062	0.12290354492782331	0.09091149134532292	0.10798495927348674
0.1395827031118777	0.14072492419896218	0.09298064997348796	0.11441286215108475	0.12135752799214618
0.15154873802675695	0.09658983544382745	0.11744560448986847	0.14621682940362432	0.10350138431108263
0.1166323979607863	0.1286274753157837	0.1277697210572223	0.10326220991245998	0.109203966502345
0.13154840170746196	0.09028020373880334	0.14110871368615824	0.1093034991825757	0.11125038499680243
0.10097310666893933	0.14655193702923325	0.12830832605470185	0.0787137985986109	0.11910672877133394
0.07609522027969498	0.13032278196079125	0.10050387224791682	0.09031194609337023	0.09913659774335676
0.10192009327964134	0.1406643235341864	0.12202594806132397	0.10170454944184015	0.13745221781529027
0.0876527472640428	0.10239910703130752	0.06052926864582111	0.083782180418541	0.1093504198115888
0.08245505991927068	0.06696237415240931	0.12220501151660579	0.09497410983118025	0.12701220421812076
0.12757626163200184	0.08509048930350409	0.06299497442826209	0.1609280898254373	0.08396142283289046
0.09692018422545982	0.08148119012595331	0.06019696835974941	0.1338515088520337	0.09067061929967561
0.0683557415689371	0.0874003961835347	0.10393375266159756	0.06992377203417323	0.09348761966964783
0.08766668186525986	0.08767775007439418	0.09173045297158591	0.07644122894290661	0.1125280073156224
0.07999399726071603	0.09088840546283433	0.09673975118117042	0.07117334914331912	0.05861418041648277
0.07964148233105221	0.12916051906256967	0.07465257199370937	0.06972720992336709	0.09487192282473914
0.07869282339036732	0.10675957709389412	0.11959401812674737	0.08173256462909755	0.10496986422300732
0.09643900303107297	0.09942831018518734	0.12148801067001452	0.07294763919213068	0.08549529675310581
0.013880192849498436	0.15393014297881996	0.09946733168454704	0.05816282390988002	0.10945279121335438
0.07431957849628947	0.09212615457288455	0.12223677807126515	0.09611301950682538	0.06784761627090308
0.0758629125750665	0.06118999073004222	0.1220083477924416	0.05766264097221983	0.0884429707829645
0.05610953641356843	0.04636458917428618	0.07008601764673239	0.059149174678278536	0.048049926068917614
0.10309721950048671	0.08352753058564961	0.06169150250370343	0.10650575428650005	0.04789408381134826
0.07900589980887741	0.08257524083529563	0.07712317884261052	0.09819113728363144	0.050911347201755226
0.08103058615781204	0.10047203308860554	0.07787241876176908	0.07203478053866387	0.07773216020553962
0.06931531453026289	0.07263139072142576	0.11294297274519016	0.05532364079411311	0.07477192970606436
0.09686230576005213	0.011580582801991195	0.06269404544452994	0.06740383396917927	0.10831532134370427
0.08826205553048555	0.048097574896378004	0.08361250148134658	0.12052167375003517	0.10783580146408384
0.06433646426427138	0.09817654786621322	0.041739382542081586	0.10166248341183125	0.07311711031206071
0.06967805509556893	0.0972911301430962	0.10107676397742657	0.07856922773725887	0.05717107566783981
0.08376228796162363	0.060229597716029766	0.0698008164263793	0.08670783667150483	0.0572289398630243
0.04980924998392381	0.07948499744220243	0.05674697402843409	0.06804538976743939	0.10033803668419684
0.06601228539991082	0.07124305382689095	0.037023261375571326	0.04922013095127161	0.07854185511364907
0.06653424757275338	0.06089939290557612	0.09242532437475029	0.04887246853567687	0.08666104561666269
0.07609978539656538	0.031050070039560146	0.08763770046365572	0.0708779661126739	0.07672606285408873
0.0797888575783001	0.09268098261519918	0.08057786722845589	0.022563837785707228	0.04185291324530972
0.051472424862593825	0.07030067067387025	0.07621642834069892	0.032514496500326326	0.054353409356224326
0.09402985872067064	0.08373713258581804	0.045121483570340834	0.07325470955739564	0.051068217450532555
0.05847616271043524	0.08000465695425818	0.06467809604609806	0.05683305452851557	0.09485914780608085
0.05457905500260887	0.08841413423581593	0.06555849312287287	0.09438879274507228	0.06230281502016453
0.0739115008197862	0.05517392607565373	0.06890073901936832	0.08992931188318788	0.052870899890702316
0.03752520570351542	0.06030670437361816	0.04749926611617262	0.07607548119804332	0.08834892027226808
0.06617435260099014	0.04902164082236074	0.035713007516601364	0.07660183617741317	0.05213293174685033
0.06016983227568123	0.05459340730489484	0.044605460719794696	0.05563703028828859	0.06277273595871097
0.051145350809962395	0.049261374818433526	0.04255021597275209	0.04737341229026406	0.05303902043666611
0.013369375916598883	0.0440432866559231	0.06169914194160464	0.0358017651875859	0.093678723166196
0.0672322072088484	0.05539542344149723	0.0794484698650062	0.05749150722921307	0.11231409824387378
0.051672275524269146	0.07385630813430522	0.048604412839371294	0.009795029314728323	0.077544274997699
0.08378401173759986	0.03334086125050328	0.03059037969132858	0.029753448534109314	0.048214368775098465
0.04199059146734999	0.09938481360300057	0.06572263066323693	0.040679846541168074	0.04548064456300937
0.06334286676002707	0.037089214030926805	0.06687846482163895	0.06264175141465433	0.03559355024004148
0.041987130252048574	0.07123837638524175	0.052414493857900465	0.07920736142732639	0.0827274963263512
0.08320943094831472	0.07784933111374248	0.07343431657369286	0.06111565129691422	0.03230982521421636
0.07191222642655629	0.013235069300121485	0.04168605560201032	0.07273940849768751	0.04618457195536276
0.038361527174478244	0.0723132086004096	0.06896528444518475	0.05797054108274793	0.07486301629609288
0.040352678923023355	0.07071365969734511	0.06480855619473873	0.10566870627310301	0.04431922320626833
0.04134840760583322	0.047288876648467315	0.078777524115429	0.048738492237256986	0.06707896594737976
0.022351390606993527	0.06460190530623242	0.08138529965582127	0.01967335675883513	0.026292104180616283
0.05251116321145545	0.04502004980604278	0.0772493070606845	0.043896724267787506	0.020845534143452325
0.04310749003632567	0.023376411179726386	0.015550071324740762	0.05181849642157754	0.06819205437213816
0.025254029243349064	0.031244997399637427	0.07021669305814106	0.05764235828995644	0.06055240307732021
0.061926289589478545	0.05566888820383636	0.03824308637936432	0.05850072473491845	0.07595239296813133
0.03035639515085043	0.08127574199769923	0.03330155798175661	0.047038370299138224	0.06616896045212758
0.07632752509681293	0.040402799811374825	0.05049286142893174	0.08933444711979913	0.06103244041082805
0.10600696601166616	0.026442789270779414	0.009835496343920922	0.06442476192108718	0.053582785817928254
0.08292194128827836	0.08103222976968542	0.10318197638495544	0.05247779792352296	0.0032331117568698275
0.05884049449892196	0.02242080608189616	0.008708984174459398	0.04148215949214006	0.06993493580634895
0.018561230384325594	0.019276403139799267	0.0792090112005023	0.02464809549108832	0.058545299081334046
0.0485972491511454	0.03963731838670278	0.03609829175450688	0.023797930326995505	0.05433294587744673
0.05506491005415623	0.03585133552823906	0.02716932929877551	0.08941560435110021	0.07451003697483918
0.022039572341362116	0.08242766128772999	0.06032697047267928	0.01627463398641139	0.05728965876433949
0.041785099659115074	0.02409457712462322	0.037084253470426404	0.01330324800309322	0.058129498179314454
0.037034979808112864	0.06125174081256727	0.061222612291044254	0.06562374821332312	0.03647920817704579
0.07587686972302288	0.024651851525906134	0.09492336833345622	0.04248655579699158	0.08484746897007106
0.07406084975915793	0.038997618923806744	0.03817578013327149	0.06739587957080274	0.0770302145457374
0.054459922230674154	0.01923420853957305	0.05497258746990588	0.042775994649483416	0.049236520179283975
0.05823227790459758	0.035269956102410314	0.01893161253320357	0.0005286777518130887	0.062289592546748436
0.08175152262797655	0.03899903475045155	0.06384812429489847	0.05726914402621835	0.062107945826145414
0.06251342007619266	0.03524422328913625	0.0599224782297598	0.05833082349910998	0.04583882101892457
0.0155881360557405	0.056435436113967084	0.0770249708771304	0.0719586675373516	0.05944183525131094
0.0716679425005212	0.05854741262626762	0.044793922173111095	0.018147446350543453	0.03556464119807914
0.038326223960683664	0.07916662731894462	0.06619300667984074	0.07154887787156289	0.10487576608824783
0.07354449041465541	0.07092039088643332	0.03347437857416041	0.0434608316971092	0.05978323937140205
0.03003871618263866	0.08302602618639984	0.03163188905364291	0.06351483683517528	0.039337757051825524
0.0505442690672569	0.06850877013835292	0.0780986741080513	0.05161855099390334	0.06649740047979275
0.021340722335258883	0.07554161186222827	0.0781129363267158	0.038912598593199954	0.07089638926101055
0.032043314506688965	0.08609824742856981	0.02700084909906171	0.05049772113935168	0.04601728059522012
0.019534768290567456	0.06885166494700354	0.05083044886057602	0.024625985486054477	0.05107122290810628
0.03931462150921522	0.024667946299288857	0.04808511606002167	0.0065316002309584896	0.05963559388162486
0.08640110063877383	0.04117954883200062	0.07452121725584193	0.02323110374904565	0.06681414862539821
0.025974454996144654	0.0740245097355097	0.053748917265711495	0.03744006927564221	0.08399611559465012
0.06599110282441081	0.03922449250182433	0.022260542398967936	0.0932306619936736	0.06608340080902783
0.04091521073116814	0.04576453991906252	0.06622728193370467	0.03072945314795619	0.03723419339609392
0.07600594959109988	0.00776949202812433	0.03493027713795842	0.07677603221691613	0.03911411355244839
0.0826251580415809	0.021702786889987512	0.02990402425278883	0.06403582561934819	0.05027570027944701
0.04940936589691311	0.08473626798517365	0.08622948016408755	0.07051108995382528	0.05618975125638122
0.04923116150823344	0.05250513624729314	0.09367900154770425	0.0336204956963566	0.0639174455154047
0.05911486205604568	0.08038580093491766	0.0774533146481158	0.0487119557898511	0.05072975604622817
0.11508560704603166	0.02815024343221647	0.07583756172814239	0.05563828059938755	0.055940168957380465
0.04862695635695055	0.09717766206937425	0.07681602833837188	0.06138624159227714	0.04525783775589433
0.06229675878552075	0.051030966909224235	0.07097906533942165	0.05615624822201754	0.04784065291782035
0.08446450131449061	0.055729042484733926	0.030279187091474674	0.0712656783520527	0.040139427886132874
0.04391271152895705	0.067622020948506	0.05505023676319196	0.028620386854320536	0.08010283796708162
0.061965262176772784	0.032610330985656764	0.05069413370338128	0.058117729788673134	0.07748771674149149
0.060325515097312626	0.0599903354507841	0.07472064872965688	0.07869767777100196	0.056525631064310904
0.07027885058874137	0.08670596687137612	0.06007951395477704	0.10725295391565383	0.05704773016527195
0.09700557097382624	0.035833972052814925	0.08854834325798179	0.07622409701404441	0.022142869938020525
0.061548588527722055	0.0619401556020737	0.08253613620934612	0.05324418396375026	0.07643462969957243
0.08595790098647005	0.11389639686126735	0.05825675318964162	0.03142957881211792	0.06976894097350517
0.08044220691623868	0.06567174065122984	0.0479215116006535	0.07402695966062753	0.08213147860593975
0.048928684198382456	0.09021665920880555	0.10155541066086489	0.0736103439969813	0.06957766995412008
0.043036584083366775	0.03474857470790854	0.07480337579582388	0.10258424185376448	0.05886099999148416
0.025847702597931958	0.056179051553278146	0.09341576541159746	0.06172604398292579	0.09925603033797581
0.05507159300267841	0.07308405091498747	0.04792067697128582	0.05073478503039065	0.08726191632058797
0.0784533736165053	0.0602051183353433	0.03454393638291616	0.0790830898246964	0.07745775839043453
0.0468174329723268	0.0775239015478194	0.08468624598222045	0.07960462727483997	0.05224246382876036
0.0925022444062016	0.08102019335279094	0.09227394791346047	0.05252516202284558	0.06751549332642756
0.09905117183005749	0.0487658384813808	0.060757447744274155	0.052431918910675876	0.028262085174523843
0.060504426631076136	0.078107097813546	0.04943825989469252	0.08534977767129247	0.07217433053720977
0.09577100335503427	0.06183991196279647	0.08379577064409233	0.044159750818304	0.08291461322341288
0.10934947744187772	0.08096490089041197	0.09289170998020163	0.05988862092168285	0.09030182853224133
0.08323442727808453	0.08591174774760953	0.09476016975705216	0.09562771043245974	0.10237876675651125
0.06418575468181811	0.04284072903145453	0.04822777517897879	0.12628145480150776	0.08247509845580955
0.03583514806875915	0.03111044868827031	0.062324609242337924	0.07799042399266203	0.06530743090837805
0.10354999229618278	0.11601513722548683	0.07408791289207145	0.09651189190670169	0.04860781248194232
0.13485218649989864	0.10067995001019077	0.06638166099245525	0.08540610540033455	0.08206991221965872
0.079742014166126	0.08555647148606296	0.07087481310447738	0.13536433422370042	0.10628842656359877
0.06034983554089057	0.08873903351253921	0.0672707302856767	0.10445367982149359	0.08684657273779715
0.04033693245603977	0.08644396648348271	0.08244798306410261	0.06638927956519826	0.09737656082647742
0.10597705604236121	0.04591012994072436	0.07799370284175919	0.07465212249795829	0.05719965109016261
0.13769979302903043	0.08432966384872082	0.06989274778926467	0.0399500349799274	0.07992662843004986
0.059383097333565116	0.09027335158444853	0.08317016836852756	0.0754703852833968	0.057570183714176174
0.03649777755414982	0.072820695581016	0.07015527558577153	0.08672583839305652	0.04037193946243989
0.13814989188991939	0.0763313512841975	0.0716796915691831	0.06837932657693654	0.05364106337190765
0.07724816116052212	0.06402003134108927	0.0775408869001731	0.0947358627417927	0.10872224324118517
0.0945589862411777	0.10729717523388702	0.11796288154530105	0.09398790336233571	0.09885085732748553
0.0887605889272742	0.1115111427505407	0.08874338171025511	0.10141617062111233	0.06508499497838555
0.0997804949219446	0.10426907280878371	0.07156299470940007	0.08626086184740596	0.07160341793543117
0.09377274173367008	0.05226887547365555	0.10337232709549338	0.1220484059584075	0.11732917954179928
0.09783427040924982	0.10542186241862346	0.09856727881497533	0.11101325212679276	0.07264344276205256
0.09020907452927247	0.043758550428210655	0.07722839157174362	0.09221654301821733	0.0883637790879205
0.11063615203618425	0.06598920911846667	0.09664216673189807	0.12821718721054182	0.07832810681377293
0.13478741581252285	0.11413166224048037	0.10785922124278778	0.09946964161336411	0.09241100156939752
0.0971848783447295	0.14023054408483565	0.09779131692195475	0.13873134938859366	0.0656239157834502
0.12439504374245539	0.10621179437243446	0.1314068212205457	0.12610786688612285	0.07133384013339569
0.11128636829821237	0.09672661782817045	0.114281372758483	0.06072630809250975	0.11733808027450447
0.11133588565154033	0.07283014715859017	0.13989741426000307	0.12356906362488694	0.07559626550327557
0.09158315292604467	0.12142187260727975	0.11157770173966954	0.13218128001428636	0.07766159484779347
0.11189327643822275	0.11375822990145822	0.12472547165648416	0.12849119097862752	0.10716635151049488
0.06481776901460695	0.12654953573349054	0.11273913455377829	0.07548437154133696	0.09605148679996274
0.10786230915954992	0.08193776580891966	0.11581397195838108	0.14079117810230266	0.09465103222823644
0.14195685223557294	0.14516890061324905	0.12709104714339464	0.13206429375665665	0.09278774682404639
0.15937813110401475	0.1531298588569599	0.07324412145045008	0.10636793837966234	0.10679997015654147
0.11418189900644786	0.127679685146425	0.15249498318625415	0.11928943125052807	0.14086355087336502
0.1161214131575442	0.11494028836355538	0.10169521497084368	0.16234321330162552	0.17569829383130772
0.11985912178086591	0.1385211940484434	0.1168883760330973	0.13185128536975999	0.1427319874736357
0.13178990584542297	0.08107574649282918	0.12556305525080333	0.1293681116845555	0.1511461331030426
0.09822698268560992	0.13464703855668186	0.13924140229255683	0.1299472810819978	0.09899766614968233
0.14765976630373592	0.14087877597212553	0.16030559309193199	0.15968762716429763	0.1440278997529938
0.12870060671724123	0.14618544170946332	0.12594525574981733	0.1403321704733867	0.12337433106070342
0.14397722090829085	0.16627941046988268	0.14616760421902092	0.1576207019698138	0.1663440123183253
0.13365407050506878	0.148115273324065	0.1516559476446517	0.198292247384002	0.14004503536208776
0.1051022496423239	0.15567469143764373	0.1327466561362411	0.14803673448497912	0.15492674173511345
0.1469365978777903	0.13189739946716858	0.1574906565457125	0.16250043663331892	0.16828439966924277
0.15423353364115353	0.14903828271404818	0.15212795109523178	0.17261771611356636	0.17864740717863437
0.15854354967353498	0.1983864530120158	0.1932451360766019	0.13153095732491552	0.21862585497799367
0.16082001770703203	0.17004790182773852	0.13749333330922825	0.1657322687027835	0.1537231525714053
0.18578442801446204	0.17744409595888475	0.22770291683427019	0.14651696456224483	0.16848136733271085
0.18770522118342242	0.14723786997975147	0.16785380179299964	0.17644344316394422	0.17768005686417826
0.21671485630280848	0.17266515976164734	0.21548885866218348	0.17714566613833818	0.16032309399697525
0.21464008885025115	0.19713491563313476	0.17126376973671537	0.19516279474938408	0.2073107225187262
0.1715723849676	0.19793853955121163	0.2102585622522274	0.19399415017281071	0.16187356207174913
0.1864269768927691	0.2322494105354618	0.19954029143062457	0.17712569947930462	0.20499106353776456
0.20618766890850312	0.144035589346607	0.18986695374883997	0.1998082408536368	0.24962125134998567
0.20100744326249195	0.21150358877104172	0.19989386611085547	0.20785401503374784	0.20865573452670544
0.22672249523643695	0.2313687916221613	0.20909562279711302	0.27261126517473616	0.23683309466090288
0.25180452928564767	0.24591453942659317	0.2056524338685985	0.22619499147688157	0.21092758583876675
0.20962695895186445	0.23126306020542206	0.21566034716229301	0.23260784475060453	0.25272961467325017
0.2214143769015427	0.25480873848052227	0.24649031844838018	0.26368620720498864	0.21727457595665509
0.2381970069421645	0.20898835314597808	0.24837480839657933	0.27628824622795733	0.28661426906163884
0.2426919390496488	0.27441119516379026	0.2559584076136263	0.283668562339782	0.26261982647298454
0.25233015063124026	0.2461275754087959	0.26660780197666856	0.27396826237932065	0.3182858929271712
0.26235902236196584	0.2753980920234547	0.27298515750949714	0.2226802095439518	0.3265203274047796
0.28726833972296834	0.30852714562725814	0.27284586941716843	0.26858194572556154	0.26395940775255794
0.3098506556138757	0.3019824181412053	0.26792316024089297	0.28898375296303863	0.300190015292209
0.30792842856067454	0.28326715134100733	0.31736080268400507	0.2861242796406104	0.3689129480022019
0.30474761249261045	0.29832964649653765	0.31165563644063393	0.3314078203494443	0.317044167124182
0.29114193826635826	0.3323361774833671	0.3330279578699598	0.3463101930359997	0.34913985001602676
0.328353830031087	0.30665991882976656	0.35771095542711706	0.3613580381743321	0.35892876720292144
0.3771038763983351	0.349500203750691	0.3674627882856702	0.34380470343728536	0.379546595160299
0.3909427846429782	0.38263344650781705	0.3912453459711087	0.3412135325274441	0.3681185985713352
0.3786115669290382	0.3684111025910382	0.36307518780297937	0.4160606087743448	0.39261677313439314
0.40179633324433006	0.4122150458751382	0.39302377984237047	0.42767852092916875	0.4174776269775152
0.39541887497392486	0.40024864094560425	0.42065536216597565	0.4637735014726501	0.4480765017492827
0.4812111249696208	0.43874674910336847	0.4680122168200305	0.4563295958168197	0.42809182488338154
0.46059797439409517	0.46558132670327573	0.4591599630156525	0.42305305949450095	0.48243773742784385
0.4744010928832533	0.45554640825841825	0.49869191987909156	0.45585159368127126	0.5009051290070041
0.5008562929915158	0.5203712837638685	0.4857781807259423	0.481233616244293	0.5069682452640193
0.562501035194867	0.5441423279208827	0.5260486093924438	0.5398532511764674	0.5265634935966411
0.5375544516302433	0.5414395526695274	0.5372892117158979	0.5655864099198118	0.5688749639493913
0.5399696732826775	0.5565910616664249	0.5958633317230384	0.5752889966271734	0.5649065975046981
0.6320010074579905	0.5852161089717347	0.6172834944080636	0.5936669079202201	0.644736091463057
0.6282734554683665	0.6114602445802111	0.6495601297668245	0.6637992895297594	0.6420927128076944
0.7007745812255198	0.6902433760346096	0.6807974943461104	0.6950133081221908	0.6975794294223658
0.6872137095544714	0.7162871119015651	0.7034705589572218	0.7031509876568881	0.7400939772704426
0.744934613978993	0.7399647919065929	0.781998142281227	0.7485442545777913	0.7653438630114426
0.775917215293172	0.7941497783243673	0.7789994110377974	0.7775136639984004	0.801211822339287
0.8084488795077945	0.8036023502973204	0.8402139474041732	0.8003491629992251	0.8718899741598055
0.8351282055907705	0.8430099143445737	0.879592523966295	0.8588756352203308	0.8837268078971564
0.9207231239969796	0.9436048973369928	0.9197815317908609	0.9128115689920377	0.9551422358825192
0.9371152284899661	0.9429306767635426	0.9414310499014625	0.9464116498589119	1.0099075780862277
1.007514071816994	1.0011617155036763	1.0376837941887003	1.0425439399079692	1.046584960077021
1.085764134368223	1.0691203332376649	1.1132548090138463	1.1410852171044472	1.163590431593825
1.1204633839389186	1.1105295765622647	1.1533968202090368	1.173880059984932	1.1793516084447377
1.230238564380025	1.225223660154026	1.2669111945926674	1.2343824033925423	1.2268329007077419
1.2273835390817454	1.315303624510224	1.2589641763225665	1.2852325963542437	1.3297286256501142
1.2916879297995036	1.3175753192797506	1.3685717290591566	1.3430954413117504	1.3810374268550605
1.4026650430168106	1.3987797234081054	1.4537158711951912	1.4616352033584383	1.4545688264573988
1.5011307529105122	1.4982934196164899	1.5374111983953833	1.5183662520790462	1.5436313934930435
1.6217551283031841	1.585255658859758	1.6116016300177134	1.619998882210082	1.6398554947203452
1.649532997945944	1.6502168838845168	1.6639593232502328	1.6973111096642048	1.7174089287360792
1.7435559035183732	1.7477845711906324	1.7734813453305431	1.7834360553580546	1.772978875733804
1.8288605396153297	1.8339213885039458	1.851722890226301	1.8768988600158125	1.8679110460584494
1.937602150046729	1.9343135636258397	1.9326912810698345	1.9779269878974017	1.9608565459227112
2.0049593582012046	2.006514732587094	2.068883997448897	2.0401581157513244	2.0460872361328595
2.057011556334939	2.1347089371538033	2.072636845674885	2.0846444891199356	2.141402057723131
2.127306305645453	2.172155926742853	2.1729273056008522	2.1957197737285625	2.2205558818270514
2.200203280146871	2.2420744717044068	2.2268780525968364	2.2404734960620267	2.2742003529629202
2.3081772875102478	2.30802062021703	2.305597178592884	2.3220914190804445	2.328066398462956
2.336527911095811	2.340494622836874	2.338766434586672	2.3463631466414063	2.363181832228208
2.3321314350841176	2.348569661027793	2.373175800381082	2.4078359928460795	2.3721204090911345
2.377872753230307	2.3763608862659695	2.4104417159738274	2.4044989951215814	2.3934124377382173
2.408069023916286	2.3623386143209575	2.4174929191947756	2.4292651410616757	2.354925378150607
2.389511501183767	2.373586485300683	2.3525462516889624	2.3678875852487438	2.3577052993222822
2.2957019948422555	2.3086535485692483	2.300288120427724	2.3511521626570495	2.341189805199229
2.285498604336795	2.3004493254177873	2.270979605393023	2.266542150838832	2.243029581000141
2.2390922308253285	2.2068490606417126	2.205306154601992	2.217299671128151	2.206480400141888
2.1854233694967986	2.204809397612147	2.1599449827392005	2.141543994025336	2.1412966868447407
2.1179512970565417	2.136192235419572	2.114835905904233	2.1064477322264112	2.0390671670245473
2.018386176354403	2.0209671751021694	1.9825567773297406	2.006909316759546	1.9965941887958636
1.912861049137095	1.9327462069623411	1.9369035243984138	1.891375049801296	1.8776686064406185
1.8629750466797803	1.8578693357468103	1.8747501468375274	1.8614308547487874	1.821130281593787
1.7482519664058076	1.7611477253543555	1.7205865338493929	1.7081955252030485	1.7182108167769052
1.6689471797439297	1.677691564457276	1.678228144265423	1.6722409427897602	1.6343315442272048
1.5777586837998103	1.6000508008430945	1.5880621238115349	1.5866700582107	1.517256139740011
1.5454232549039328	1.5119628271004113	1.484989397537083	1.4716461411821953	1.474806638449443
1.467426150312264	1.4377010943015551	1.3996083885592618	1.39089161513693	1.3606248906431548
1.388692784560471	1.324872852706795	1.365402502422114	1.3214543418745253	1.3029644646527168
1.2969524532192074	1.2700727500961948	1.22119190958843	1.2118521229736912	1.2234054227150426
1.2000189796827085	1.245072740920728	1.1793217479013278	1.139974307040849	1.1949107793135036
1.1263793173325352	1.1434678129587306	1.0916026563463428	1.1099463615376572	1.1093259304577032
1.1073578191666846	1.094529358616432	1.0730115636378794	1.0190961778339869	1.0220192084971247
1.04702797161004	1.0087592492490935	1.001652386334088	1.0019898491628807	0.9883935191229503
1.029360722703235	0.9833816759488743	0.9595240016472126	0.9513924067135913	0.9566893119214502
0.941426601444167	0.9151781514735721	0.9037046462915136	0.907736876448125	0.8765499433829378
0.8956382839151549	0.7881738093296294	0.859461566912985	0.827335318117912	0.8233842499504561
0.7989787663839449	0.8097798773144328	0.7884804388944411	0.7854166293384235	0.7770604924402541
0.7709308357996935	0.7880399633916199	0.7706218910350193	0.7823040916392867	0.7442005556383834
0.7350767674750958	0.7199093703663745	0.727044838013222	0.7037926737664971	0.7305176228680659
0.7382659345625003	0.7283133317759138	0.6965993432045219	0.6932175239669129	0.653576396091423
0.6479949885337833	0.7106156966412586	0.6867141734098781	0.6472840655895131	0.6710456577837841
0.6239131570575562	0.6218332238878981	0.6231683421219796	0.6327199922796206	0.6129221934582753
0.6028108782868054	0.5774853633934982	0.5861173064273627	0.5501423644047261	0.5867201540285181
0.5584430135457412	0.5476932709228939	0.5786743834912781	0.5872084513916122	0.5374494514829531
0.5328176064877282	0.5459963727764053	0.5608139631815618	0.5791769366790165	0.539987195167506
0.5012538389284494	0.4886878912742098	0.5031736815313611	0.5401351762085089	0.5074031195480402
0.5244944840757165	0.48999590790027725	0.5031608721949008	0.4765282393814779	0.4531729168822948
0.4588160674687804	0.4717142473525599	0.45756791371976757	0.4343661954529276	0.4449774741717055
0.4360276445084423	0.4724759694663032	0.47089628730861327	0.42922235549539034	0.4516187884271956
0.42657539057471955	0.4305686836568359	0.4087175200398195	0.42035609021039727	0.40682898673165546
0.42407226673241183	0.47510245153602887	0.3855073458670622	0.4061298654280121	0.356545755112779
0.3800931604452999	0.43272673806956485	0.38847061878870054	0.37566538886920864	0.37877721480261
0.33838351312156384	0.42082817136975686	0.4000050256912927	0.3514927767442949	0.3519609378844106
0.37849689553497473	0.37881242980033836	0.3781182407275861	0.3760154211416484	0.39786498315287927
0.3373027132745327	0.36940276963918334	0.35426883990520763	0.34672102841760444	0.3534474296195688
0.36718434974294994	0.3105186628199558	0.35186451353634224	0.31033126339378514	0.3277094752468392
0.34011733660811466	0.3444723731980328	0.2886901535111356	0.3317668345974787	0.32974271235484554
0.3484424387663395	0.30237261380776037	0.31870471510478837	0.32727081084410237	0.3170758188214003
0.3110859200017783	0.3253144005700522	0.3201018895388742	0.25525215256599687	0.3198959223682371
0.28112323189539995	0.29999715362172424	0.29803920856277083	0.30561076504051643	0.2996233272995972
0.26326296089777695	0.27420831022348124	0.2786445449784505	0.2492708610028925	0.2917309216722256
0.27926781892029384	0.28427030063676084	0.29127968144845745	0.25102077426634245	0.26768326180988167
0.27181752970926637	0.26005530294723855	0.2337393487458168	0.29782624312483075	0.23811578570494857
0.2318480156193653	0.23558461090254204	0.29845434962351336	0.25439311083098526	0.22306664717650865
0.23358363759262876	0.26050461751770465	0.2104394263558332	0.27261384600644967	0.25569036650560195
0.20704372934029144	0.26581097433363887	0.23470732146375747	0.24785437011329445	0.21076513112387815
0.2177191740004887	0.25511290174284973	0.2179821846954728	0.2335322138590549	0.2041863426633629
0.23840988671871266	0.23006858776433878	0.25852309933540984	0.2222110568990564	0.20161314398033817
0.2238527832064788	0.18337460782799353	0.1953449490170041	0.19142989469533656	0.20115424410196284
0.2490954168480275	0.20396809988948209	0.19232706743073044	0.1957169907017365	0.2036115295572467
0.1731644391232824	0.19223806808060348	0.20143902853511356	0.1900813944592218	0.1964841102800995
0.15354464365061835	0.16942121977946312	0.1851450987281273	0.20232919920065356	0.2430208292518991
0.19432392889337613	0.2066247197863963	0.19403384910227692	0.14927084080174452	0.19630816201093798
0.1764804608677286	0.15889618531348088	0.18559793789390577	0.17734841644078592	0.18599536066501465
0.2053215179400484	0.2047163007674958	0.15946867744142112	0.1940021348036302	0.20821977012788664
0.20454900569754988	0.20201608931358975	0.21359980652525054	0.20072773659951465	0.162581598366031
0.18143465693653102	0.17471114657424358	0.1514539619323266	0.20942450162803183	0.16237404946077827
0.15550137207056322	0.14693576873471045	0.13776101669633667	0.16893353001128714	0.13802295312596144
0.17898335742206312	0.1789832063130248	0.14986227527195795	0.14146373238491894	0.16856167110660517
0.1642169300452223	0.16528222201676768	0.1300777280313913	0.13974956074005124	0.16178941496119933
0.18605369275951913	0.14265834344104714	0.15409492700607735	0.1445808339985595	0.1317695899276016
0.12785720495940536	0.20058851711292522	0.17647950318939556	0.141922450600905	0.1075908973719505
0.14255810907030433	0.15924522031623295	0.13084113012969037	0.1177613112714527	0.13019826219736994
0.1563847291237855	0.12573249471860432	0.16439675187216368	0.10335476684601656	0.13242840245893756
0.16828954122444406	0.1535886401933465	0.1122510573386847	0.10899736691732878	0.10564626865644874
0.14504194978289003	0.15004403741789613	0.12224626605008672	0.12299830931215909	0.1157810249112538
0.14970585393163283	0.14077846840967412	0.12046954412603135	0.11693335477130481	0.12634184378206648
0.11638368337072245	0.08688817758590578	0.16136400885449217	0.14612648911119616	0.10996355384922386
0.1150537422689519	0.14709799561933476	0.1273301033437624	0.13638040357427147	0.13927689543150265
0.14199251236455798	0.07906596684679955	0.1613940424584718	0.11722018477253822	0.14767118327587045
0.13072742850285748	0.132931394716278	0.11206781056922911	0.13614111673725576	0.11020084287892537
0.0892674999897341	0.12164407383327362	0.13483808344328696	0.13744241937089452	0.14191856712358397
0.13656485430889753	0.14801553189767921	0.12569581705965294	0.1246592784186783	0.09410664523180204
0.11323604443601458	0.09715260981638728	0.08643377052643249	0.07924888747881727	0.10364071560558173
0.09262958779433927	0.11413875685038455	0.07821245512357856	0.09036374349861	0.13876937393670324
0.09416675776594209	0.09577812392474197	0.15595111588922392	0.06090169401629231	0.07577904201649381
0.102613269407173	0.11045890073927599	0.15560525934669941	0.09152344733812161	0.07562829981264142
0.13212615237470812	0.07257008288412477	0.12561628625702842	0.09695248910809441	0.08785329456172158
0.0854746215969261	0.11284007521543091	0.11448786513266974	0.0942161519792867	0.09112692454606065
0.0773845341322372	0.13970455130191503	0.10939307511742284	0.07375514283846248	0.1079751557032501
0.10612560783045048	0.0835623934555048	0.07908862144188876	0.11952077548405843	0.08329865841958574
0.09354751853762586	0.045762174162499766	0.07959151574637911	0.11134268650118338	0.06336279474381402
0.07892323032781912	0.13096941588499528	0.10981079781179535	0.07665479580579049	0.1032394977419163
0.08768214326068009	0.10794288225372135	0.05560785904430741	0.07884565747968728	0.06931854500066507
0.09929186493055672	0.07714122783393865	0.125123527185055	0.07428169334029254	0.07635199481370024
0.0955504424084046	0.04672892527207535	0.08934809074340512	0.09476390866113435	0.07304856452094578
0.07424290385655226	0.10211790340110184	0.05870833098199361	0.03435340072624724	0.06661142164438932
0.06603598584951804	0.07589774107967387	0.11056242148168952	0.04543915123136444	0.06935208654368306
0.10197547500668235	0.08491481369217951	0.0640831501064352	0.08786767781973179	0.05611307399689443
0.08779082165415059	0.07723329189494775	0.06989487718333964	0.10991533772647813	0.0905051655526654
0.08677625908811623	0.0923280800091347	0.07604186888436917	0.08827824619865872	0.04957344443059113
0.06295415335427079	0.06912427874058083	0.040396868913238085	0.08272639304542734	0.08062891868972843
0.06096010912952777	0.08422856821587066	0.10382883229805843	0.06741410926912395	0.0470313039825498
0.09696653701934439	0.08924371395623798	0.06655327037006163	0.07154797675858018	0.05732849534844604
0.08749621977833352	0.08461904558008623	0.09220037144653162	0.056828501721466904	0.04846241885177739
0.05457179814750919	0.059355597147216256	0.07830597074413055	0.07317633052294284	0.05590908341450655
0.056155008010121486	0.09219532752905865	0.11684761039025252	0.04379483892625205	0.10756069997153912
0.02552789258682165	0.10340079068196557	0.06046440286269849	0.06769916041562883	0.0324683385446324
0.06050363671362262	0.09852044634970723	0.04429466621054176	0.04725090393370921	0.053678834927194316
0.0891207577852262	0.015513714949729054	0.1262349953332249	0.09659199687032571	0.05701799855423404
0.03756434550167339	0.07089424770299108	0.06834894942304143	0.06892319680769221	0.056249266152439845
0.04906305408913677	0.07144978684702256	0.07098079875141168	0.05763740655713252	0.053302883639125546
0.05875294657495895	0.04084270093470964	0.07295823643618561	0.08836947060525092	0.0838010369034752
0.05828667665690707	0.11062281989749137	0.08433683180146057	0.03501436598138777	0.0654626111162605
0.04007302929123471	0.030740847383641332	0.0402303471015128	0.04171273638554984	0.05871599460311378
0.04792040390333722	0.05480243937938289	0.08368493451113468	0.06526866815157806	0.03891804642358075
0.0928073549121924	0.07380764896010471	0.07262550678243063	0.0811507301613279	0.04306439284547032
0.052853282638085336	0.05068616226368839	0.07050727544587744	0.06365409856037033	0.051091153117852645
0.07075785983281498	0.08591934825156768	0.07121406454758847	0.10725282183520109	0.07564488608338413
0.05026440936232194	0.037464021840084474	0.07573137360004009	0.035708988833663635	0.07725406387283351
0.04297352474713658	0.045789108096581495	0.09539561871619356	0.039320746404520705	0.06328395100045024
0.062338062985394335	0.033163671636666746	0.044689257856474	0.020804798177689914	0.08195691698991747
0.05209758250713133	0.04783671702277664	0.06552640776634913	0.041439832251544476	0.0757344107085408
0.042477494191220835	0.036501729807250534	0.03218074114633098	0.04465051810058362	0.05373130931187412
0.07141535592078099	0.045968764267259696	0.037663173805447994	0.05617668477720839	0.056307513778408515
0.022844873890799082	0.06598893003059562	0.040564014418648264	0.031892041534015265	0.11884616187261123
0.010604329943468669	0.053981165840025824	0.06371189060889812	0.06412736214842969	0.02470782194806374
0.08766710645631036	0.0504174024528284	0.036782284137789015	0.020501500647161185	0.04523066001294223
0.028457040300637563	0.022805173120259006	0.040791289274548774	0.0873106762787882	0.02979413511720628
0.013641971988759213	0.048792292234812934	0.033882781598806366	0.06474463218797787	0.0191367696821174
0.05290515463477673	0.013437995352376352	0.05121692681315007	0.05083275160791797	0.009996516625014162
0.012951891271563418	0.010321400291564859	0.06400987076574066	0.04216780573652096	0.07144144195992617
0.05358698933033613	0.041428925466762245	0.05848811302138115	0.04577367617789492	0.01758081580102363
0.036308408702234944	0.042462526431092495	-0.0073842997917644045	0.05546713679166501	0.03784984501959899
0.03508367384296953	0.02105360695097284	0.01983647721045684	0.045376045446582226	0.07419735509353993
0.06620626034311061	-0.004568220021804818	0.054672361361604485	0.05875023678218756	0.07730828153349195
0.06808402283569194	0.03738039846214367	0.02817607528729251	0.06977535685332481	0.020590862495860077
0.04643394056359999	0.04666238363535367	0.09331627547609919	0.043626383255031015	0.04669065141987474
0.05269353946804949	0.02150972764073989	0.05117587362737527	0.04898233031622592	0.07088502337090116
0.07235142683601035	0.03603095996197739	0.007994794445568162	0.0404113852937515	0.04997318691531439
0.009750115885629743	0.013268090118550692	0.03724701228778924	0.015794082109900028	0.003910408014395274
0.05701548775058254	0.05362120684972586	0.04463130932072453	0.020879707708126066	0.01701105721980595
0.04928736996357532	0.06289058537200244	0.08822323106932997	0.04225992113524241	0.06391682733160876
0.018513377070299274	0.015978441862045122	0.05531189454375781	0.049639609271008044	-0.016966989233237865
0.048700478717768995	0.06005135737535856	0.034295985544744764	0.039139614089463495	0.04080053478148279
0.04107125207813909	0.009793035915426788	0.009898224039710796	0.0660430128136339	0.02845924508759465
0.05074370739166508	0.05414508889923236	0.015538461526816151	0.039928221906247875	0.0408217034601267
0.040284549539149964	0.03886514275243865	0.04153687634366492	0.026622830798161308	0.04194275711370039
0.023456831938897076	0.042909311125566604	0.05765621494040914	0.01769128390507997	0.08014629932219566
0.04799723714142179	0.004614094783637085	0.04057598822192771	0.027628565303514076	0.04963228134113994
0.03841502199313806	0.07126560742210553	0.01595601218519266	0.02539239648996973	0.015013797223333802
0.010420188047999058	0.033889981976568784	0.06831683443934712	0.04532776036369222	0.04328220320247556
-0.0022967422652392403	0.019114638469727958	0.010808229591548568	0.008294371861739019	0.010346513102354281
0.05101657520853415	0.06831093693651956	0.044189496775032935	0.05204303147770649	0.02004696358819462
0.006767936629442709	0.04284381627401703	0.042007727059277834	0.028869816406242775	0.016704348328004128
0.047028336515684145	0.02682581839627118	0.013458160396321528	0.005707787673817963	0.03730417119154158
0.047779223975389765	0.045726984369568346	0.059174458845277667	0.07027385461423455	0.02131456463288727
0.03764093769350263	0.03045578040772972	0.01461944135973501	0.01366277898505026	-0.0006253831564779488
0.049220647323472574	0.021965771869131782	0.05979859450362673	0.05713140593371638	0.03751062579162441
0.09472145121176714	0.03343122134100618	0.037244958112231816	0.002020668901109858	0.04339543956624348
0.014104918134397097	0.017150539539338483	0.021397954994367724	0.0027287228150205322	0.03390832370185186
0.03783380508832724	0.020580991888870196	0.03037529600262666	0.009457303237062904	0.02142365915303701
0.023836116230195763	0.020517006190298254	0.028929811086194045	0.027150911112918567	0.032924745458922225
0.05613226937716834	0.015120063003197544	0.05543239888629173	0.004281889087944841	0.03724625724183835
0.042805319208433036	0.049579745746597834	0.021157464178492798	0.048707582527127175	0.03720636916851014
0.04516174811796755	0.061367975569073266	0.007083162413488661	0.041458571608323634	0.024326860072177246
0.020452854777671173	-0.001395092381914131	0.006830338945645025	0.008837843142056125	0.049237666418565626
0.0046014516685421725	0.018502406201833223	0.0558733951102437	0.022761464050983254	-0.015621386891959122
-0.0035293987599070904	0.04741675641091442	0.021060673741530776	0.012981038230981477	-0.014929109855163165
0.07489360585395424	0.04238534014476631	0.03319826385916117	0.015807901843506784	0.03583902328247846
0.03208593024926136	0.044079722488297515	-0.00772975220228701	0.03667729628670535	0.011873269811518927
0.028960089891985515	0.04803987561300525	0.037958753743755735	0.04334475668286018	-0.010947901028433758
0.017965789698524828	0.02565473653939922	0.037956295190617814	0.0256082398092987	0.027844547304917963
0.05485878007287221	0.019917183805930414	0.04391204483345902	0.05747939181528634	0.016821845867257258
0.014540219887518713	0.06557020159334033	0.041999853092440205	0.01065550447434498	0.0030960602231414596
0.06400805356704448	-0.012522353654175165	0.030570304732835413	0.00614972486111608	0.013189655692035455
0.013321279809829311	-0.010486983115818905	0.028419358033819175	-0.01713062628893075	0.03410821055560518
0.05341273336553828	0.002218733163268472	-0.010260047172750513	0.011438996777475638	0.020941313948464407
0.0222271177906573	0.016409247931427146	0.06854587932253757	0.04286381427512312	0.02328864706167088
0.017569400772534383	0.039081142428900324	0.02547243167271638	0.06627855158061069	0.012987689436141947
0.06131162383534022	0.06952178496408802	0.022289823530418314	0.009007504903819023	0.010880098933065862
0.06302266251208863	-0.0022895388310701136	0.05175250859577791	0.028007919036779724	0.006220377473208884
0.011816074136980149	0.0752324547211374	0.022527733628524792	0.0314252061078837	0.02396227406856492
0.03134865749307273	0.01837566320577847	0.03958791213090829	-0.01963769045924421	0.009585027805211113
-0.011927719371789153	0.03827132401477147	0.013756015568317008	0.019860870798077482	0.007378805592990253
0.03510275418694334	0.00872217394785678	0.0032520369426143397	-0.0017384777014822328	-0.005141346254813053
0.055264766978357395	0.02741572069317733	-0.003957108240690713	0.027971772408181137	0.027066404454271647
0.018430031860192056	0.025081342209346786	0.041243268097112915	0.030311783717972576	0.028097835044953997
0.004463635187856722	0.03458797963853665	-0.009693821740003557	0.010560081900459919	0.033089629737322886
0.06339875232198236	0.04290643017856756	0.03836374644241409	0.017756070057293013	0.004279472552772525
0.002693035957370736	0.016125058303001316	0.024255163102793627	-0.0028031075149575826	0.004567586525909763
0.0050809717198954975	0.03369574170315372	0.006154189101821509	0.027091831859774512	0.00892624701089978
0.025461210709288598	0.02869613053980445	0.03885171777513234	0.00572396692653636	0.012934746674807172
0.03428289810622347	0.05692221581255982	0.03143109795287799	0.053717845616803046	0.032916728417973246
0.005832755825783914	0.03952641507783652	0.02910507714290448	0.019422276341995365	0.03747442128295761
0.018782354690147114	0.005223040053556996	0.005866854538517377	0.06853719906795801	0.032909342651924085
-0.012812403891293404	0.04821532013368071	0.03409960777774082	0.012087456606651732	0.014527745313418564
0.0029734475452147663	-0.022342517990095522	0.03785758766290092	0.031440082442334205	0.031003167153749137
0.0003090816415729789	-0.0022428360077538217	0.024969793700377753	0.05665647251041025	0.014924445523382296
0.011566963971874691	0.023292009754447455	0.012629713581384443	0.01731292123061727	0.0075050041127634245
0.040057622787896714	0.06974725703784629	0.01867812328329519	0.020757521739428783	0.007818695978558752
0.05176912745677192	0.009402092660039734	0.027971084751752074	0.06209934011653836	0.03114114734280669
0.016133039404666753	0.01545234581448643	0.039285778060134745	-0.002121696170559053	0.004451893553949737
0.014973612293709623	-0.02333521967307877	0.015669015366120337	0.008132147203116877	-0.0077157680156106825
0.044430345065222754	0.023482727225137837	-0.0017172618078876893	0.06856489012278594	0.03264160557593456
0.03375374514622642	0.0035286721307360453	0.030381563773135004	0.014236088864596572	0.023317635868771173
0.030480500164700393	0.022609592896750307	-0.005661034019466775	0.036877942349519854	0.0050749767144700995
0.0295456738489577	0.03807280300334697	0.010086809309234392	0.03063181394013314	0.005390909913747392
0.02397943267265773	0.06346111001512765	0.02132400772436175	0.03385375786542415	0.023843566588959853
0.0030533731040661774	0.044596333354820536	0.007941677882751168	0.02580107277156325	0.06149419772952771
-0.004119097735887778	0.017574740957320003	-0.0087703513048083	0.03657489784326969	0.046657936797302006
0.004136381118623226	0.013216150410954303	0.016208131572806015	-0.0021916762758013592	-0.0011708929799923344
0.00829105690830384	0.0049035961478785025	0.022307230195413984	0.027374396150262208	-0.005117770089622025
0.05531059206393034	-0.003918020433219296	0.02486036110446202	0.01631983110849091	0.028085200311934073
-0.002235333069707998	0.04474908411777604	0.01449681947816556	0.05033254461940174	0.03833689097458696
-0.02710217400925567	0.020852042378598997	0.004647689457448152	0.0010765557604923703	-0.0165446122590551
0.021296272401295866	0.04635337969421711	-0.0077952020664731215	0.000806801456947932	-0.009737635916544751
0.011310119748554856	-0.0014275207268010992	0.023933809567949035	-0.011379264466640868	0.04229608927131992
0.022230559973945154	0.008402414743658534	0.023896956668757623	0.055889921655474524	-0.007335085657114973
0.021386926463198664	0.0015796792590124752	0.011516303882902708	0.04845684248210214	0.0028915320442646237
0.017455943481413445	0.031065910447564547	-0.00012842209017895588	0.04168341282394964	0.03668762034126122
0.01673857277281839	0.03117568414919634	-0.022592314804033318	0.021872046318390452	0.016911483098727018
0.02062908003988659	0.03671626465966374	-0.011813382228741518	-0.018894209807982953	0.020132886773105613
-0.02149872362683066	0.004148622718176709	0.008492798003437869	0.023206968920011263	0.006076126704993185
0.0018502307343225143	0.029545605621554213	0.0394564876150231	0.033665793696096236	0.06170748923895163
0.03143614388445669	0.02600129543534848	0.05527713140960187	0.04179988495546883	-6.0012543770983015e-05
0.0119205845118298	0.04256514053631793	0.03131866537767117	0.05204798757153365	0.027419524379134565
-0.013407058346908304	0.012425058346139885	0.012132302038140187	0.024778960570588072	-0.017079028786767415
0.03627904806579642	-0.027380013752787917	0.02633086367356828	0.001946377187059207	-0.02407735534711949
-0.019416515042353213	0.038960181384269495	0.019810093425826247	0.004703891956560558	0.0035163978058298465
0.03748294104487007	0.040178680249695765	-0.0025347151424343992	0.05748742706281346	0.01453689035382927
0.009508385645850959	-0.001005385063391204	0.05477769057029901	-0.008765429719848101	0.038758420847789514
0.031904124017683916	0.014750728024840365	0.003991526287610315	-0.008542193122044683	0.0006080679939289551
0.027057985545885028	-0.008823125684253624	0.00010922885977745307	0.011082276299201138	0.015149332363629319
-0.009568556868984297	0.045916860269296624	0.03372601544028639	-0.013583703989059438	0.005865369320506519
0.023408815563592394	0.04143828697459391	0.016844606545002215	0.022969513896153558	0.03110093510910487
0.042953464279732546	0.026746821277735193	-0.020102841669238203	0.034100072636128805	0.03031493178627455
-0.018456107635942944	-0.04720446128027839	0.023075056261361294	-0.0073674308149574525	-0.006846417693867735
0.039309744316222334	0.04182062332562834	-0.026302661401101313	0.0029967658221345546	-0.019615127168483983
-0.0051270312133005974	0.016897988392855782	0.0560381085729177	0.008489953314252993	-0.00018912998471887817
-0.016726647754843137	0.0056180091843303515	0.019618771555989387	0.01723750680395126	0.04088702437961735
0.009594206921419835	0.02258637208852731	0.009460077349126565	0.006050161480652573	0.04005106011433447
0.017837560888976374	0.05656735034016045	0.040586418667438444	-0.0005620670672355083	-0.009613122775692592
-0.006716474300912502	0.026353069553889483	0.010536285009471694	0.021214419939385963	0.01540482638006749
-0.011885327545243646	0.048050594754095455	0.0042888930259331595	-0.028690587702205006	0.003893856608122753
0.016157711090834033	0.012140440856046167	0.010209380135090273	0.0014741607183561822	0.04509997125301256
0.03822865473163242	0.016077241841275042	-0.025171856190477595	0.002923866921031128	0.05830734489613056
-0.019105186195571472	0.040535495905345165	0.034096710376968827	0.0013671223670879314	0.0035408460538207624
0.0002656298968854694	0.02043291566584777	-0.001576521285446164	-0.0068469684665741735	-0.002826816834482578
0.0036795803637539046	0.06357956727485095	0.03137058454746287	0.01652900065906062	0.03412333242506702
0.005304912222145185	0.01456064698686253	0.01404780879500593	0.013731888473646488	0.01764354160532927
-0.030244884304806673	0.016733132192728588	-0.021804521090217438	0.001522475578073878	0.003936207193077526
0.028186277256234064	0.037228704634324414	-0.006379443386982678	0.00897246100417463	0.006347681369604723
0.02234969008709386	0.011174827256188626	-0.004374723278621184	0.0015362097575661177	0.010549487180835627
0.06574000940133842	0.03517174736716697	0.04786261185253569	0.03945986217328515	-0.02108417962792731
0.010932728038166188	0.03543297956717878	0.003149529789747447	0.049258142281118626	0.005072525728012113
0.008117524489255765	-0.01746916197374391	0.022104920519133115	0.027075166808256806	0.027118938968209896
0.00906870051510902	0.029506923802490287	0.02065282027153611	0.0021055007745797837	0.03508491758358038
0.030253747397966116	-0.007321107520619375	-0.0021936430199009016	0.008215310837540778	0.03254329724615038
-0.004913569146337565	0.00011381051804122515	-0.03023812904949733	0.007633815087084256	0.008476199835345663
-0.007256950141901209	0.0179768571145487	0.020880533120791148	-0.03847883081386084	0.024061651953286203
0.017644600133788314	0.03193341923592401	0.026491350221299007	0.028075648609804153	0.00882832382555092
0.016310212662060012	0.03538764178187692	0.010809885858629659	0.016012538272735462	0.04384592958794602
0.014435117173409222	0.030981652111003562	0.029443180883817126	0.018588442241399935	0.008329188851900425
-0.0011630720558603476	-0.0003594549379181012	0.008965098712081693	0.0011290968775788306	0.028749507181651385
-0.019306701781591978	0.014051562063741193	0.023305904606092633	0.038084839715312846	-0.020180135083165705
0.02619469166380361	0.03326124522035907	0.02883495297777883	0.004153874129083287	0.04666779808969174
0.030314742584429948	-0.0007142610335476702	0.027159367801092467	0.007876115687129483	0.022916747469036228
0.0489272079666494	-0.0034019783494779153	0.0016746326248725436	-0.003368583422579342	0.02632252517103202
0.03364375164494491	0.018095872196509422	0.0385356398345027	0.01663455594718248	0.018105274336278874
0.00038800738365623623	0.03029558176580604	-0.0035435543572868797	-0.0057474776868173885	0.02151870595482422
0.02151994193762367	0.03317169322076738	0.03927030355129636	-0.008702173622983676	0.045951272955477955
0.019433343952871072	0.001324604790127359	-0.04561128805896718	-0.00025364871489881764	-0.009048628403594692
0.012587253672457369	0.001437224634717371	0.028266683781378078	0.04666482622117872	0.0434061808022939
0.021538246700738426	0.022447569481406127	0.010034593887431267	0.017276886927217634	-0.011705295700255013
0.03466376419338622	0.012921609476172916	0.04835993376497865	0.001445623424475003	0.025944654933274226
0.011671400511444573	0.0030927251491401964	0.030951075066809747	0.0055492316806869495	0.003994789074466907
-0.015294113183225017	0.03686071067302845	-0.00949366271643753	-0.019468248103422642	-0.006430053271195636
0.04210017095449067	0.02831508998061217	0.024333082158576724	-0.004464862117829356	0.02941350940512419
0.023805808299628663	-0.0017628712302195128	-0.0037263339898927594	0.05113156316191114	0.005149874763293854
0.01796502210642908	0.026829731139287473	-0.018877773923144138	0.039797047927976975	0.0488007391502944
0.05587020962500705	-0.015937232556468187	0.03638758384115106	0.02930039342245276	0.00984819803153131
-0.024480071144526286	0.029652916971088135	0.04885507991191672	-0.03974886497145533	0.042047076792134284
0.0236662909276992	-0.012427949403496823	0.023565382042911906	0.018937664977707578	0.007735638284119005
0.021848244702715316	0.04431697053848689	0.002346377883521284	0.03521624073829968	0.03147193609348027
0.05721297465608423	0.004225020625965758	0.015532727781021816	0.004561346768818949	0.018486734881989767
0.014790167524419475	-0.029792670451563447	0.013618746930274789	0.010625989087830903	-0.0021076101830421333
-0.0045976349420678185	0.02156919888945833	0.005638383590982992	-0.02442832279145362	0.02125915175848588
0.025946545071756144	-0.008712216672056685	0.03417605137609126	-0.007547114799570801	0.030221765667858773
-0.02314072070026044	0.045708830326711546	-0.017620791528405476	0.0417380779284619	-0.009126867267889211
-0.002420510605664822	-0.0029556058657618754	0.02904190746102229	0.0004786993190006514	-0.01903622659771717
0.049024246723362364	0.014381921409571893	0.0034535406616309277	-0.004642013346760252	0.04981208047799738
0.018558880738579704	0.043974470400559004	-0.0036866711814872158	0.0007604500853092052	0.004628746584220376
-0.01874258542112761	-0.025224672627268636	0.0006791583731313965	0.03131074895632932	-0.015975871034258928
-0.006862937841918544	0.035664779689732466	0.013973220486789013	0.03356537009046908	-0.01384768219820338
0.022278348451193253	-0.0016851712221657286	0.011211783982090105	0.0028020492438575514	0.022476436882833913
0.011495290766959598	0.016674661563145232	-0.010329809163080371	0.051017380715048466	0.002268736070823114
-0.005689048767215067	0.06901548372342392	-0.024858171298680874	0.01632503193016857	-0.021572724680772787
0.028117187639669836	0.0028364759556989442	0.0443642056631446	0.030636128144661542	-0.027504315372262875
0.020496691407702043	-0.017124204743681225	0.013395446190641102	-0.004474682734792386	-0.002242558366740104
-0.014415955028306018	0.015955793260361707	-0.04367530288623618	0.008376990988685037	0.012761356080948878
0.02784280600909579	0.02507649477581753	0.029374392793389697	0.0063467031998173835	0.01590425014567815
0.010978579404026557	0.016804020950992822	0.04206618649834711	0.05247747612950082	0.008372708023524956
0.0017692617446219234	0.032971572587160596	0.005486248110729789	0.014981760550790245	0.04535084358491189
-0.007095663898909238	0.006253914655044696	0.02522363200832173	-0.0005237051131016931	-0.004064103854614784
0.0020920671802189144	-0.008137175695828908	0.06873562293956645	0.017391070583793775	-0.00368152163516794
-0.0033716664713326575	-0.018800727826251	0.0340099584895521	0.023890683438412507	-0.00026163230907858166
0.027661435228704775	0.031619158936152886	-0.0010489452977200334	-0.0009245544140412069	0.015812449813074444
-0.02334590103452854	0.002244946891455617	-0.003326108919432398	0.028510151953338014	0.010850335627448535
0.019847066331387088	0.016992620188467734	0.00025714285391814813	-0.018340852459452543	-0.0029769581993380175
-0.031962614900887414	-0.032702989140794975	0.03182137593496273	0.014222239993683675	0.03983976888830855
-0.0077605310823152555	-0.030335636343497216	0.016596410317672183	-0.027005153538134104	0.02453514548012365
0.011124538457862269	0.02159066732189809	0.02201855464543349	-0.003066311780569682	-0.02172219954491307
0.0003510216303250135	0.046275758337448736	0.0007183205836882626	0.001931603864624232	0.0454799373255107
0.04165268882479514	0.027288691864491434	0.007430778878955922	0.0027186966918052204	-0.04047742100522571
0.006028194145007645	-0.0006682178881603868	0.009977243972094657	0.02455544855174273	0.008225802679105044
0.03180249129094198	-0.029003469656641034	0.009664672407644386	-0.03211095443069957	0.005625040350749501
-0.00019286382636733127	0.014263523917302684	0.008839128340932704	0.0019984741395351058	0.0006473581971605932
-0.019344411313389945	0.012200731075015406	0.02498745467602055	0.028950527119302273	-0.005214382368459979
0.039464944820725954	-0.001009124036119224	-0.0031391326659330086	0.0035092047599238002	-0.005867212668402614
0.05845418673127467	0.009476631553035433	0.013836370125391455	-0.008916420004049118	0.013765596556869573
0.012024227281279384	0.007713332370974255	0.0088252066701597	0.0185533418721392	0.020982233113920366
-0.03780756128972851	-0.0062288891929857685	0.011894559043648889	0.02133204060046656	0.02176600620473896
0.03799113963572059	-0.022891899604399604	0.03876574180139514	-0.02018094077668634	-0.04642921273531213
0.010119459377722705	0.007537443228631202	0.032961578928314285	-0.0069389391601294955	0.03495345869288757
0.030455177086569953	0.0014266024516160995	0.026569170742615375	0.029139623585627543	0.01591592283062498
-0.01651930732917815	0.017443611958299257	0.005529645492927335	0.030934845173434967	0.014971886459898765
0.0059520935589720304	0.028719944472872183	0.05319018371852029	-0.01368009340376718	-0.0058193402721602085
0.038914776970523667	0.01696177633024869	0.026592024687056598	0.029350626316333596	-0.01792455398604028
0.01650964992570693	0.040430366205971915	0.04247387634544476	0.03268768962323925	0.016713328893259393
-0.016653615589785155	-0.016845356188036287	0.017763733881219844	-0.018618282362315136	0.03809208367362002
0.027425994747209803	-0.015863130210946617	-0.004802040389899776	-0.006097547987856805	0.0029117394754299536
0.01793131425913292	0.02211713201227918	0.048431307504875454	-0.04164555644718071	-0.008530884602628984
0.049561996652620545	-0.0077916787945974675	0.0041995235091672346	0.018001062318815764	-0.0014499817553049632
0.0008724204463923524	0.003118688952466253	-0.015695746811023377	0.021963613014187783	-0.005979078094290899
0.009100919929414652	0.004530232429726162	-0.010585681868768005	-0.0067474090881297424	-0.06630515639043892
0.011234929622667039	0.00017608000435158453	-0.013274729147035903	-0.020924338999731815	-0.00506690318713235
-0.011211179774224887	0.06863122487452585	0.02070927741407931	0.00512384083623882	0.038719534777945236
0.00276401429445191	-0.0010050146564507024	0.04182791479369864	0.022013985971957015	-0.010731889780577361
0.020632022277596605	0.004521480062387031	-0.01439597267644465	0.027507140615380322	-0.004042226310442091
0.011822435018403013	-0.017783597963087785	0.012078647490927484	0.05092394459880797	-0.016447076643936007
-0.028220886721492658	-0.019866485716728353	0.01202302924910222	0.022744694204228616	-0.001298378004324058
0.018454225742445735	0.049929070439286106	0.03134396756635631	0.025922468945994932	-0.0010096639627131254
-0.02904916303780294	0.024015084089327222	0.04700315043310811	-0.009634705855350447	-0.008787187953337437
0.020810624645624783	-0.010999536291524113	0.051134299292540236	0.03940581646263423	0.03674326078617904
0.017360283083097776	-0.0033913839029250286	-0.012183600430170291	0.02181536531869744	-0.0220028677446251
0.02167737897232622	0.03039751525681225	-0.013994785340424714	0.04196751785967543	0.006014728582921585
0.017068558453089303	-0.0042753329902033635	-0.010957355378938813	0.003185583924315105	0.011360333675868712
0.03470639669008203	0.006334642901970229	0.02734012211641702	-0.03982913438208803	-0.007961124772977791
0.03716271562622262	0.007098154918433195	-0.0038159142237506032	-0.034006772852888556	0.010655240400537733
0.02984260437558044	-0.02531354992518315	-0.006434794563803987	0.01165789443030691	0.03371258412312148
0.029081566384717608	0.009001776483991652	0.03967165759607089	0.014573902870310664	-0.01868051670697777
-0.012338796085491672	0.017451415516815644	0.015003111687578806	0.041956887874406414	0.01518108170935083
0.006905900407158038	-0.021660765984270455	0.023845019829902343	0.01108976010334874	-0.0033635649571987477
0.05106003122516825	0.013109924173267742	0.0022090942642784507	0.016326397307493794	-0.005132640265402113
-0.015692999826466547	0.03565278270616087	-0.021275026416389127	-0.018741207535417744	-0.016129212103156425
0.024697514699675304	0.018386896597194096	-0.012640515209645112	-0.008406988865538685	0.009536003864289915
-0.009642250052123661	0.008596119560302994	-0.008196473599320922	0.026259074211855856	-0.03242438093410329
-0.0020276326964226293	0.03709357078622956	-0.011853772962105776	-0.0029580327668438412	0.018215954371933584
0.010086082363091128	0.029904256203842208	-0.0261530312793523	0.03046587856026752	0.00475363594357445
-0.00941916359221067	0.01346009571064154	-0.007034781301098557	0.05513949349537405	0.011802706541204357
0.03285902293454731	-0.027547282877740463	0.024068777733970002	-0.013224896595884661	0.02480783070845232
0.001588669473359115	0.023522459706354675	0.03979336590883752	0.03133278293394548	0.021835406857689334
0.01279565774385875	-0.0030576592781816846	-0.010895594449500728	0.02060551479609308	-0.025956513665031364
0.007016378536396317	-0.0188873877419084	-0.03223708523840405	-0.0089960016071759	0.051946370526760356
-0.014617123617621911	-0.021740281259630533	0.027959853066624622	0.03202717940317485	5.88019994282752e-05
0.03490928477417427	0.01698406126909221	0.05964197685251672	0.001101004892743296	0.023351001867683532
-0.009658515092668452	0.0335806474140633	0.016283952030582114	0.0031713890741431276	-0.01813719798987884
-0.017151259841474198	0.006038952146941298	0.009521309177845057	-0.016338888784130604	-0.0006565563964283103
0.012227578332905158	0.02085908517293679	0.0015929846814610746	-0.01766162201210783	-0.021422747786704454
-0.03215803370246447	0.008250700741704921	-0.007585963654555282	-0.0010647548494189156	0.0152540403092957
-0.010270588711121768	-0.022422935881577136	-0.021610302779097215	-0.00904821526984553	0.017157880846275758
0.04074164900210371	-0.008173774488710452	0.07131511657941665	0.017463992019835353	0.04910425648234954
0.04323346358933031	-0.03225091062017908	-0.016991204411221414	0.007809385391999881	0.010133669606230921
0.025230259252802235	0.0004195121483126594	-0.020938893025763863	-0.004211040713370334	0.008021913113755549
0.011813991994100109	0.038528355035014526	-0.01599731927358946	0.03380008632059186	-0.01417250408918658
0.055386400865216706	0.008768956194999915	-0.0276504397165613	0.005834680647203613	-0.024410154938299723
0.031995328514244616	0.005590465951207368	0.015714930090221686	0.011910310060289465	0.032441908690590604
0.0401802784573875	-0.012707512898725296	0.029178244108229126	0.03950309693648551	0.006546102528119557
0.0017854797893683775	-0.004108776777568492	0.0004816351805033256	0.023441607829250116	-0.009885056123660745
0.0006578041109994558	-0.02016465937916101	0.02422783675114038	0.012843530603987949	-0.029245186201580946
0.007785672048078682	-0.009009816071290562	0.03910638187610707	0.017202498215737126	-0.02460814650448437
0.0019258540133081246	0.015458816888329851	-0.0025745888725583464	-0.015833405139211443	-0.004363429764124071
0.006823110593184476	0.006369000071447257	0.030133710735163015	0.01806251463698852	0.03402136061094911
-0.003993149432003995	0.010912836099822144	-0.019634326829406534	0.012165207912663234	0.021776772489440082
0.02315917455714319	-0.022217923031402527	0.01658087870479325	0.025925273142767952	-0.00257749995782952
0.01353135535096973	0.009647991084552129	-0.00190141712365748	0.015335390124058792	-0.0017888876370975807
-0.011191783941462965	0.031536426556532285	0.004276067310710195	-0.0065887732978343865	0.01926895148251819
-0.003079392448704815	0.0038812827117294026	0.009961130911627664	0.01417524225320749	-0.01234222048840494
0.012492147884997178	0.012497364152212533	-0.0030280492288851765	0.011678735733845624	0.016671034396347872
0.007789695747153898	-0.01744424608977596	0.027700905257339207	0.028607168036407653	0.04777552374332835
-0.01342303572374999	-0.008510543063650924	-0.0015191141723312832	0.007160151559646168	-0.04015799965258925
0.032493988779688156	0.05656933939417938	-0.009275399084054451	-0.0023010339338367554	0.033639897800346354
0.00758834796334401	0.03958789581779568	0.00014916636663160924	0.032868777928326376	0.03186416251337229
0.004859032803036731	0.03188370130311123	0.00467223692669887	-0.008852874853234613	0.009470322556676793
0.002321943947400081	0.04235133205635633	0.004882030637462757	-3.1799483851012965e-05	0.016397510792820275
-0.04261826671069234	0.0022499738419019784	-0.04331387583228922	0.03571982599483196	0.0364845671666983
0.04787719726091859	0.054194482585130266	0.0362992073543871	0.011379261636057677	0.006206397742751412
0.04345179253277612	0.033394930008059896	-0.0017616092972515874	0.006375255215105586	-0.015278344560891038
-0.013197540997623979	-0.0021186303008709807	0.003007380474250715	0.008962490594807044	-0.0014448972022410352
-0.012588065933830763	0.006733008580723233	-0.025476526318905436	0.019896780072191485	0.012805304868317102
0.04558625864499946	0.057588473130905427	0.008706600699044137	0.02638611225795833	-0.004396613131999357
0.009851406837221032	-0.051075688923566225	0.008904179716550033	0.004494173522768842	0.009285122538529469
0.009339013993470648	-0.004934015291957837	0.060996812184300336	-0.01818044777916991	0.058703291036800845
0.02819207903603387	-0.00801133506999537	0.005522017873747559	-0.03209960948773017	-0.01028447817548088
-0.0013064841667763723	0.01146944114258064	-0.006865449011697189	-0.00277782620114802	0.05499119425238552
0.029407602618933517	-0.03642042118400228	0.00493546640941103	0.006156227231367188	-0.04670554913886856
-0.010884336388212653	-0.0005200040378953684	0.0235030937413016	0.004903973118812469	-0.0468164253993235
0.019548269264341705	-0.018186089927215907	-0.020175323375263645	-0.02305112385209781	-0.02239486477035517
-0.02289827222183148	-0.01570343950044183	-0.017907790519911544	0.0035119375440791066	0.03849748855164093
-0.020086628769133766	0.030584897823454214	0.0419139138507634	0.020189766404354017	0.031244512462026308
-0.026686695004261955	0.013889965127495484	0.03675126366518723	-0.011400062295914757	-0.0054935299821629365
0.0010034115468541436	-0.003057743625605203	0.025532459578645462	-0.011636803872940554	-0.04133326110624301
0.004858630461972979	0.027549530007677465	-0.028605267650078318	-0.00015015602336932278	-0.03268655156621276
-0.015401485738788755	0.004851506558649782	-0.021080003504743608	-0.009066394823683563	-0.006044359578581646
0.017044548349847873	0.025876487569083804	-0.003122809471953986	0.012865669021171536	0.014993312899790435
0.028751104721226717	0.004035875854901206	-0.011040519865455081	0.04641374063912323	0.019824868662872308
0.014075407235192978	0.014510240254636443	0.01839870006800078	-0.026592230833216504	-0.010833785688320701
-0.009195498503883452	-0.013814436603151715	-0.04781963255030985	0.029825783772146806	0.00184821329913029
0.024293220310882935	0.015051404253892127	-0.024771094568884072	-0.018381139398983705	0.012748494766202169
-0.016154438669385058	0.019083768643054274	0.009159843422952604	-0.028857590229752025	0.011568890963890374
0.010391773747614314	0.0012187741361462355	0.014155983712214883	0.014014280634910947	0.049828445364094885
0.021225143690666394	-0.0004157933806558413	0.01169454390939284	-0.0033692468079044016	0.00939870618482331
-0.01971635189163323	0.021030752008537996	0.010846091440014523	-0.014715051727790578	0.009118672492618649
-0.001473712279648532	-0.012056948074075239	-0.020555046773704108	0.002659924940453108	-0.006466721971990908
-0.005480607038578328	0.005393717549965923	0.0050720960658609746	-0.002613297924641572	0.0021783537058195244
-0.0006992285593178391	0.05889961019965951	0.01969212159782253	0.007280347539964027	0.02742761240569621
-0.037351006838150125	-0.00968495963213451	-0.025537680896486614	-0.006066739727152249	0.03797756459724932
0.010458234455368708	0.012813495639693858	-0.013271474182276472	-0.0030416133573662714	0.009258281430824463
-0.012091989702160575	0.018941222998198923	-0.034855234003252696	0.04077545334103853	0.019621514082733462
0.009540180535785488	-0.0061941869608355795	-0.013892272412635694	0.010405815653368115	0.031685114569137765
-0.008296657455560004	-0.014325162665948864	-0.04333542308686412	0.0011564784260369972	-0.001861532864172572
0.007701342892986827	-0.005441177708537793	-0.027576688310436984	0.027504798788689968	-0.009808876923648555
0.03560814136752272	-0.0004761439069324684	-0.01578268660216183	0.02098969203710297	-0.0008934601908394063
-0.0139489493061614	0.03465695707274703	0.0026085637896792243	0.0020059611476583913	-0.007252909852097537
0.0192099256329339	-0.01648176813610588	0.016760391728366564	-0.051887061600124726	-0.0009929545506451127
-0.025249659655470998	-0.026959162229342956	0.026154242250460633	-0.007615401178157541	-0.020078069464176333
-0.004429164324084394	0.003137930057761064	0.022697017049157796	0.015156975070749252	-0.009463221478249028
0.030303055102304625	-0.011610591772243104	-0.024023505925972972	0.011072171011702972	0.021394305347857377
-0.0062480855202830645	-0.03426952465380737	0.002762296714557433	0.008896027206758503	-0.027392506724703655
0.020258797781568243	-0.013228403555195375	0.02916369404070991	-0.007382619701261724	0.013319419423069027
0.03468046605245168	0.004637099964863095	0.0010743385189921914	-0.01954801008661152	0.026020605760038753
-1.3161818739601538e-05	-0.010390163298179734	0.0003363379567170792	0.02517976173245287	-0.007243648751946436
0.019304342971468137	0.011430512032321972	-0.02579329704276646	0.00732640423940227	0.00786116419095911
-0.03754365331371599	0.006821965493319615	0.01843167356748951	-0.03206286818800169	0.04635150030828636
-0.007514984341393191	0.008661862141138146	0.055758720577532506	0.010348562091565677	0.01099342112799533
-0.011798162938880401	0.03441223564445525	0.03374153522914803	0.013741486453874466	-0.016476040639525187
0.001478266093791922	-0.024106776719289357	0.01671593755435449	0.001163100633129249	-0.015710661853435153
0.032186132055850726	0.016957572098013803	0.005567905135683455	0.0376595361498553	0.03579612295225876
-0.022112793014312335	0.0283019508614036	0.0071348283394640465	-0.005993677489538163	-0.03197853127479143
0.015167374030221597	0.034205357293212175	0.04252037164004774	0.021532295441177043	0.017037316660855895
0.0017937851338030732	0.0014636233452399818	0.03783011955982991	0.010010739925599893	-0.001789036101125698
-0.006665751037901143	-0.0185277308829602	0.006308707978288833	-0.05235332926383985	-0.029054028512198075
0.05161738826462992	0.0013440880136766547	0.03496858137053789	0.013986178964532553	-0.01210358815975891
-0.030072344382013873	0.0014918814209281522	0.01247387122596921	-0.012534267862235503	0.012970841317569811
0.018846822964202533	0.022053442706113174	0.03571034280817956	0.0053355509689463395	0.00524564000316138
0.022404498471336298	-0.017376731782042226	-0.018179028230043047	-0.0010539912355970434	-0.031751297272449255
-0.038947114902125664	0.011703128909226208	-0.013461363709485056	0.0238086703218983	0.007354264439416647
0.0021184249029486	0.022504690315697493	-0.012851674670662422	0.030463848492251477	-0.0024285835613259005
-0.002197305627531597	0.03393936799290423	0.025943535445939112	0.00486232090186163	0.03130835875071358
0.01857968603411913	0.021518087463951494	-0.006141063410068724	-0.020957503639720904	-0.04661994409634879
0.007111467372632031	0.004903940136645182	0.006237966168591414	0.004656000438610838	-0.005819101453867506
0.009365171151649188	-0.03016050540228422	-0.036946566713092405	0.03954588370289066	0.014849181674079528
0.007466561119178814	-0.010055796378896238	0.023575455233699496	0.029212636880428574	0.02923562568840437
-0.009232346520243158	-0.006756166623600403	-3.5524182502117904e-06	0.030533583716240594	0.01218968030483602
-0.012266230555663343	0.0063512398015480795	0.002312699177686421	0.007802720721323505	0.004878475965611246
0.017361063840627494	-0.019559749678921858	-0.02391315912058754	0.015138127253394404	-0.027908897508201906
0.024174008633935134	0.00870199927824685	-0.014825824100356605	0.016015056981395423	0.0025106347050798464
0.008084235151863187	-0.0024750149694046358	0.015210188275435986	0.0036611966811346767	0.009930475277442839
0.014664727935254113	0.004357075423087302	-0.054313862679335204	0.031969951845990024	0.02351981896231461
0.010543033387460963	0.020780617923205943	0.03932227904972561	0.013610454311707404	0.026101415464734025
0.029013519250027812	0.022540502824552135	0.023137051755088584	0.02202430357201306	0.016415565218754438
-0.01974905834633347	-0.0007068274389715242	-0.008971836197656994	-0.026395342573197943	-0.032365923564085734
0.044441755927121164	-0.013318269227390022	-0.02246495455227914	0.028379374151959746	0.01805159467975974
0.005658985782112765	0.007529710804474495	0.0339702814952623	-0.008553362538254146	-0.006683292613392074
-0.003122004928780487	-0.031423323926070224	-0.009987680585060346	-0.02568460453931493	-0.024832677701441964
-0.0033693923052564335	0.008831869588285633	0.008225051692481304	0.013120762060514251	-0.017083830685975496
0.005724690409135917	-0.006132569443015186	-0.0027470344594999465	0.02356899473672424	-0.02023303691791277
-0.0049807135346206085	0.0494670373279249	-0.015616534505528029	-0.015455867648226665	0.026791947165892144
0.01009326035382012	-0.0028037603191359405	-0.006235399888384305	0.012417926226124382	-0.02347466672161653
-0.022846999519271192	-0.015004181181607736	-0.05170815626560264	0.016434361249193664	-0.0005406268035186897
-0.026181925724533497	0.018477950201130567	0.01783906716416145	-0.005113666458848445	0.02785501299037039
-0.01355655456811569	-0.03903457471858884	-0.0017063901136540709	0.02427647512571194	-0.006056009030852157
-0.023369760370290888	-0.01970900537540187	0.004769288762404315	0.025672066677564248	0.02039297676191497
0.030893008192977633	0.01609661532842114	0.007919581946560228	-0.009755655217892643	0.01189076802312426
0.003905022300531254	-0.02244556512036599	0.038553916435393965	0.02263810035796056	0.03625228502696655
0.02033911326103749	0.004965041405993497	0.025904337215182614	0.003858594420005341	0.02527958104576329
-0.005651866649094027	-0.0012597956299821118	0.0005122358851215505	0.000994869140963406	-0.03277786695645656
0.040538270194937616	0.005343159614845941	-0.010863907017029403	-0.013300850628466532	-0.03798341697802028
-0.006359846061716677	-0.01254257919394592	-0.02391611962666577	0.012292516095461122	-0.000801196466254487
-0.015972824646418714	-0.012410159959720663	-0.03194186472966693	0.013606835260902304	0.017958376480695416
0.018774088811413764	0.013413694717370571	0.015562416305510238	-0.006179485099206623	-0.000659166912793557
0.012186096762258678	-0.030839892851576622	-0.01489611973829659	0.027932308309912602	0.014313245048885856
-0.01060734472086298	0.026898443877480343	-0.006803876078896166	0.01461737660652173	0.0033810211734829265
0.03265041154304105	0.00413393894456236	0.005877368810836638	0.011317525369694412	0.01170383351710283
0.01518279132018067	-0.011304185985329927	0.000731552964911614	0.016028818944346775	0.014678775559026497
-0.012742473339711551	0.024985431672020032	0.027502870225521125	0.004479476236041899	0.02235728181916824
0.010764089753530848	0.03669779386209224	-0.013197434679983425	0.003124356479554383	0.007805823170439011
-0.005827264365262076	-0.0064522591427715326	-0.015118437492228862	0.003079899656270039	-0.02959370003594673
0.06531415830432338	-0.013051210102260964	0.004192675154715391	0.02630456918104887	0.013348164654817026
0.03471398769772528	-0.011904379618446315	-0.026945761608237244	0.0026094253727032115	0.01854970628975537
0.03402546434690419	0.006847230072256939	-0.0032724894078170292	0.0164253645646194	-0.036885445994451
-0.015048535476036524	0.02021115250850277	0.036140555586073646	-0.019462123419312555	0.043963668976802046
0.04096678337714613	0.026833652474279324	-0.021160053492225137	0.011191580819523945	0.023571321942686137
-0.01977548629649347	0.010037379263658221	0.008025097127960507	0.02888306478584934	-0.009380242347985282
-0.027460619243033484	0.02077143190422909	0.06485113103578075	-0.03387762517562841	-0.015940223043093144
-0.026543110235952808	0.029855759638413564	-0.018390603316242638	-0.013808085830287632	-0.007413256704249705
-0.056658382660101765	0.01069483061661628	0.004397171342217285	0.009185671350419304	0.03313529484070484
-0.009419753441553253	0.04141644758551912	0.005047630060952952	-0.005421426050931979	0.0016458145400287277
-0.01629103336705592	0.025900869535932784	0.05571276103500339	0.035522684818492176	-0.005987639864833352
0.014970210809998122	-0.0009612648836944825	0.0012836305590008803	-0.029340718625640562	-0.008673035719382667
-0.009420575450806679	0.010165019690510264	0.003967313173315146	-0.006676696612663248	0.02657614446184188
0.053511058657356024	-0.018639778146780715	0.010509304670004382	0.0029475397009700007	0.024218710473905024
-0.0004894463996565571	0.019919052597864164	0.0030766020596709512	-0.02086950806322864	0.0075199152958151765
-0.031168937035145672	0.008973228762482187	0.019667160589435483	0.05406066487893759	0.02826834143763929
0.00452648048015715	-0.0004134086337880833	0.025712197925315223	-0.017436259889352178	-0.030689029223158984
0.011464814194059734	-0.0029012770378882445	-0.0038638712063601716	-0.0026073312806079566	0.030326605128961234
0.00660696324453627	-0.006648745510723626	0.005332697707929405	-0.0019309842157231288	0.024510786865626914
0.0131987394011863	0.006272627504415826	-0.023405353745855034	0.018536838921404772	-0.010813966464943436
0.020098972284290133	-0.009000268660267575	-0.021413521109247803	-0.0029419248504083985	0.01915419285894128
0.011217240362252662	0.027087612102628	0.0243144218602998	0.025393527604887157	-0.004150723874167617
-0.03835690796732096	0.04452152234693649	-0.009498255168616031	0.050029815341795306	-0.0016156243928886881
-0.025639821559519112	-0.01051542925197885	0.03768099665047648	-0.03195549568300051	-0.013717846271395436
0.030526830507254275	-0.0019466407824591013	-0.000976204188132692	-0.008712718574487147	0.028124515023613926
-0.031246055490093155	0.012871027021074382	0.0070439913226870285	0.02919092135196217	-0.013044886852335697
0.034592855622402316	0.021341353366069786	3.3473736037198214e-05	-0.0019394391516594058	0.009116304062357049
0.011794673680531642	0.04821708870094604	-0.013883071958581704	0.02654543666866415	-0.03008269663111044
0.01514988111971816	0.031468842594946186	0.013123615497232285	0.01115503711972014	-0.00994859181386432
0.004960094550846826	0.031029700824295563	-0.008368718732482844	0.022603713502967575	0.01045194687438668
0.008866190545016337	0.02191019040660651	-0.022094671040675466	0.018087277145352167	0.009819836037023601
-0.016448055995806874	0.00965131318871086	0.009433536986425883	0.01145415490240759	0.02842702364940489
-0.0044709750741273955	-0.010243901718309835	0.014231032113051689	-0.021893533126450204	-0.010179909731678722
-0.0033759628177949894	-0.006083430860329347	-0.0357051359927613	0.033817015192042534	-0.007797028262249327
0.0401986272136862	0.023580788683944344	0.02156280315561351	-0.0023705617681240147	-0.006784560258745034
-0.003832975090823429	-0.0003107443504722406	0.03226073605496626	0.05071604343729737	0.013673144691138896
-0.008912097983121588	0.034635236700480666	0.020372148232625616	-0.010040284095027146	-0.02502594125820597
0.04439797425087174	-0.01670577444959743	0.015447187304078703	0.036087212482463556	0.013469711348685895
-0.03300364575116096	-0.011245456086568443	-0.010420160865831586	0.02630120734885735	0.02385783674341986
0.01625618079607096	-0.03782001259884033	0.019977725745683208	-0.007932067218192635	-0.0015867313057253227
0.009210228592082658	-0.03766923868087529	0.01563018117889869	0.008588887458379798	-0.03168586833988706
0.00200220689127385	0.025994422495204166	0.011492240394466193	0.0029548395953299285	-0.005708902229836829
0.019022435858103145	-0.0015025043334055141	0.03239671197365323	-0.02028902178477281	0.0038756554244422647
0.0011391170709646988	-0.02896006773344912	-0.0025477245732016037	0.026467933448583846	-0.008385579213873767
0.056630430795238496	0.03362058964759597	0.03699960277953283	0.019450406712599486	0.0022824972215442167
-0.03810252939992514	-0.044286398654631146	0.004750093212436942	-0.010518169012029083	-0.0005762183882430882
0.0166620907093127	0.025062643905519426	-0.023660639519127877	0.009605844811552498	0.027992247627526664
-0.0010770307402240172	0.0322444458485642	-0.02092451940743253	0.0049549760875939805	-0.0031121377118833887
-0.00849969718185233	-0.03892275158980922	0.008771373940739562	-0.006472468845466508	0.024871445668192552
0.026450341536552017	-0.0051526706697506315	0.03488210854917852	-0.020265572372340456	0.02762245797522734
-0.0005817208146838824	-0.019405637086567368	0.027149979113331925	-0.004152502139163125	0.0003320715156118533
0.014675422445446173	-0.00381240080040897	-0.03091649370734669	0.0006848977089360213	0.005575885774937744
0.025546448663156196	-0.01544381078240602	-0.007704021832799543	-0.009468329374105348	-0.0014501573050870829
0.020745373167012558	-0.005853405200206486	0.02367530271716494	-0.005601719319491126	0.015708640578176697
0.008527770379520655	0.016512339743978352	0.05096358772310727	-0.03545938119312447	0.034525348384104045
-0.008070040731687832	0.029354808413557535	0.002961023559757983	0.010798063173676176	0.0005600784322924426
0.022648086382818334	0.002035023979254246	0.0005784384895782424	-0.03038068654387535	-0.007475694077804308
-0.01673181783606799	0.02308729400816703	-0.02212002914903205	-0.016603564281994204	0.008259170879078664
0.01753315534712101	-0.026321540677453688	0.012564502711683695	-0.004628112894006221	-0.007562314505029895
-0.00814212318356734	-0.012161621718565881	0.010781409176546524	0.00818755518754176	0.0027005051021414287
0.0031585444665396824	-1.6811144810555297e-05	0.0243157673194303	0.02551659866986323	0.02575522757993911
0.013983700676183475	0.003118111622851631	0.03197795764711937	0.0037593259568879066	0.007857617165442574
-0.03671046056686901	0.0273768423016613	0.012411426261568909	-0.005361800750774009	-0.00034234885878787775
-0.01821965434395604	0.012191989179445707	0.0275950122899774	0.06538199238685591	0.007630411880968101
-0.012013529612099966	-0.018027966523544714	0.01788090302058266	-0.037946020252533394	0.029513988174257367
-0.01592831318768134	-0.015022026230569249	0.02044231933878381	-0.04150792658126577	-0.008264776247967277
0.016260056604083747	-0.012119146980135463	-0.010544789023442294	0.007029186291025847	0.016351391403162698
-0.013573373585675199	0.010062148911690981	0.00015453851101970666	0.02572688371020445	0.027900132486333308
0.02300929208879422	0.0010158033480945788	-0.019402230084701974	-0.02988007944838926	0.009574813378620269
0.011646012069225234	-0.04262814719155757	0.022832677547227592	-0.02377358952825647	0.07460348289795567
0.013077318183051032	0.03231171822832756	0.003253017751589466	0.032835916614329	-0.021398478528414387
0.00013809077137142637	-0.0037071871823264116	0.01619120845529114	0.05556601335786208	0.007833708158614366
-0.0005687543591921945	-0.050119729257472934	-0.017561850774431842	0.04128652364652981	0.04235785131233386
0.019623985753657997	-0.021099517678809916	0.0051074513157764005	-0.00390934968937405	0.018200137173144948
-0.053848360986546245	-0.007006242816865456	-0.02474130146969901	-0.012075666367610887	0.04347938200633318
-0.020037940497509385	0.026733749263025772	-0.010540050648730688	-0.008961786693472907	0.013202937401773744
-0.0028775128457681843	-0.027641078463330422	-0.00886664331624689	0.005463227435179631	-0.03739427386199922
-0.01959232795810971	-0.026963594201698374	-0.005912264490698345	0.003919497508359383	-0.013394145352514047
0.0006504155048232191	-0.023107228333899638	0.02153281130604939	0.00015012346555562644	-0.0054386124946449385
0.006743721592081088	-0.023848638465126158	0.0029520484651592662	0.03605302025839967	0.0465316259666202
0.025283482782127734	-0.02918867617238787	0.03954424674626726	-0.013868826993799113	-0.004591265236176912
-0.046191878253253174	-0.021002012967119513	0.02029921688092135	0.025705179366186076	-0.005962471706424098
-0.012868530869301197	-0.0001579166341506793	0.0379201054042832	0.02666900529502158	-0.008397395951842855
-0.04274943734766405	0.009852942389532531	0.0008139955491843541	-0.0007738835103507932	-0.010642565989916225
0.013585952461554272	0.02877629209890522	-0.005904333557967036	0.024421398124385943	-0.025521689080228095
0.011716256315549761	-0.0016404827787849558	-0.019789215244561648	-0.014263490894214494	-0.013778584619083056
-0.008213328044320841	0.006565504422569619	-0.03036890782057826	-0.006471525080928112	0.0033703702715831485
0.005131126599751648	-0.021634112972593385	-0.002935918857140101	0.02495702759758902	-0.00921584870932484
-0.0011967690174993616	0.006196473663394503	0.033955673812985566	0.015822143412193443	-0.013111428382695885
-0.02353629866192903	-0.016317792094730877	-0.04245769874284433	0.03764612865376065	-0.01752005044691001
-0.004491461787280111	0.008856179403348105	0.02680270730692331	0.03553787986595476	-0.012233647444049225
-0.03687786873686989	-0.018426250054608705	0.030099372427944006	-0.04614351590764077	0.007572666409532317
-0.03201541042090246	0.03338287034419891	0.02398512925920062	0.020382349171439974	0.009457614160601596
0.0072996418557252935	0.0033476678918757767	0.0074823824635298995	-0.017875619822330092	0.019996223621189153
0.01431686408670996	0.010613626399365559	0.03884748206477376	0.01648720885437128	-0.02474306864422855
0.011315233061792282	-0.017738008589054145	0.007302315422567582	-0.011966844981465797	-0.011690485991998574
0.031313076329897924	0.03386960833596114	0.041815500337435106	0.03476448645321382	-0.020954681832636428
0.03848296165132838	0.00528183520400349	-0.011271725376517699	0.010396410586632297	-0.008392592930280381
-0.04028461290887919	-0.03781573386610019	0.017141285994688053	0.0017303124584305484	0.026233940774179298
-0.014509649980805808	-0.03284996862954777	-0.0002072254478414472	0.04029834788040828	-0.01647124267738106
0.004370056673205442	0.05277940253335196	-0.04310838776615798	0.04373543447894122	0.03209710611723702
0.018059180168549162	-0.014176465173328011	0.011459386605191739	0.004355525449790231	0.010399096768635574
0.014158004448043434	-0.031399780014405035	0.02068768629225743	-0.0037452659481477576	0.02115480602980422
0.02580255558272504	0.02014976472329081	0.007589699101061204	0.029640853353882595	0.01083571037762746
0.055011449920815664	0.036892030065569334	0.03647290932987387	0.02467829623694538	0.0033349928935358
0.0746523676697963	-0.005224332734640331	0.04215252213725063	0.004031973568256197	0.003881695257901172
0.01239250099661372	0.00020697529889418314	0.009994408517456968	-0.014852173091152606	0.003551471150448707
0.04079102072304041	0.013161817626919937	0.020474723966874404	0.0030943422101479606	-0.025904240567621875
0.014163285495470242	0.029256563339091216	0.008083824175139902	0.0034428039261555216	-0.007184484775900321
0.010937454829534548	-0.025174390372738626	0.010013902756869052	-0.005609769642996849	0.02169975591679948
0.005375014359814075	0.012038348829554586	-0.013570027643114024	0.02062701447927164	-0.01475428314668629
0.04401405707734579	0.015552169765009904	0.03531569662132414	-0.022123951859253414	0.00829367998889127
0.007987117988707682	-0.003932020509786681	-0.00412994237496648	-0.007760641306361695	0.06432466796933083
-0.007934606901089155	0.016877721214922186	0.002434903484309717	-0.007968553717747517	-0.008218273569265383
0.012793004152792697	0.0062838736445923835	-0.010822576774050772	0.0002855051934939276	-0.04133994600333012
-0.005566843528718925	-0.010964802075898419	-0.008326475923600554	0.03446760461802418	-0.013790797535646389
0.006281707937337823	-0.03156056623588413	-0.005883754487163648	-0.013082144055172381	0.008323044812015427
0.01579950784448119	0.05016389735141683	-0.013898024783117975	-0.02514344640569606	0.014290472137322898
0.0181648782878398	0.017850844079757736	0.009060941036378447	-0.013127019817239325	-0.015517213839270107
-0.011989434518681527	-0.005964961798450611	0.0014632898773725771	-0.011345477148819179	0.017409289989836402
0.006665058747206473	0.03288526436048593	0.012363126572664569	0.014112395825833913	0.01920079212626063
0.007302037300169645	-0.022192069905107515	0.007884194928377825	0.014003945032459459	0.03932837444852351
0.000151819873408769	0.0008188515828084549	-0.012287619005091892	0.011980936877407942	-0.030088150641787964
-0.030071990587014104	-0.0064060981811084	-0.016292645940195444	-0.05459347007820209	0.013974270056299642
0.026133610838035125	0.010386844259322904	-0.02009305109576251	0.03187012393603011	0.008453806313320354
0.024152407635527128	0.004097222751113378	-0.014143269347778552	-0.019435210820300905	-0.011013900742531278
0.01843770344824241	0.044252671066824276	-0.011986871000111038	0.04080592281839178	0.006582163399619695
-0.00485868720295209	-0.026988324481050038	0.017888731441177332	-0.026376910833017957	0.03766930061328518
-0.049756820479898524	-0.018126388681629323	0.01322832774694043	-0.011113805255342932	0.01378398410360179
-0.008669408670718325	0.007482623807887985	-0.001957556118892769	-0.007317248066439452	0.005674128250762599
-0.0358130825250461	0.00019127259796557043	-0.02279106661709814	-0.028318289128322672	0.0034882116592903373
-0.0011932042537306162	-0.03474633747726803	0.040129581391293995	-0.029423363764987696	-0.010927864633849455
-0.006253955456663752	0.0071857267377130685	-0.015896530394284326	0.02764341388731549	0.02002773330490435
0.010978556046934623	-0.018303666213003895	0.004921138843407261	-0.026502902419561002	-0.01120235991756171
0.006996336450577796	-0.019137125526913504	0.021150740988698676	0.02750124700689819	-0.014639584689995143
0.019682223763095995	0.03185482307022715	-0.011566148324255631	-0.021422580305482223	0.025979695940839195
-0.011250113786601176	0.02850535384591387	0.04133090240567473	0.011892368536837186	0.015725966534823818
-0.02179250871536571	-0.0038665818675850767	-0.006130983441359011	0.02690829645133943	0.010867490115293778
0.01819453058156086	0.028114024189631596	0.008509647375989499	0.004820300905278211	0.021845433019436863
0.043812806791676685	0.015701703007642922	-0.029249116656865158	0.0201241662054656	0.009428842098791239
-0.018369206642860396	0.00869626386032959	0.008152136435181962	0.010794458386161734	-0.004028043953560918
0.011905392725334168	-0.003025890633557949	-0.005398258633237533	0.023617894096351812	-0.001100683582046319
0.018628079067614323	0.00041635739280759354	-0.005341984805609571	-0.0024953129841835103	0.002947305737766538
0.009054104419718285	0.004854212311348054	-0.023761695520346994	0.004968852446886645	0.0077174762567121065
0.02243083519986596	-0.0004165703356362291	0.0033226667599796926	-0.03794607062608669	0.009900088482889799
0.03065411689950754	7.9412137762721e-06	-0.033008046037301994	-0.014934955344867999	-0.00040849680322926516
-0.009615967303876588	-0.000755250884967619	0.030234070810639637	0.013935973822877507	0.015798541365565858
-0.016559576085298306	-0.008888668667483982	0.004571192440035129	0.011539270722772383	-0.02437171639913591
-0.006358187562870911	-0.015974430126244683	0.002277071869295505	0.00881985144074988	0.020372009947654084
0.012551135960940641	-0.04272021274715758	-0.03385695974941594	0.018348606483657985	-0.0015398613324323729
-0.03784020195917864	-0.005202311511100231	0.06470668714827617	-0.002323667421278844	0.02342166223828297
0.0034933845537971683	0.013520557653712306	-0.026069725383117297	0.016597512066284726	0.01900045892926435
-0.009264172622520016	-0.003022537506541227	0.03393645329381415	0.021259157614004733	0.005325040066192602
0.014586470490644106	0.017553393014384876	0.008393572345738117	-0.011231992159728137	0.019437399535379346
0.030756647424405804	-0.010694403783412229	-0.0005011765121599515	-0.010688110127061987	0.028949770441825087
0.018536466857226243