UV/VIS SPECTRUM FOR UNLOGGED COMPOUND
INITIAL_VALUE = 350 (nm)
FINAL_VALUE = 800 (nm)
INCREMENT = 0.1 (nm)
0.762201089185007	0.7482221423770726	0.7404873636374528	0.710787814974289	0.741368278353758
0.7528491973948617	0.7219784815198279	0.7507676761836153	0.7082997637158771	0.7427474666272726
0.7412428536154404	0.7339121816255706	0.7614838184896344	0.7617178277292569	0.776972306524071
0.7082285030374396	0.7251439229490537	0.7190212697097909	0.7052622769388306	0.6800254237819586
0.7201373527100615	0.6916847609135689	0.7000233374875859	0.7076552255352516	0.6637803109853633
0.6930439311252827	0.6862147378057322	0.688210367475797	0.717361510808067	0.6765179592295051
0.7107276334725141	0.6542241592523232	0.6745973287070569	0.6485260278857788	0.6173978628206113
0.6727431602992255	0.663614116289291	0.6530893599218464	0.6505305462464517	0.6363505866990168
0.6616409335271478	0.6277820232157959	0.6231903283117587	0.5865689337070159	0.5674704363540731
0.6364045402041676	0.5857479112420143	0.5442498432328615	0.594105019701938	0.5798914417016906
0.553712718625338	0.5743805382350732	0.5422696156355945	0.598370192094025	0.5474462548943144
0.5707955182259009	0.5527219344949342	0.5558256769983015	0.5163210072744739	0.5118328728993018
0.5319805911777005	0.4924318091749349	0.5044859287193757	0.4714224491155463	0.5045396720994109
0.5501110184295837	0.4909581580551814	0.48373144767792003	0.4181488661349201	0.49391339116671074
0.4638618389539575	0.4610855163328589	0.47545008527299276	0.4521066832470473	0.4550625746646571
0.45176663357583796	0.4180228966623762	0.41104403638795034	0.47248498868078537	0.41020330893021617
0.4294112540377621	0.446121697720862	0.4476584313291873	0.4417207360845582	0.37314520317844313
0.4196365409897894	0.4101507166898397	0.3873695219824344	0.39371924695774263	0.3800754974703505
0.3955339407431277	0.4114900902506002	0.38034908574264	0.39512443019057936	0.37423604069794036
0.39276479831901684	0.37468373161181545	0.31902712322246773	0.34317845511266276	0.39184168897741917
0.3406235014519591	0.35437364211085626	0.35641829975834727	0.32603220209494815	0.3425792644017863
0.36285119347649974	0.32694988162523336	0.3283296001457413	0.334824699021021	0.3311233104557744
0.3154231954048459	0.30011514320974125	0.31433254758657975	0.33216828925967895	0.28346203872935166
0.31162233446471616	0.30436539592147455	0.2822426754221483	0.2671568047891672	0.2778399898559008
0.25596865902878735	0.2922728277365578	0.30954833055600467	0.32634089813430395	0.25481222710261875
0.25859341852107187	0.2683185072211576	0.2484540120069144	0.2664028502504597	0.2742409057166622
0.30559750080913106	0.2959539331026438	0.2935250017933318	0.2529272767953017	0.24315569676699383
0.2657311979898548	0.26312947910195367	0.25579083557633187	0.2799533093161057	0.2689400331395156
0.2554528654984607	0.2557258380218504	0.2670623762652361	0.27162434793514023	0.26216208153554477
0.22026312426252448	0.2581366006190437	0.2275332515392092	0.23236921103352548	0.24435217718848698
0.24064561735728296	0.24456104882305935	0.22497883022714246	0.25120998612858497	0.19058778378505783
0.19704853478302176	0.23808391974056442	0.23924803393307495	0.18959703254247265	0.2444002657050177
0.22201463887443612	0.2083410989113009	0.21930934135906816	0.21843852963042482	0.17367483841406955
0.19442871574175785	0.19837650513531255	0.1897505839894163	0.14036009422627627	0.1795903162535878
0.2331284191954483	0.1643570036103343	0.20078766185674154	0.17211306696284306	0.20421807700442884
0.14079407745320174	0.19185987079335756	0.22105853461159727	0.1961344807518257	0.17146611416797813
0.2424250553961433	0.13917331407586575	0.18887037245809488	0.2000829789871969	0.2272569056813647
0.15809064606716625	0.1521294162516295	0.1838629204054092	0.18759974140259866	0.20037278866570377
0.15045847690228045	0.17471839586850338	0.2164400857444686	0.20263791907735643	0.1464699018387944
0.175536187337601	0.15423228114990964	0.15885276923231173	0.14538693636651914	0.17127713533524846
0.14102476400518557	0.17761422530663906	0.17286719963258199	0.1614550148904039	0.14711624813304555
0.18889801874606457	0.14444593623153842	0.17954506729062417	0.1630364118811226	0.15440444287469304
0.13361567889423534	0.15876385301055632	0.15279221394983458	0.17247393323603868	0.18018688054540058
0.17113492080307535	0.1547631354802396	0.1695982268657257	0.18101849358513242	0.15691732457663865
0.1260195130934125	0.19924586002426234	0.16160290766641497	0.17698617577571127	0.15166003630998975
0.18784914093830518	0.12088799417518661	0.17003020008317216	0.16860996092886038	0.16760819852028516
0.22292141557872816	0.17115843130585168	0.1876048954251253	0.09770000128227634	0.15735532672722954
0.14252517859536512	0.14274907905467696	0.14852792190922876	0.15062300324800584	0.12125950482708686
0.1642577232643243	0.16164703641093658	0.18427331456210044	0.14744798102503456	0.12626135682779907
0.16440013771008258	0.14449475327529684	0.12426832458908499	0.12600606238760068	0.16063039129324672
0.12931035196390694	0.14935075533813374	0.13497598115850576	0.17089071527233765	0.1236088896424794
0.13544580106395784	0.1515215524792873	0.15620156272240454	0.11854054914899158	0.14448754983238787
0.14046510391151482	0.10131082489624198	0.15216125040066233	0.1263915654693431	0.1668554785207557
0.13144753286327088	0.1571177561363037	0.10745029127791535	0.11413431385818701	0.09165344663887437
0.14295146447602505	0.10497175934866426	0.18103749977535127	0.09894224366153749	0.1339132357400677
0.12595194226464337	0.11092243845002402	0.1485887612740287	0.12277427941399197	0.12859208666848213
0.1324070557167161	0.12372041615047483	0.0954502844369262	0.10429919321361854	0.11583083161965403
0.10323358422923794	0.120880626675442	0.1482458426087728	0.15346751099244033	0.13317454108691937
0.12102626440110706	0.12330539354168811	0.13026019851783505	0.09524231255877097	0.1290069336399921
0.10248696895684949	0.12285891962029163	0.15255687905268617	0.1007905665157459	0.13103871903327094
0.12254346155917573	0.1650382331627661	0.1267796250024998	0.14494769411899508	0.16758169575858803
0.08436821297903133	0.11893810153378805	0.1164374189610588	0.11947041888083587	0.0999559602495263
0.10086533354598326	0.12407281865227622	0.1377262288820724	0.13466270316169288	0.12784738802435094
0.14202066627769128	0.16712160423054478	0.11415274391033282	0.10400836727072006	0.12256009157467664
0.10209733965178897	0.13152280131367156	0.1402604716613722	0.09507225965716523	0.12475292879647487
0.10625920353581164	0.11288878259933938	0.1546583452385155	0.12337018995807486	0.11515301133437214
0.13191980048435978	0.1317766017326862	0.15145062473210352	0.13291145327226983	0.10237639443108078
0.12674354872340593	0.13395393087852706	0.13546201032451877	0.07566472642113205	0.10418970135638549
0.11768092799826761	0.11748529503572562	0.1044179686313127	0.1352662578726849	0.11672410411306008
0.12549929256574166	0.130314065856942	0.09131495144397024	0.12596566566791578	0.1291865852328304
0.12910209010313273	0.08801670739185885	0.09732213848929978	0.13480194890130417	0.1214607794417415
0.13363335214755176	0.13206477725464957	0.14078779015826676	0.10944641785458688	0.10917893869984081
0.09620183605204949	0.14597393226384006	0.1072960595031664	0.12437126835813407	0.1254998111998408
0.11675556318930823	0.16501037928154513	0.11434368050549196	0.10432715501381529	0.143550328656677
0.12549855352143224	0.10356818646635411	0.1098866398842594	0.13699640261265708	0.12857253787147513
0.12014565825150707	0.11148448110358128	0.11552979164618006	0.1003047341175898	0.13903880876047958
0.1451349188741492	0.10951551906099627	0.09775224432841924	0.10118515816335714	0.1252463991365578
0.1047550100489708	0.14888161514905435	0.1099475436847929	0.07003993810273634	0.11558809555249369
0.11914965541446369	0.1314433322554489	0.1143638439416514	0.14085442531252898	0.13904267224608008
0.12469385844061857	0.13012029550357654	0.1553549631460321	0.12016690023852634	0.104711806268036
0.13372315723356853	0.1390672523894818	0.13273441033174577	0.10504961587251033	0.10868610987449329
0.13968332713900283	0.09367252128402132	0.16436349647250356	0.1368306912130902	0.11285916717157032
0.12674624081427655	0.1219215853480233	0.10402260567607378	0.1235893228985633	0.09829190742547061
0.11571500758442503	0.14006678273166004	0.09584418869943029	0.14093067777837917	0.1086258065214508
0.1611477149964907	0.12417270981216766	0.14330476336478692	0.172522029529824	0.08913997600866437
0.11228482172211546	0.12726719825840652	0.14552914008503132	0.12685088059908667	0.17207643141613843
0.11008812182181332	0.12088354250743767	0.05151287815384666	0.18791618745830854	0.14599143394349223
0.12474940482973669	0.13483291832493202	0.11681463999571551	0.13599020798467226	0.12559990773270616
0.12133424602318911	0.11325818853647573	0.12703441486754768	0.1594192513097394	0.15056733823022878
0.0977406837955675	0.13001092432635325	0.09712948163878468	0.10335853865944417	0.14688573747483002
0.14957141772999868	0.12643949098696367	0.14436394139216066	0.13292519301227218	0.1346651849068204
0.1619717524488346	0.17553906605597064	0.1018209418999731	0.10455811426065759	0.1303406258253433
0.12036527815193702	0.12117184495703062	0.1460010302683869	0.17795158750194007	0.13296187048563557
0.14175120266091282	0.12948295202736873	0.12141225343175156	0.14496742283027816	0.15605590454082843
0.15544988274818253	0.11946642241372377	0.12350075035092768	0.12045323884409188	0.10799164044800075
0.12301716141731989	0.13120299196723076	0.14268164388316704	0.1597216454805924	0.11285409645682141
0.13202534996535525	0.1631258149501563	0.11452276211339066	0.16054773734608827	0.09923423402381105
0.14837034510825595	0.1281373422872364	0.13947073861729903	0.15334701076970192	0.14477023858571605
0.1401681518505179	0.14474565765222117	0.15429613110142854	0.14850956454749434	0.16229320060848137
0.1165867473777075	0.1653394851525742	0.16826589742678474	0.14747480326580392	0.13751261674183948
0.12837186927942318	0.1358442282978469	0.1356082755315586	0.1498675115131892	0.14500590678146935
0.17958105132292837	0.12664712075936083	0.15354246108464942	0.13237011653729247	0.13950627255670173
0.17293744539418018	0.17293529976310162	0.1718826741202382	0.14837829039135617	0.1607745941358863
0.1306292598527313	0.15119052415121823	0.15985731823979996	0.12438122914887129	0.1538419811984447
0.14850008307750748	0.16876756470090715	0.14326407883814166	0.1606409864987256	0.13072449909321857
0.14945698335399704	0.18184007044248304	0.15021954696194004	0.12547425445321206	0.155125455512701
0.15876577145724632	0.14995782569241162	0.149238310886195	0.15729388336890796	0.15778718126722505
0.17422661013850688	0.15088157642703698	0.14882312864036026	0.16530297108786088	0.1949612258984457
0.13893911332445064	0.18562894121954493	0.18059186624480048	0.14635766032764455	0.19252808095444196
0.1724591309895742	0.2100493920634244	0.16792575461527953	0.19638988746681604	0.1903741318546988
0.14714730598057774	0.17496318782588882	0.16854029697997505	0.1433236593229527	0.18468739425544783
0.20277000780601964	0.17745124781244764	0.19958744790556004	0.1759453264019374	0.19219145892328862
0.2102686821651505	0.19214712204333084	0.21685629110409452	0.1540322236598872	0.16142990301690327
0.1846996073901962	0.16668809384150998	0.1470904301738796	0.1956366220794203	0.1870319279295065
0.1529857111863368	0.1829863297746765	0.17848438699269759	0.2249413967967398	0.20647381580574597
0.15998562592167598	0.20474049942153058	0.15853732363751824	0.1919048069903957	0.16833944263099324
0.19587638479930236	0.20929265962608615	0.2192750443989893	0.18132988901371197	0.18343182016358098
0.198056242087692	0.19876525554113947	0.16247301302609868	0.18876244154352703	0.15559447394820003
0.17731768294953726	0.1873339729811972	0.21499945479992133	0.1922772257003192	0.19905679484129915
0.211069665849006	0.22078959341594231	0.22249287528062692	0.1658153388150295	0.19530801992434962
0.19455609622581552	0.1972534969245921	0.2314282951611445	0.2227172498488249	0.19697667317790515
0.23678399883620527	0.24337485578483903	0.19528524362153796	0.22833645437581443	0.2709021811940942
0.2432332215191704	0.201563622268758	0.23864228404923998	0.24000336072656892	0.21911095940616543
0.20488866521880023	0.21445063678747062	0.2132056708091287	0.21329935113307355	0.21348871518063625
0.1909873530790006	0.22620291642656448	0.21328307724310028	0.26083682850302964	0.23992040768952486
0.22235868010509144	0.22732923716101452	0.2686506860369691	0.24685850110197088	0.2678498378491979
0.23883003433943956	0.2586369170231306	0.23038824820467396	0.25093439579729393	0.23563041034551427
0.2835369514510567	0.2536510419074187	0.2798005806985474	0.2525489723984841	0.2323992296422107
0.25937407876766916	0.3122610862785844	0.26722445829455904	0.25343721287552023	0.2649538999268451
0.23336363278993413	0.25355009235454035	0.24344610189334215	0.3138032389355484	0.2588380968805202
0.2792352571742583	0.2882422158032929	0.27301781007541426	0.2855614142146613	0.26509742424625193
0.316358771578056	0.26394459134903314	0.28793176063104964	0.2287976137028294	0.3029348390668701
0.2681685965340301	0.32432091073104197	0.29207073537073613	0.24048346872692125	0.2713205159382443
0.31372278393613084	0.2888062882911202	0.30006803628363193	0.3028382088032202	0.32130397338059236
0.2872861866668164	0.31445368163014586	0.2865040399324754	0.30148403598051876	0.2952099985419876
0.33726115243660293	0.3244543652908434	0.29027661328378773	0.34668790361252044	0.2894104554570247
0.314625111264359	0.31422081759879655	0.327233131547215	0.2790646390996525	0.3621566830991822
0.31557884804605235	0.30544284528280874	0.3190717613474429	0.34292094225130254	0.3358741854961301
0.3590514181324479	0.3324984186058777	0.33179134389182796	0.3411633105175225	0.30151078870777837
0.33231403629123973	0.3356563443505581	0.38378568575908656	0.37710877671787635	0.33161556356420124
0.3763603519886187	0.4057485460054716	0.34750637017031816	0.3687054613919856	0.362873061702084
0.3724880871924418	0.368878054072906	0.3604346667581187	0.4409167230671462	0.3890117999375023
0.39420505779499077	0.3739748649205368	0.39609990333697126	0.395015504191429	0.4421938541348014
0.4094782567430534	0.45587344552846587	0.41170701684828676	0.4294594098518164	0.40819972140697064
0.39051465322974654	0.4128833162833301	0.44475160534537556	0.46648185219225263	0.4336896807050632
0.42945851561733595	0.43487554878972745	0.4454407674773219	0.41124234595942977	0.4060314456278725
0.4623808926638293	0.40590212279628124	0.4591969207980512	0.4612584132117973	0.5063447479799997
0.48736383720564974	0.4781305014787629	0.4758327298291647	0.5207100363684003	0.4746304225449633
0.48820813180556727	0.4653617429493197	0.46239031017140725	0.5135304765132954	0.5245506516873193
0.5208806744498857	0.5227547799343248	0.47599162264798894	0.5374120429242352	0.5502396725400197
0.5081310266139676	0.5337655284424164	0.507868021432099	0.5138209133428014	0.5594346126800456
0.5687548191326349	0.5247617115466894	0.5690961776151613	0.5817791060750699	0.5777120980830752
0.5759191618016443	0.5679112870870826	0.5893329705520239	0.5794337788019576	0.6004514306208465
0.546916201300237	0.6276354490578322	0.615205021903111	0.5783869968875072	0.6130251252923227
0.6158756044640468	0.632581250386258	0.6454307112226451	0.6304523133230828	0.6005547941412526
0.6100321491034942	0.6199989591960867	0.6117925370217707	0.6357907209854541	0.6679740299518008
0.692660686095258	0.6598474630767025	0.67981589663653	0.7077090757730524	0.7374796304777347
0.6817474281494665	0.7029029283245974	0.6834039227362867	0.7102890226135072	0.7186585770871237
0.7170546378423248	0.7635082725955995	0.7387205759735411	0.7395053047816335	0.731007433613706
0.7541364178526729	0.7498008722520105	0.7774846621752852	0.8262728603814818	0.7894151126036064
0.8097362016275652	0.8183482680156726	0.8083294750996488	0.8495116883264762	0.8555916215695331
0.83394673837196	0.8380697429064183	0.8638587404976937	0.8239818987723573	0.8474019398671488
0.873231296037823	0.873203560134435	0.9015070199812227	0.944165837228144	0.9379465781225814
0.9138412227287982	0.9076684346242531	0.942098889155893	0.9549074208694915	0.9358815767808122
0.9963945455265303	0.9707444083901463	0.9758223028351656	0.9968697192094504	1.002661849758635
1.0023950678887348	1.0242602845768056	1.0147981829597525	1.059068234670785	1.061072523679719
1.016801271586493	1.0715291119398036	1.074667590029559	1.051903164245546	1.1068333840270848
1.1481940127397035	1.146168084483601	1.1399930079513518	1.1463532424289975	1.1352687094312222
1.1670690368832737	1.1837523761394324	1.2100967868755044	1.2204386743382694	1.2205174931796754
1.2110575948220719	1.251982421360935	1.2801556814604498	1.2800697703259518	1.3027810696020612
1.3080366274296524	1.3191761902831711	1.3384057306294521	1.3219121332552584	1.3618997984848764
1.3452302699611538	1.3792424240733352	1.3708024895300999	1.4134425035725824	1.457942291734421
1.4367415329645423	1.4612574995589476	1.4773097483292077	1.509112717939657	1.5482868326089503
1.4999495362008295	1.555333888571404	1.5451461474497792	1.5784248634155837	1.5893258976290494
1.60638578079165	1.5918773600568121	1.6417078197981936	1.6310240517819248	1.6569546051876183
1.6642919728222285	1.685376317258688	1.748655929235732	1.6925887231713048	1.761994975782647
1.7358144677825005	1.7787559297184237	1.7689649245563366	1.7933370578432997	1.876623390778198
1.7916976786976833	1.8516619368131229	1.8536359458586351	1.9100221406022377	1.9149099449658742
1.9199974921447849	1.949307223792391	1.955103874048894	1.9670136880591014	2.0114563306156343
2.0377172508627903	2.063750342230865	2.0387458638427156	2.06195485055803	2.1136639483689006
2.104864197446457	2.121500510839857	2.147301354139964	2.127878227787681	2.1933207833208823
2.2051839739601022	2.1786183441563898	2.223191596603559	2.180836352799302	2.2808033368213745
2.2474501603631305	2.305283873765056	2.333133596471783	2.3051979549534405	2.3407186732920144
2.3483773007212423	2.3356846058636944	2.3597062446760373	2.375784514791148	2.4399388500815777
2.4039569968053223	2.4113595439745725	2.457094913177416	2.459457291866453	2.438027326565889
2.453970751888571	2.4674121389779664	2.50833691537198	2.4978591251680564	2.5153087199221793
2.5513565878238267	2.504049501348138	2.5255801473691575	2.584079724384912	2.597896186544867
2.546612006482547	2.5500234940806643	2.577552927251407	2.5883448183536153	2.575038010106094
2.6096872956318653	2.631290481005038	2.6021503160962425	2.6173307828547037	2.6143385378866997
2.633005484672158	2.6157133190214434	2.6629015587738336	2.5967827770477214	2.5583739936778094
2.5908847326602924	2.6105162384260208	2.5953545417071866	2.6195007922768467	2.598227416358972
2.549715219979388	2.5949800340689895	2.5641873358026483	2.5904563308334336	2.579170822626655
2.5427122401931253	2.5698166046123156	2.541057867784439	2.5643746242924044	2.559972310072383
2.5123493766833724	2.5253877329322245	2.485963925508654	2.499148469744404	2.489428035397802
2.4578276412521967	2.4181206087875706	2.409128098551317	2.463340876428777	2.3606894979667126
2.4065451163206792	2.4415871886802507	2.4129507816224494	2.371493040072229	2.3570373484359735
2.3357841452358175	2.307631234501825	2.2797728927469723	2.2922703753473184	2.285988757732
2.240012949412229	2.2779603419379737	2.2451865351725404	2.199062880342935	2.2427295245878645
2.188932194929716	2.193979118659556	2.169511927033178	2.1622824124052147	2.1478556336979526
2.1232121146514698	2.1176924465070543	2.097655540526113	2.0424719573052963	2.0614986163424036
2.0560657950152907	1.9548764040050877	1.9843390319692071	1.9848242563979257	1.9575025787474911
1.945859010949212	1.9126971066084018	1.8955881180599423	1.8919478612878897	1.798830484526515
1.8975815263346263	1.8535420855105127	1.7897769218008523	1.8130350666307122	1.8145193636961214
1.7249388165449546	1.7178834869672166	1.7125071870894988	1.6648418265743066	1.6870712205918212
1.6480930392699344	1.65570126689486	1.6479246857205516	1.6171598599613275	1.604773432888314
1.5742356454044555	1.577550407615397	1.5685418427327704	1.553307918476396	1.5476890829422711
1.5440831321376638	1.4983813847973615	1.4884039938918663	1.5013375825787785	1.466065645429761
1.3964495095710598	1.472653646317034	1.3956890901930528	1.4206037348296705	1.3607249652289606
1.3613658261956845	1.33933809928979	1.3462761018698504	1.3012588516187347	1.319502759563339
1.2957187639605434	1.2695482658830815	1.2818521366205484	1.274004209218857	1.2666467163639925
1.2454609022792145	1.2578158859986721	1.233376015081472	1.1993561784553075	1.2062125063046312
1.1667496241660447	1.133015253119161	1.135296838528601	1.1613382626690825	1.1250851493037106
1.1163743904315142	1.1165548590523406	1.0889221930643447	1.0331561213629685	1.0391215163714966
1.0661597965431613	1.0388321132512315	1.0310164147729857	1.017650332099006	1.0471436805397825
1.0043745195076552	1.035083346030869	0.9599484852115059	0.991873673851818	1.0013043254997365
0.9556595672129965	0.9476932653960425	0.9289047821045066	0.9316524536888684	0.9064795191422178
0.9370684444091254	0.9193158666045053	0.8976349756550881	0.8890831797918003	0.8520845187383798
0.8638915266624426	0.8658066673986071	0.8747663442781155	0.8412057989709909	0.832476729637387
0.8350668515114018	0.8156379757379082	0.8337284234663674	0.8172814794850302	0.7948510259256079
0.769390352865986	0.8210979392508372	0.7651179921897188	0.7599198258765115	0.7927642857998835
0.70780661816041	0.7747919294748923	0.7485007467915729	0.7280220338896158	0.7365672547947472
0.7428427498893271	0.725619667395213	0.6861865419137685	0.7043376068316352	0.6927357411079327
0.7017488129263999	0.6760347453145301	0.7188898269497145	0.6797991670705783	0.6721287644406706
0.6649333839145599	0.6342113873049454	0.6184360126019032	0.6545660711352842	0.6087615103015163
0.6140025100281917	0.650175945202491	0.6424442702960425	0.6063363597633793	0.5990561667473836
0.6164447535319406	0.6196647395439039	0.5752890831601082	0.5880525351058626	0.5993831440324902
0.6173772174723432	0.5873814877167925	0.538497086005662	0.5859116165740041	0.5809455710136088
0.5553642677822989	0.5413423952194307	0.5752944802860985	0.5692769638968134	0.5370331310660701
0.5626041127237381	0.5275071907844112	0.5133712051819994	0.5085187665458838	0.5183446365170757
0.46230372029668526	0.5041867154652603	0.5119150935388908	0.5022202294134531	0.4905539795580574
0.4618852068602471	0.4927293473214573	0.47692080179846996	0.46212923818162593	0.4794171128974664
0.4410096564123635	0.4669713690176363	0.46430459799580853	0.4943585309551359	0.41587045730077427
0.45423734673999633	0.4585487309200726	0.47245432378700825	0.4867262261891579	0.39740811406910515
0.4525767739048195	0.44350602464240557	0.4160460724380824	0.4507895960217606	0.44886124765506075
0.40252203016477767	0.44570444561675937	0.4030649928943629	0.40609307390680977	0.39192510099160466
0.45505549367572373	0.36922147227140717	0.3681006928907688	0.39069007572651815	0.4393736965677015
0.3718744300528493	0.4135938880553397	0.4014517523859488	0.3927951704326053	0.3930886724528169
0.35189806370920956	0.3722879912529868	0.3723755907256889	0.3575618246990718	0.36369655899175085
0.3473559409509524	0.37655735117099587	0.35682260072401606	0.3695630770378297	0.33329847010864055
0.35623440336910167	0.37924461305536905	0.3185883551196094	0.34807721720929635	0.35138096538345315
0.3502828732275276	0.3092509404810066	0.35120963930877647	0.31965174529880735	0.33370532117199164
0.299539389684209	0.31535696815966113	0.312185248976748	0.31383463595197764	0.31572934506961553
0.32395546923110236	0.32517355376298424	0.3018908155271292	0.321864233892562	0.3061622080489015
0.3519504515714691	0.3124371103658261	0.30702743932692006	0.2989789860743985	0.31218810031268757
0.30951164996306885	0.2838564934749053	0.28233428513137904	0.2661126983016982	0.2926905761356174
0.2976388804646291	0.2709749547681134	0.28100746702764656	0.276417451564199	0.3071615141520215
0.2710365137011324	0.2706182876729346	0.27019437475274527	0.30098227698681923	0.2604326778574263
0.2762498321182419	0.2861387680525652	0.25440940934353196	0.28845944458513295	0.27920794258805864
0.25486783579937833	0.3027284496064629	0.23459580669474817	0.24847388894772524	0.25307739096258935
0.26792206139660024	0.2673837415723593	0.2742515016956748	0.2620023026353929	0.2537188521698178
0.27523182372973404	0.26327592575520276	0.28067176638349156	0.24581795084732652	0.27725240583882993
0.2489545424707202	0.24047368064663258	0.20987513389074047	0.23176824813064148	0.245348744907628
0.23646759151822083	0.2146952962113344	0.2620722068922162	0.23858203463654365	0.216359176504665
0.23049035821526395	0.2267536891189398	0.23104551079046107	0.2516276196973485	0.2116008956699299
0.1915368744785218	0.2391180433507335	0.2112258954205519	0.23501675048903486	0.20118981939213842
0.21244214970066444	0.19399049858589976	0.2419948040578219	0.23035512106686815	0.20247042756226385
0.17513913339780715	0.21120336165308812	0.1914242319744839	0.224125115199674	0.19678408080737997
0.21552690491121615	0.18838507468981994	0.18360067401317023	0.20877693408724007	0.21500419253484707
0.16057283091198815	0.21897090376521108	0.19591378833090534	0.17337444303262495	0.2020596056831939
0.16534519158439975	0.2252045234556662	0.16857030662242536	0.1918400792977905	0.18166255181067342
0.21482379326138829	0.2022142965763478	0.1681009119723566	0.18084767886144443	0.22065701379651867
0.2124764579518663	0.16557522938929325	0.1804851065849427	0.17368089274511908	0.20835163906761026
0.17180064797543268	0.1701735638675124	0.15167009016187388	0.1398659790644173	0.1756528918960785
0.18939283151980077	0.16309480379711835	0.20804443429020578	0.19008049636139177	0.1504722969371495
0.16142939177305016	0.16096960052575748	0.18846848775406339	0.16907698864953336	0.1729129199137032
0.1490985334464782	0.20344254416582938	0.15237389257921105	0.1830810460070732	0.1458030917321513
0.14433780345326347	0.16838022661692628	0.14860163024425121	0.16337765529921627	0.14497381497062964
0.17329891298356173	0.18318110774640495	0.17639617237077737	0.20480556593661126	0.17215792787643402
0.14961377368886278	0.17039728251076075	0.13853024095545685	0.1465646187590847	0.13667426407826094
0.15545605941991714	0.12189338255387894	0.14967608329260437	0.19938075207774794	0.16236302883774156
0.12313909765858258	0.12522283578538224	0.16438132255804322	0.16888935881832345	0.12066003327218104
0.1834256716840973	0.11841098637030195	0.16793465080309142	0.12873554955618244	0.13649564355878588
0.14797015116637022	0.12488473801031527	0.15069247849351503	0.0961482688528692	0.10925898326787382
0.11522936529854308	0.1251650185902535	0.15450779116016164	0.14781765565265242	0.15885539649461844
0.11540985588884463	0.10458744301358947	0.11517629515257856	0.14528029999243963	0.11524378222802081
0.1347620717298536	0.1221997487636116	0.11506270419773952	0.14043012864432974	0.15771081248248195
0.15547535352322728	0.16715144131129128	0.11495024144931028	0.14080584848501507	0.13309771128342157
0.11993942668644222	0.14206786023170406	0.129770126872193	0.1026034303566093	0.12936792375459102
0.13642012865301834	0.15459073541920723	0.15849943902856473	0.1185428902829666	0.12157453355542673
0.17163573851029998	0.14779384428422387	0.11227249357538957	0.16299429890625552	0.11867542922345906
0.15337823368717957	0.10119668326094346	0.09422009194683945	0.09279755210005843	0.09911530025027918
0.07477068322196172	0.09881854563167244	0.09737549084713137	0.0830865316070655	0.1512805424458073
0.10378076383094907	0.10081562536646475	0.07859767498881941	0.1480292466384906	0.09235374751258096
0.12644884812925455	0.14467224706225884	0.12541322310763506	0.11042124640141193	0.10822155995513602
0.15226507248953622	0.12945856040723375	0.12191144723059125	0.08622547979733919	0.11236647096501598
0.12016887292006012	0.15744527830634317	0.1318341102532774	0.10656509323796712	0.13975179139402302
0.08398049604089557	0.13988491453146037	0.09077278403172218	0.08619494203397077	0.11220748875487135
0.09700462712723311	0.11791173780271466	0.1044307930135028	0.10053969052888981	0.09762680784047356
0.09495873618442659	0.0964827820436359	0.13172581781048695	0.12431143671656773	0.12581082601661833
0.1257334652247321	0.08821278816743974	0.07913848554466986	0.11223072882681726	0.12807997774108607
0.10624694504987175	0.08551122163982235	0.11586188360780648	0.12213181899701471	0.08399870004512953
0.11404952569854368	0.13556568227376278	0.11380083089164937	0.07765654937965204	0.11669447367746205
0.10437211138339454	0.1130297638360287	0.09633876103155252	0.08564319002679588	0.1411559213832065
0.08439161109221316	0.06298388139459571	0.10792595600285679	0.0938796524616085	0.05597492871067236
0.0698522449791014	0.11439903505396731	0.07095953161439729	0.06546309370994963	0.09505792961917554
0.08477256417464887	0.07439921298798073	0.04344011880264231	0.08751191539646672	0.08711137672669711
0.07209538603533591	0.07866476620404114	0.08767672035736432	0.12956227824721547	0.1373230146919049
0.06951767257079317	0.07260654864192158	0.07263984342412946	0.08515733430840561	0.0796038010023226
0.07649232258744407	0.07038392940674146	0.0833680182570166	0.10310756740552289	0.09620539834283097
0.1289644132325327	0.09005678666491163	0.11253075774612492	0.07101221985035257	0.08916452091509816
0.033258569253702484	0.06245689085607481	0.07847673804807806	0.061406313190866646	0.020567184980334836
0.07796738400813377	0.06278191962838232	0.12360003269616594	0.09892385498133809	0.10255594424391183
0.07647314730470345	0.06344776910401644	0.08352562746554328	0.01919085763453676	0.08662000454824273
0.05812865510804056	0.05068683561298265	0.06309418176432154	0.07587839309012674	0.04987031446323825
0.10067951274200392	0.10584034778624846	0.09842024551469962	0.053546932226834	0.07758864362441581
0.11059537960929369	0.07919866457502085	0.10371428460402282	0.06463263542305672	0.07190999575157166
0.06736390641411993	0.08835289819949757	0.0872106666237926	0.0819707381705202	0.09004400611588427
0.05908704196335352	0.09605970644803011	0.06311138102579764	0.0877705625497107	0.07634893910116566
0.0881861992474852	0.10021951180733715	0.05680791810751968	0.05363072479192363	0.08548688720320434
0.07905178634681893	0.10049819353654803	0.08672259412580152	0.06320471147371559	0.040835372981875916
0.08187255108662655	0.0718707393627891	0.07526235805829395	0.09011128313728582	0.04968964417492085
0.061527367880620264	0.08961901795986134	0.0727672463057753	0.11190525978259214	0.08452971172226117
0.03652304039259379	0.09974633527984275	0.0528437087053138	0.08257293377505633	0.054628299414017686
0.03001187797750799	0.0906217796641733	0.07437948015844766	0.09246594977816142	0.08645001306395074
0.08088648379199133	0.019493238093908332	0.11803375900118691	0.05286678183545135	0.08187241666694346
0.049723622085919565	0.06830089868930939	0.060255683580729	0.07109640066406425	0.09594263016754791
0.0034560714611618333	0.038968799609348376	0.0741408270823368	0.08764086298152476	0.08991543932325742
0.07922610506150429	0.0825081394917476	0.06167195973462379	0.03520820595384178	0.024699745154148703
0.06125398605032603	0.08423190092280113	0.10531633190218506	0.0360976324232635	0.04718707082991523
0.029893177061665957	0.06387595312831638	0.02877455058948819	0.08944690252313162	0.028555478185066246
0.04877827268632591	0.05762210691963093	0.0848337530970881	0.0732504267070573	0.07039373670184389
0.08684356520193393	0.07506869467011455	0.0330354858936471	0.05277516674342826	0.08352519962952444
0.10596697909493598	0.10021256422761544	0.04197668716998565	0.053011907920491236	0.12150987871560068
0.09602777284042995	0.06696890688421399	0.06170933448753003	0.060010524024598486	0.08338887921761722
0.09950476302612876	0.05267559912144791	0.030063670819129102	0.06680593169547681	0.06355898212512924
0.04669729989214919	0.04455201664534767	0.06195102434319218	0.050987840278853676	0.07872277402577846
0.08562754994547163	0.09001869503086105	0.0718522685624748	0.04109881256621255	0.031339006939067895
0.030382193953241356	0.06254050236639642	0.043057607929759496	0.023390033984617288	0.06434090656913213
0.03871677966171107	0.016957801381124245	0.0611065908856996	0.06973520092925022	0.059338861484079505
0.00934765867400412	0.055474904658139854	0.037154526400274925	0.07330561016292321	0.05672167185782121
0.05481294882287172	0.02856448141780092	0.05062037942035875	0.03838468854909046	0.05593305392281372
0.0033811850499182233	0.05323095096574381	0.03201382569699526	0.05897190800098502	0.019495807231074233
0.0677451054771832	-0.0016195227911590792	0.036657850805003986	0.059635955259760814	0.05210849534925875
0.07495934442721186	0.07131823700945045	0.04997533065444251	0.015275585624771965	0.043269000547330815
0.060242991635315046	0.02303262169020202	0.01978652349187936	0.05053157580111851	0.05142780409787909
0.045887251370251736	0.06107718530131969	0.03910830464196951	0.04452188303763851	0.05780634531076079
0.07302886681753754	0.07532119196215274	0.018227255227448832	0.06462884167421323	0.07345155095596827
0.0623433560066239	0.060833244520739106	0.043157903708389414	0.06318497365676153	0.06186410613180492
0.04382303268337347	0.05098422760702494	0.021819490247863463	0.03901215872197434	0.07680771499959388
0.016559599414815128	0.040521316066999234	0.021191600195670676	0.04622505911231066	0.05797764812284235
0.043926324455384615	0.03953542362449523	0.039502372721182955	0.03276145946133342	0.052639917999151485
0.025806389823835287	0.05382790293127761	0.04242173420168183	0.019751098777551573	0.019053018034227417
0.040470205966141246	0.04020621536459647	0.052784400784812946	0.018962240595360672	0.03542380211468705
0.045415765469239366	0.08915009124605826	0.04147806167711951	0.06007367930830997	0.0508324866618094
0.061999575857498684	0.0374299896211955	0.060878350760676034	0.04202195032284619	0.022064055691389875
0.04869643473400662	0.03907156902418569	0.03177457310312594	0.02665143778428948	0.03933020065344005
0.040828589843974125	0.046126344751949495	0.06473982177962946	0.05184031215125851	0.03282865473583557
0.04689177075573107	0.05529168404370812	0.04852143480650168	0.032931216472887395	0.0022592334951118485
0.02398891422472426	0.0029421643167832252	0.07236593516651078	0.06584220667725929	0.048253302633635364
0.01020619680955556	0.08588121194531648	0.06012554327444574	0.0122973589865806	0.04955662775295005
0.02911463674922374	0.0742234902424968	0.021978950363650142	0.05621317168295101	0.05085622480425958
0.06462608466235593	0.018242188844601562	0.03380202739059789	0.023786891865761918	0.030063914380888533
0.03791218332417441	0.027212980010255614	0.05753277654516777	0.07076512530291579	0.0024156671022294574
0.035382168009333706	0.05285997265332195	0.031717143071223836	0.04147076969620154	0.032907250185214905
0.07491917600248386	0.04888605782715483	0.06666032625274713	-0.0038530618935592956	0.05159235402391879
0.060278153062354456	0.07435129116473767	0.03651924036342994	0.002202653989992042	0.05158685333581764
0.07690536380949561	0.025518485715422392	0.04518478965674455	0.04754451131949905	0.03905001007889043
0.04140515608065188	0.06316183992513338	0.01788476105126074	0.03980465742951441	0.024670674582891856
0.03863473210930759	0.08180757476666639	0.07559927241668041	0.0200617618103849	0.036793811703713826
0.02299347434495804	0.01101101547527678	0.023960517060769168	0.024532247534385324	0.041228081967882226
0.039241370938901746	0.05352911201128113	0.02754390417442317	0.07123393218416292	0.04703791516591612
0.039505201608051876	0.07087638161355944	0.05686355378277375	0.041967807738183455	-0.00743527242165596
0.0472319209383775	0.024188629855796336	0.044432651918298524	0.07363689642039119	0.06363611358812303
0.07517746557581481	0.04986596203387722	0.04032372642343895	0.018996817754906966	0.010603934542515613
0.042598019276212346	0.010812652781568476	0.037521497998250275	0.010760936002849214	0.0534346297045373
0.033848839032474765	0.042343085023087076	0.03756027831319761	0.06351288465775796	0.050285635299676536
0.0035764203124479294	0.032720082731198134	0.07154571584621904	0.019750593652057558	0.03807499154865405
0.026627925541618712	0.009165569854515568	0.029997627428723375	0.027508950498078534	0.044348522262889656
0.03771401216666236	0.08286662797013217	-0.0055049031177685625	-0.013842921566142724	0.019956887115407596
0.016277850974393823	0.06429656264465286	0.03456765782266388	0.05421158927584889	0.0157200381762369
0.061152915776146385	0.025453249557414306	0.04576818443978979	0.04796547805750101	0.05167561972624825
0.0374947662656262	0.052639728905313016	0.04796178455633491	0.008795338405019199	0.036247614311708115
0.031273172190570395	0.025343583369290604	0.004581091778102727	0.05332734039398699	0.054600200376706584
-6.261462137736916e-05	0.06325249548999404	0.011370565099483438	0.027492888658914687	-0.007266752929329398
-0.01865367088932952	0.04773006642184743	0.026850470808046333	0.01544203602057988	0.033883714605395604
0.04678266465202024	-0.01657552398914039	0.0286105147632432	0.020736063640679914	0.07379555137207543
-0.0012986647218709863	0.050699027064795704	0.033624535679988	0.06559017404550671	0.060850583336776676
0.009764500533745404	0.031840810384775015	0.05064404809776431	0.026187628890300466	0.03483858948126639
0.05395985624224904	0.07100609287564147	0.050712616280129574	0.04176660852583402	-0.0018203676585497137
0.014074070479491593	0.043895431177723515	0.04115223770498442	0.023335752713558002	0.00532316087353633
0.03914503623672999	0.014874664099955066	0.03853565721480145	0.03270092029495025	0.037955140062428214
0.022980818889460783	-0.007457974135547805	0.028270703150865835	-0.002561660543743997	0.07295075017586324
0.030748540874226887	-0.014117915500160588	0.03551541020634587	0.044917812476991115	0.052630304204939485
0.018755199727632888	0.06481273292331453	0.07044995517838429	0.013226719385953569	-0.007549959485412261
0.002808795272152106	0.0030332757860701467	-0.012618426892703656	0.015976647892776658	0.04301095977543314
0.026073241675233172	0.020852307758421777	0.011731485249391839	0.019476455038963773	0.02645138321518407
0.016379960607085943	0.011737172038704636	-0.015806972955780693	-0.012171302439821098	0.021612435535062487
0.043939430281485906	0.019123176139066868	0.023130677121384977	0.043986442614478274	0.01073478065370106
0.005364985299472988	0.022157708059900375	0.00910227456537208	0.05758090871347529	-0.0008241413986881144
0.032739844828117946	0.04240844043508762	0.015601811105200005	0.02659227856279834	0.006784616750146699
0.07309247900938926	0.011972239582312905	0.04550762266554648	-0.010714916399164918	-0.01070649874109851
0.04848730891068773	0.03923278737700283	0.04214219045426319	0.0315894206955327	0.020636408117347647
0.034381577755612444	0.027442428487250405	-0.0026621282537260312	0.03817865301833508	0.06498275321458766
0.03076581167176333	0.04496911851333353	0.012558996874548149	0.07674745488844699	0.047798449460170395
0.03826349730039393	0.05142786859390873	0.058242279076522775	0.015885292994819406	0.04264215199321152
0.02326716165305529	-0.013313956202856154	-0.011464728465722853	0.03736103143263589	0.009828789954658084
0.036923540609242404	0.07121962769528377	0.017740700512277763	0.012387396041633027	-0.015039112433711688
0.05369510789763827	0.0078913197518155	0.021157992323059118	0.03855905700084383	0.03386377520413942
0.024929904194439984	0.03484341680755186	0.04384004973589992	-0.011422155304894106	0.04554081378294515
0.04158270349263708	0.01221256839891724	0.025910933654173608	0.04868103292665833	0.02221925087016932
0.035605114703096026	0.026904633470229797	0.023253904326949064	0.002207542117079223	0.005296736603091833
0.016154887130992324	0.02174552162630792	0.0018907597879011654	0.034524070310766444	0.02926614792504825
0.003928229679226188	-0.004984803625198724	0.04138949613640998	0.012510836624501068	0.02138065653681709
0.04910233484721984	0.03873087444722461	0.017666944769015328	0.0038652961586962435	0.03545049959682921
0.007649762218201673	-4.503727573741071e-05	0.023456886299638647	0.0367127092291683	0.008591216392607006
0.0032094008154605145	0.01801791419158852	0.0076854298701308655	-0.02774973657191583	0.06264814010298575
0.03074210109639669	0.013801850825916444	0.011713803061531362	0.004618390886227887	-0.025926637398789386
0.02405183429598208	0.023483314212305435	0.0034952404423565534	0.05809137437283019	0.012993086021943536
0.011224925249095095	0.011481583499093412	0.020270665142326717	0.04397182762434491	0.02919028627501821
0.035225768464535526	0.009206336245911113	0.05045508171730077	0.019712845152922532	0.01828994191517826
0.01755439477953005	0.02096885749337278	0.0007972106859446253	0.043697088389360275	0.03572049826071722
0.026565001662417317	0.042745357351882105	0.007347832933194001	0.05381080426972721	-0.007134680582844831
0.0022098544676950292	0.0358097614455091	0.002397802570495055	0.06213075970545866	0.03216396726673409
0.03119632313869978	0.026733991227012324	0.013335893741262986	0.011406195936383227	-0.003622483673448309
0.012372548167309757	0.025315742928779014	-0.007633894744371032	0.04334736420891163	0.024176587363855383
0.0076482722803292175	0.001972895100880106	0.01592485394759502	-0.009272957164601532	0.009940901994513258
0.01742749180707402	0.07360451196986356	0.03848108234490243	0.04093819813138849	0.011643328775886353
0.016111142942871547	0.07529432186199783	0.041955239949235154	0.014093616358847977	0.036760652677931785
-0.005937571996241285	0.05497052923099625	0.030889476019790855	0.03688673114129126	0.014408430119337269
0.06269905193399258	0.0031645638720483073	0.059725401564631374	0.020307007975246302	0.008166390454894276
0.06485160786833143	-0.0110182176642427	0.01859077607711789	0.05780710982583906	0.026087993769578183
0.009852938163728736	-0.0018927195610645708	0.06246524971382369	0.034097635458865225	0.022048762036866544
0.0209275150146806	0.004091955049191572	0.02369274001965032	0.016914240440732285	0.020347306314845232
-0.011593699119644526	0.005165929855404031	0.010063981751455335	0.03269844855759526	0.030871962531062534
0.022285374563452757	0.010626373649426216	0.010557680813648376	0.04552297476282697	-0.04143896413455878
0.013859152799070634	0.011174297331744049	0.012182874156139221	-0.0008693797995039318	0.01925096394951609
0.006645667050869606	0.009221764734030358	0.015324386127355047	0.009882842269950853	0.04865962616334793
0.01055680532241781	0.020102915558215972	0.01514638532385009	0.022273341731131387	-0.00028531214917740244
0.014967690909190413	0.03155337388697242	0.01958448247875816	-0.012193221434336512	0.02599099854156049
0.014905333482706373	0.008926545842111045	0.027149142620296725	0.02395077412833705	0.023072295697021544
0.014891245765317944	0.007510136505424981	0.00106223258847008	0.0340705377172365	0.03624254492739903
0.016383949505604012	0.020979929760314528	0.02131986116256303	0.0014797797684943693	0.01004333039309245
0.018234998939441922	0.0069506122933082354	0.016070994644534667	0.04299548895212972	0.0315555433682803
0.009079953053863856	-0.001625202951144055	0.05865936148617783	0.0277361836454177	0.03276816967053784
0.012855965397056184	0.03128236748637742	-0.0063820867862850955	0.0335621189757246	0.02784531122819374
-0.0020370841059028414	0.012672732482392797	0.05150580161092864	0.03971855603237566	0.02332582279291435
0.010714564894198617	-0.014378303450561132	0.014521589949973886	0.030058763743675755	0.029933673711047326
0.024207393281106063	0.028482986348072992	0.028068633797296447	0.007560602551388839	0.00868418852088595
-0.00462558856610602	0.0006449673039332724	0.04494971524507688	0.007119537550718852	0.028616751077598267
0.020883900736502283	0.020082589597611916	0.014772077377680128	0.0139628959114835	0.027667002132285453
0.02086814938224635	0.03926321236008668	0.0357472986414635	-0.006387686855777083	0.05576189243099626
-0.014664921127631375	0.008642475103963076	0.01810830836520539	0.001400431008207333	-0.004780725863254051
0.025685423634865662	-0.02288746704268726	-0.015198819135589608	-0.003188712752667254	0.014155784244775824
0.02272577156384371	0.03562713862325511	-0.008948246986541088	-0.006492428162519846	0.0027986952860052008
0.03988734069487943	0.029339442626659565	0.022482930542247936	0.02586380622169523	0.005560203455543462
0.02581335545226095	0.00858969777107693	0.019383485003689475	0.03946468860189284	-0.0037415002824427936
-2.3867130769326256e-05	0.026143113167351663	0.021988973451874026	-0.0002998757800519742	0.012055880320337246
0.01041932296996085	0.02698235069629907	0.035437513501609647	0.02884067267814472	0.016079217171411704
0.01892677534443834	0.011801473630068046	0.03782436316043573	0.023745333544912043	-0.008951275560405352
0.005605280930392722	0.03661148921751236	0.047734967515127326	0.01850209540037772	0.01226266748980148
0.01765606049550938	0.0026794515421458484	0.03932671387300055	0.02919873386052155	0.036260305731762726
0.05841507586378648	0.018415619080978215	0.03202187418422534	0.031220844642217874	0.02973453196138494
0.011103668677453745	-0.025648062651947714	0.07749162157609041	-0.005174794331304114	-0.02851532124802321
0.002373972523335462	0.04928070528114378	0.007262906440220667	0.05288516758351424	-0.015491714959474573
0.01881333998225784	0.021237046983308673	0.04024477060473636	0.003240511929056396	0.029010275737611082
0.0069526817308228645	0.010469578987497475	0.008286205876798562	0.029104354025871602	0.014122027577332347
0.05034991535390673	-0.031229250433447854	0.01787500321510346	-0.02459532214507523	-0.009867166652429371
-0.0010307138040079357	0.00276517445285826	0.0440276983696177	0.02449696097170724	-0.00232672321504931
0.017760452045634638	0.0027606548154315578	-0.009409163009573547	0.024355902387741518	0.026998398026585206
0.029355664788925047	0.012695107043258413	0.02143367335484317	-0.026868387233679965	0.03147522879226258
0.029742166116802766	0.03372457366386089	0.005887447476001565	0.034173166652149874	-0.005637866944196327
0.02088481863938392	0.0009171530330565891	-0.013359106230721339	0.04364094719495092	0.020848341752489313
0.020037292770526384	-0.00652538647140607	0.0670591473334652	0.016325161412363925	-0.006092106998819992
-0.005944099045641137	0.009137810384431993	-0.02987542184912602	0.021958655507549236	0.00884564792926187
0.024627721855810223	-0.00545915571738232	-0.027888734194757542	-0.010054407074931857	-0.004874118056560836
0.002743495604625709	0.008325982014588177	-0.02406153012358013	0.029615664007349995	-0.01482375750482706
0.024166550114371903	0.03653375500085963	-0.006520256331957037	0.012168161877216196	0.002423301126870118
0.05256640117378316	0.02370043625162921	0.015464912369101394	-0.01797196097117217	0.005932772305386017
-0.007343682601277077	0.03940872194481463	0.021418818037797903	0.007909024737488795	0.005533293956006113
0.015915889055442563	0.020864491523143767	-0.017486584450215642	0.029090623016788844	0.007997652500325449
-0.007149372325182247	0.028904701452187383	-0.0041369186842874165	-0.015838477150044356	0.04522497973277914
0.027712090278152093	-0.0013322203095841346	-0.0032814070707768168	0.033897852446134774	0.012011350159992627
0.012009444274940625	-0.03193458916273955	0.00735409763635601	0.012428946272845265	0.015960635686097485
0.0013128992036140073	0.01873407377856906	0.02583475172989112	-0.006299074840295727	0.03256426188701414
0.012481643773470979	-0.04618826982688928	0.020090296060947047	0.06593280793401876	-0.023255826194949272
0.022777463656382738	0.0012880786812284935	-0.00924918690541305	0.02342513099925667	-0.014300079308965374
0.04027939087945322	0.03498816212717075	-0.009690238984410843	0.05061573539480989	0.04017093190411003
0.025425994468099147	0.03312644386708115	0.0031010880513589	0.026396505110985142	0.03461640588108965
0.01049956537725745	0.0034059021727078018	0.01870014922338476	0.003729388166294526	-0.016925131717526742
0.02563209144138815	0.028195412868639788	-0.005195147126848595	0.0052583397687852446	-0.012727230347039414
0.017794200127141977	-0.0026701617820313293	0.00830124387882409	0.0114541341683767	0.006017817791333173
-0.018225632822265275	0.005653807172940857	-0.030457725929780598	-0.012980766170447149	0.02651060737926306
0.055292285657820246	0.024019989429094737	0.0009511474572663657	-0.007692518909366768	0.023000681324043794
0.01239626159115826	0.04115480814244354	-0.0038158197048532736	-0.009468708306850834	-0.006019816446388729
0.013517309193858469	0.015829011827869836	0.021861176484458757	-0.010563258449156877	0.03169858669934562
-0.040479172384685326	0.006555737371591807	-0.0015276439938604713	-0.015518055456713323	-0.00223676297921042
0.02276031441664003	0.015550399841809863	-0.0027459357408511006	0.03164486472771639	0.006341126941744376
-0.0027126834296535354	0.006069603865554142	0.04402196136507644	0.027189974496299806	0.019035553871858273
0.003158297110491405	0.005846570420420716	0.002432963501925774	0.013667785508553316	0.008408056513631985
0.03381917546897667	-0.01252735430967894	0.04293158024044574	-0.007173167202717065	0.03994223041310141
0.033102174528054244	0.002451162761967272	0.0007417864243750411	0.020228620867207267	-0.0006513212044157984
-0.012172786181568451	0.02143998295510602	0.019318885085771537	-0.01771878366980212	-0.03429491326393858
0.037915321359747525	0.006742372661636434	-0.008935850207271235	0.034187094212539446	-0.003261767823830747
0.024772265433621342	0.025575815325380644	-0.004900174540718454	0.003593175830794831	-0.025519136353972655
-0.02127013001297477	-0.00828746117987034	0.007962296932823111	0.06324732031304202	0.04855479228707105
0.02636353114378457	0.016734332567638625	0.04570213262277143	-0.01500713745538957	0.0009653913765889487
0.003111074919268213	0.0015905279116178181	0.022501214229329793	0.01474539728922844	0.00042052362561452623
0.0509169660600531	-0.00869208756828367	0.001688650623898653	-0.011246707806625752	-0.036116773440307254
0.009199087338825183	0.041768175182940674	0.003556769963887425	0.018023325522781637	0.012366154105980572
-0.004397779933318118	-0.014296333435882588	0.012165124067399634	0.021540038407695694	0.010063725196988997
0.033034127457877795	0.021049511564564444	-0.004068114983384274	0.012838339970204693	0.008054809953019415
0.02998992446337903	0.015749321478590317	0.018909600779194645	0.0235068558277625	0.005148765279509448
0.009563762109128023	0.022156455936081818	-0.009242267641174699	0.045692928729074524	0.013170101246193746
0.02145478134107453	-0.0076677215212258764	0.03349814748168655	0.028155735235114332	-0.021899236028293648
0.00738813834210111	0.009180629330711398	-0.0037755747753667156	-0.005861305720895847	0.012624915394745827
0.005082488890304765	0.010197732128630845	0.024784095342797817	-0.006100194377271009	0.04125564353319339
0.028961965686604033	0.04416954083453005	-7.407824731854064e-06	0.029371882269703126	-0.0033642833651002743
-0.00033815406556951706	0.04014711785284151	0.010208413951443606	0.03434255745862779	0.00030845817643454683
0.005998478172921073	0.0031499916304440615	0.03885253410993508	0.007626260408550963	0.027399262810634817
-0.04637118444922063	-9.840898054666765e-05	0.014909116178820759	0.011814205861522913	-0.007955165796736796
0.027502719111062265	-0.026303412078238348	-0.0012681227633412097	-0.013516584267755255	0.013319662761896807
-0.02223438199193027	0.020104498201336092	0.05091865763096846	0.014954761740859034	-0.03434477554849939
0.016995728020125906	-0.02824205891388839	0.000544656301103264	-0.006975570797061613	-0.017309532156274718
0.02938880145724731	-0.010281737227895875	0.015458713807183624	0.012149993161384877	-0.019492148422231407
0.00906344972377696	0.02343093637674068	0.003318737501867065	0.0023849473398118376	-0.025363185703296036
0.04433605957810486	0.030693452931930904	0.004130794235831814	0.017563661688181822	0.004793991847968625
0.011305512189922788	-0.02851392375264704	0.033185755994703886	0.02181383937887038	0.010507166835801145
0.003624930861188368	0.011426776441235825	0.04055093698726154	-0.007378158121161851	0.03360377451011879
-0.005838785516966014	-0.01786802485934362	-0.006165230713941255	0.0465936004586224	-0.0215994408528215
0.009134369629912296	0.01130074010519423	-0.005548363253571504	-0.0034128959995954004	-0.008251275105291249
0.002545892392323048	0.06803881654948228	0.026659345192258405	-0.0037901456695571796	-0.004446646588348101
0.02863265394149373	-0.01925480581088298	0.035370746229356	0.03629297892050465	0.01713031984760316
0.031358111872602894	0.011279053274970988	0.021876271072065148	0.021069217981309826	0.017380932112644392
-0.005101931333141445	-0.024638353781127255	0.0014746044953626602	0.019757926596228027	-0.025584604671693042
0.008695937563516507	0.037220910557955664	0.0002703553297578407	-0.007519453700823917	0.002213448927702106
-0.03638674902685114	0.01922078338549298	0.054688387858586485	0.05068669168596535	-0.003948814611295226
0.004228764673604211	0.0139940729513757	-0.012213838279232137	-0.003004191267338526	0.019492220104481046
-0.02540804271304152	0.017047442966772783	0.0052885321215495554	0.002146460437003451	0.014846416500969298
0.00893021863068947	-0.0062381223972906566	0.01832503235727321	-0.021414465727182683	0.02215208306844331
0.024070484106801217	0.03744295944352549	-0.038849738388724867	-0.0056868320724041185	0.05030196287037691
-0.019576065259231043	0.0013207113939904896	0.04118099723971995	-0.029556525642877633	0.022852254003498516
0.012888576103191376	-0.010244621046788808	-0.005668356914436679	-0.007519941568452291	0.0018630899586087333
0.004113490597672718	0.010459722229464636	-0.03869040067869103	-0.010718503366665657	0.01564336888989432
-0.024986141893053038	-0.007915599117407142	0.009088520300960148	-0.010020767931991281	0.01041089246068939
0.03376940986369487	0.025988201458593888	-0.013346802124535087	-0.005799031001819688	-0.008085171967238266
0.015029116928717907	0.054454618153527284	-0.0077799680023479135	0.018619960052611698	-0.026442589902353975
0.014091440683822976	0.03567847082969376	0.023262302974553502	-0.004091339914258141	0.030163943587536143
0.06238713849102239	0.045531891055332806	-0.011247657498033605	0.02349456191394106	0.00012086431646313395
0.00079114395276343	0.04638612776713615	0.019978395153301506	0.030104192592315143	0.0363628619348781
0.023808164995765393	0.030290975937308017	0.004291385828295548	0.011638449387581056	0.033612597954261664
-0.00897726429691853	-0.011660106499543552	0.03232221811639269	-0.006396737020747278	-0.006896884253271933
-0.006224008869565189	0.018924151000166575	-0.01457598687887691	-0.011230456396215317	0.0017222012677333733
-0.006545647875842027	0.03747170800006639	-0.0016267259308468721	0.036501690480041135	-0.021987246142075523
-0.018696899392039244	0.010385713324100538	-0.017960145307923066	-0.04743621383761185	0.02228237162798989
0.024528284481303647	0.014926049212363521	0.016315681950533442	0.038155853110138235	-0.03602911465048981
-0.01167500959291974	0.010390917196292693	0.002254091271678266	0.0032949494489768836	0.002621251148537469
-0.0258038311007566	0.011162559389610763	-0.010877927304054034	0.0245167464540178	-0.005556259248757131
0.002898061010876224	0.00594120517832391	0.015008657682017607	0.0013353299224402584	0.014314650625333745
-0.004079473557102473	0.04700265467121989	0.04876271722904142	-0.0014284748813989364	0.014458513854279693
0.015737716814908993	-0.02844476209670887	-0.006008050340074621	0.031729258373059566	0.0020646774109878223
0.003706439988084226	-0.009103173561224507	0.0071218378353172535	0.052914763401777344	0.030227956793332914
0.033625224734850724	-0.019683068633093617	0.02179138593646176	0.001140242436042084	0.02060890276903549
-0.016625435831696327	0.03795919211800591	-0.013306293377212067	0.014972102288705885	-0.02070607383665923
0.04585007840732072	0.022353338859429334	0.004249710671655676	-0.0003729190710428454	-0.001544334472523867
0.03404780726123155	-0.001354503815538222	0.043184520557307884	-0.034977191687752485	-0.02015155350635587
0.01177230993505864	0.021021618863909946	0.011501321249919377	0.0026686698572905773	-0.025436361217055344
0.013173791994295456	-0.014139432340436353	0.03937086258698378	-0.0007302318919200287	-0.003068658982752574
-0.022997598637436535	0.04781888568734383	-0.032614313175544536	-0.032752592863293205	0.015394614989971233
-0.013513079003533934	-0.0052246051325474	-0.02749162559528063	0.017475420959192224	0.01161712134800463
0.056475060242900346	0.02601360339006596	-0.007367129952258911	0.01416658460922771	0.028804836901126986
0.004212833030182593	-0.03270852589199814	0.01969856215686922	-0.021263469024416032	-0.015005598716345745
-0.003320641197911962	-0.03208651359775082	0.007668952731528794	0.004870590449549494	0.05787261334729697
0.02911941255063187	-0.007408757005710442	-0.028011903074561296	-0.0293018567950299	0.027942555419547727
-0.010850645786591943	-0.017324425903327074	0.059960228530390264	0.018454022565565616	-0.04528403829712086
0.003987051348069897	0.015569656476837005	0.025559956631574208	-0.03473245124182906	-0.012117118181938355
-0.019363151653684192	0.013173564478807317	0.01579846969316425	-0.008565804240674954	-0.00178751967948925
0.03516143427394532	-0.0006295301023735247	0.009242640418998008	-0.025302135739480966	-0.008642744117385661
0.011778771762082838	0.013087312962235437	-0.04134659584698533	0.01752715535497308	0.02794232017084348
-0.002542968449718013	-0.007460756843653894	0.023657024984778702	0.05026625833983525	0.01993410034001332
0.00677454402477627	0.02839914234617409	-0.008391603274893938	0.022932023629329237	0.011519853417687697
-0.007525015987167071	0.017711339509191727	0.007320589828140099	0.0037049761516647376	0.0037036453215574974
-0.02584819020179747	-0.013204539179212558	0.03683627513187102	0.04570629007968657	0.01751182803531656
-0.0224343749409393	0.000729084649674374	0.005691007619319675	-0.012148947525030325	0.0019504260304220034
0.015273353415629316	-0.002713410494768073	-0.011131290858058255	-0.01681211448428431	0.03540794325288576
0.04958731527457451	0.005262005638502521	0.05656363579824478	-0.023247656717212614	0.01996057602220061
-0.005310955690180004	0.02376013798065437	-0.03149507113394216	0.001754446196478729	0.029734743301302744
-0.0007814503350760038	-0.01658549503434937	0.006490112512472229	-0.005256702548596277	0.012465544695163446
0.001680402473138656	-0.010220836915689353	-0.0020245175563526102	-0.00796149296916209	0.0006591300963638778
0.0031689816199226757	0.0008522766586736459	-0.02725077004883705	0.010142545231519041	0.0009137678228973056
-0.0007021014470895807	0.02612663461077421	0.0013852964297537023	0.02475627896540747	-0.0027747453227250796
-0.0071999326449581555	-0.0025836012944218936	0.03425420641884905	0.00926769745701625	-0.00948554312291496
0.03415249801066457	0.009470879062764	-0.022092032214435106	0.07071850996261306	0.018421797118847904
-0.017333172230317724	0.020521944357885298	0.01954691887069764	0.007638641871798761	0.016140759100210886
0.05630602387283121	-0.011837078501970678	-0.0004503168611279971	0.0173558528127234	0.05589711500695044
-0.028665255882074983	0.04421589136755739	-0.02883236106185691	-0.0016009837172520558	0.03920527168444676
0.0018042054595294264	-0.02550942993266291	0.023297945827414193	0.036585978415124065	0.06565534114667859
0.03527610558365757	0.01658539188844158	0.03632500796338197	0.03496836566218737	0.0022033962564311487
-0.009884037026428974	0.022570363817382005	0.0067136460468159975	0.004295377595878395	0.015027070322305137
0.03699284595617983	0.01675637326499825	0.00740131464797642	0.013251539109783762	-0.005950441694780184
0.040210016212691095	0.015352311466708209	-0.03225680691390087	-0.00972545468326061	-0.013033433312779334
-0.002727874157162078	0.014005088192514812	0.02956302369318108	0.009335074923845377	0.022310225001552705
0.020117805933038028	0.017017544493241082	-0.011973474893112125	0.04461128990269336	-0.028572987520738006
0.009150439147683279	0.008094180953268387	-0.012902561577212463	-0.013573178720800223	-0.03788222776087006
-0.03490728740499678	-0.032746388826053796	0.040756767304990185	-0.006866634618967346	-0.025546253390289514
0.011209361026700953	-0.019347590804518252	-0.006436321932317589	0.009561261525634298	0.010343647254727424
0.004508134587189387	0.023449233262343515	0.006731339047961428	-0.0028596330209490926	-6.237316845960315e-05
0.0024361355602609816	0.004849632980946269	0.009408430183406086	-0.024714640940842466	0.021032423179712295
0.008450183809507222	0.012004824602872513	0.0026026093212367825	-0.012492279489480472	-0.005004252998088437
0.012320040494389497	0.005895359626487264	0.02736248927541661	-0.0264453209355274	-0.007489708233924059
0.005873314533419852	-0.02415718286487619	0.02024690664270993	-0.02310876288468269	-0.02385683162415732
0.06689327198813871	0.008279028655723901	0.005667128969989498	0.005206467362189671	0.033648008097918465
0.0006191754228914818	0.02140107022149878	0.023755155575508478	0.03476292877533517	0.009806506988013455
0.005439613167309992	0.00899511425736441	0.011435883977779355	0.045226000630207826	0.0163518470791388
0.0005226695530996285	0.04375813088694489	0.015371883164286008	0.02900292990791857	0.006363815530810556
0.03564785648741865	-0.00991752761634752	-0.006140312558916422	0.00824575011241867	0.01121478891023822
-0.023002499713992423	0.01867404996207472	-0.003999096018259079	-0.004420685363155808	0.003662092509955581
0.029508571939730974	-0.02182219397408944	0.0005670928409064893	0.016170599051088575	-0.013337036463036231
0.05385034824706533	0.05795009678191553	0.046815920069549224	0.01250960455236812	-0.005898251056250151
0.007432444097902295	0.018697542880818582	-0.0323430604861822	-0.004448260789332546	-0.001369213710408262
-0.007159056160834062	0.02676319548635031	-0.011726432136006926	0.024866025636754212	-0.021362992633350557
0.02605967997698034	-0.008994548630473291	-0.0028960972323830193	0.035321226312991005	0.04254033036773151
0.0019043534726426105	0.03388149740040873	0.014936714929782154	-0.0014596247707594785	0.00833882247214174
-0.006458431693757653	-0.01234794026088057	0.04992757577241362	-0.013008452795848818	-0.008907465626963635
0.007028042161508088	-0.019581016404438746	0.02853652683005673	0.012051296387441488	-0.042203477642427045
0.025491678649639866	0.05003896296777357	0.02317692510589317	0.05152473294249333	-0.020367066711844534
0.01578280002122773	-0.055760381994592	0.03215609843562735	-0.005028552215021422	0.0027849623633066384
0.020725839314274283	0.04008203995351923	0.010537809365103299	0.004012537989646039	0.025757079957840504
-0.006979156075029433	0.02036077492959349	0.013783856498090883	-0.046171894661077725	0.016204125355235452
-0.003395704793962383	0.013976683610169256	0.04552201157073523	0.04053353802816033	0.05756103944780892
0.02279287670623378	0.02053863379500422	0.032221402044493266	0.054947334603720345	0.015359576253883771
0.03559017901841886	0.002405896731243246	-0.01304177090438615	0.003399669442832302	0.028374029841823144
0.02926677823480339	0.020710291259887836	0.017127401725622667	0.035540557897106126	0.018858388735956425
0.012163808109364828	0.03289815172480203	0.051525818418392176	0.013564459017982878	0.04292162605757358
0.02213193204146986	0.010940788566103928	0.009364998831014444	-0.006845216914480846	0.00014522118110032014
-0.013758424205751903	0.0029765986022424413	0.00045471885432210243	-0.011438054526500699	0.0298912522353522
0.03305591176767682	0.027176257857169435	0.008285751848477	-0.016346078231836522	0.031738812260279504
-0.019649984940603986	0.03240549429040249	0.0022734632420725403	0.00548713317264456	0.03082980160982121
-0.011616844965898206	0.009934170760346884	0.021271678728946634	-0.0033936030790591813	0.012712267810188319
0.034887062221928014	0.02342334659511728	0.007745425333442015	0.0020677396134468956	0.04073586443287674
0.004522709779023153	0.017412445664616364	0.013718366304252362	0.02602323361971659	0.006070926134036467
0.02871447672243525	-0.00682875295546427	0.020635367342077226	-0.001284951679730792	0.013644833183729374
0.022820449556864	0.007154172651386041	0.01760506425375986	-0.00041588491366603827	0.012078888740547005
3.757097977895177e-05	0.01224504618841082	-0.009670836298939672	0.004162489581768784	-0.049248464814322934
-0.03767425911342361	0.03714691154270107	-0.036187649163606686	0.03476680906895047	-0.0033479658269898824
0.015231477404225532	0.00708130014704123	0.017714700903758734	-0.006565620269020991	0.02443310491258964
0.030752027704955172	-0.02317221892290936	0.004513726041086337	0.03485807364685922	-0.03360685577317736
0.024820756093387984	-0.021558947721327694	-0.00488920676575955	0.03515233029070034	-0.018489224741689844
-0.02808874978176047	0.004710075283409141	0.007803540753736637	0.023235875040910795	-0.015829666924505537
-0.012165784728856576	-0.0034298628645475235	0.00604752555977916	0.0019219215133661378	0.02965598051643136
0.0012825371585667442	0.010106570732338118	-0.018292142520933724	0.0029429801459698994	0.018958655403645816
0.005944873777463925	0.009703887773654543	-0.012118325915637017	-0.018263675208417835	0.015745279227361703
0.033272453923582954	0.00908387144274342	-0.019022904968301606	0.013748621611430405	0.05446984828825128
-0.048941899378271515	-0.025423996774121247	0.01841378665814776	0.0327390369980173	-0.01747389843737398
-0.023731934432022934	0.035776765309309136	0.011848777358682866	-0.009464637420836511	-0.0037051701476399834
0.008489698652371074	0.0018486269989461679	0.021432716198677152	0.003657028958956499	0.028000919191766366
0.03165043985693429	0.010468444413845463	0.004132687960899465	0.016492718409163633	0.015000734219008157
0.013305255375335896	0.009766833270312341	0.012746425073565219	-0.003922120288631417	0.003298424067907837
0.025081197818402467	-0.01648457169717294	-0.007408903501109567	0.02980210207326872	0.003826643295276662
-0.012398967927018749	0.021505488028080694	-0.007521901975981417	0.021244676941502852	0.04192846116565477
0.012702727251906722	0.0093972374307149	0.01509919147652464	0.007106919477452534	-0.0066673649691108925
0.023793878243304815	0.0002976795088085477	0.004935382783433975	0.010703897621094405	-0.023305998425368898
-0.003757945817535375	-0.028308272156922363	0.023106646750802356	0.010252713668219256	0.04430293620084947
0.027903901233326592	0.0027989797012871707	0.02605513578355361	-0.015332095696599274	0.0008709541198564427
-0.004890573539929861	0.04964970022076547	0.02193270849368952	0.00825433786298952	0.015162653339157988
0.009756570923154198	0.00045590350823830443	-0.02553747402556167	-0.026052602227685337	0.059672842490139814
-0.007395471522277403	-0.003502401238475395	0.024636365743196765	0.021221251189603108	0.037059271294660356
0.019078003961968727	-0.01864643702642402	0.03327996965834604	-0.0318668793123308	-0.0012639256011585578
-0.016125339640756336	0.002552956234862208	-0.02080185961433283	0.021567904478357526	0.012174736575009434
0.006103388508008209	-0.002313388555079626	-0.01309424817305346	-0.011275199007877917	0.026171027000160545
-0.0036418186952758957	0.023327536394398142	-0.009100808811769334	-0.0056167767680256435	-0.005741583190892829
-0.01579243657627482	-0.014390654621895614	0.00861715669493624	0.009066823778572385	-0.02350607849184212
0.00230860756158989	-0.013948893210263482	0.015188427271745023	-0.01584964593619137	-0.013166874382734527
0.0181777716828216	0.0036745867642217025	-0.021139136466509553	0.030521061087290073	0.010594048525981456
-0.008248737505551822	0.02110027436375336	0.006086809310395782	0.017276372135479518	-0.029214457886010924
-0.010382561531271456	0.0032423637319043503	0.005563621385954563	-0.01971576062687341	0.01698662378074555
0.010156968541451424	0.0006304270150014355	0.01619366443185782	0.008272811665548725	0.013703212724204637
0.0056840600711972845	0.02182703996390606	0.02428361729272666	0.03659540959214066	0.012425589196138783
0.011292878226402988	-0.023541992494067618	0.0006122390697448779	-0.02502720525014225	-0.004334485174128615
0.007460727118695523	-0.016553252542599005	0.0011141255614320273	0.0801899173003582	-0.006795464958524008
0.025657829355543033	-0.010151679907207072	-0.016643594598560966	0.0010233498941870055	0.031769622121671226
0.004070790517317676	-0.007257726543027464	0.002489509671909438	-0.028415838784775688	-0.005398030772882536
0.029493535132286773	0.003936366773712767	0.0006846295201343889	0.013868830368781053	0.03288224619725822
0.0194864804620494	-0.009590725599812253	0.006172666884171012	0.02325306227229284	0.01466308096706307
-0.03090947381421865	-0.02754288434228178	-0.026502282218330335	-0.014159126494285246	0.016414376918485903
0.010167766741955013	-0.017662626990610185	-0.004014650247179919	0.02973331409764274	-0.017350190281034916
0.00626881099601866	0.012535632974920562	-0.015341999994398317	-0.0021738585012362937	0.022749448562239927
-0.016932312884356628	0.023960650682829477	0.0014088455123925736	0.014183928866389433	0.024073213575515853
0.006875103410310523	-0.011999743454131564	-0.026309591838939866	-0.018559553984562462	-0.013647338334607562
0.021395708002061725	-0.030673318784359638	-0.01967417988807653	0.023221405104775307	-0.007902368088799598
-0.003774062914328514	0.013601736142307789	0.00012623329467066798	0.028513841585526018	0.022261860455426927
0.0024595773552043678	-0.015609058701234734	-0.05206588820422236	0.0035780977746729	0.005045971766997647
-0.02705415234309672	0.006132817471404061	0.01686765957847454	0.012585304564388342	-0.007095797312211778
0.041095207952654034	-0.003444832655278122	-0.03498096367311122	-0.009802397182294417	0.003951207414942961
0.025693976037379725	0.009283437336280802	-0.0031090940192005146	0.04642901916532075	-0.025381541538617172
0.024787998468743383	-0.017445683140017786	0.0166952985665743	-0.02353943090808656	0.038643076899449076
0.012800911305825176	0.018717997643274857	0.030510004893023315	0.0036948828380650237	-0.02338521627916069
0.0035848522322281936	-0.014741012362596083	0.008716923691391957	-0.01353575689338684	-0.028762338635220222
-0.024732557004666512	0.013730042829684465	-0.017271352411935965	0.0018969991616547854	-0.046391375522041825
0.02846938757853589	-0.0012763825066242677	0.007236332540785563	0.0009029184050516866	0.01784258022728654
0.023424362665775224	-0.03010373415746817	0.04609065101829864	0.03938862499408129	-0.007397898389294477
0.02283016980165995	-0.01606661578409624	-0.0395504691512159	-0.0013053743565435314	-0.0008305570666286774
0.022802516825893716	0.025278132806425185	-0.002165280999426096	0.03526007211663423	0.018546518516832717
0.01432831043127481	0.005849360187685651	0.005910950911350517	-0.005625766846506964	-0.018313473839970996
0.006925795515742173	0.008085819148693978	-0.017419312394753216	0.027068029524838277	-0.023864517668824647
0.01281856167678602	-0.016764463353233863	0.004564652538655111	0.015165066077863002	0.01872617156771319
0.008073724227765776	0.07081441952086857	-0.007101353723796991	0.02844062364568006	0.058846312823851867
0.0028282001348282817	0.021599338898907465	0.05512535787020638	0.018974599410228714	0.01311136334806944
0.013162190247449124	-0.010055646683980414	-0.013902220046381362	0.002031468414272373	0.027488993808843624
-0.0025719852630482227	0.0029932513508289403	-0.008258473501184211	0.041928261773424416	0.03454125787334191
-0.01050891182627985	-0.005912464546613486	0.0007342407404876952	0.030823400546003823	0.015875488482693885
0.02036763822570105	-0.01488749469671541	-0.0004356051692365574	0.020245484882117463	-0.0267733229628133
0.02798059304932977	0.016025242508599605	-0.02121107474450036	-0.0019910103491199913	-0.03376402685978995
-0.02606697043670784	-0.031330712108088465	0.00825358497666993	-0.032982322344097814	0.0018841774711895777
-0.007732722904654949	0.02172115051892251	-0.02266899157003619	0.00509501533505659	0.04250894166969897
-0.006530729600826797	0.02213789903443801	0.02775382880866893	0.064205388214122	0.0009769583336452546
0.00941709874381898	-0.014071720868185804	0.006064756391551513	-0.021079380209453574	0.00611918167759495
0.018112990788997887	0.00754423701031412	0.009286867239458343	0.048180832116566395	0.0055964628166797915
0.037471122007144225	0.013947633138381071	-0.014901928972031254	-0.02126157670227284	0.025168424824623566
0.0012711058584182386	-0.02769696147912945	0.009412999835783	-0.008061762339384269	-0.0019308725207442439
0.007097035643117229	0.03765364283719493	0.012754684000812248	0.0013443258785809761	0.019054601846789636
-0.029065264037739444	-0.007689979406260454	0.01925673989347689	0.023683972984502085	-0.0011869385476386224
0.038793018432849644	-0.008991301227224005	0.0025562086557941515	-0.004127795025612202	-0.04865006586844318
-0.012540665746284744	-0.014716131664631624	-0.008958302989829445	0.004187303735898827	-0.0030398435693756104
0.012372051039672056	-0.009068263707862005	0.015287968275060446	-0.009264769536278037	0.027609436544910396
0.018815555416651926	-0.027911340859374537	0.05767770240181709	0.002738872510632797	-0.014808766314334728
0.0026770570293209463	7.115086016447488e-05	-0.010266223161785121	0.03511759466611404	-0.001815933708687014
-0.03482519967503059	-0.033928838914658324	-0.034243145981516954	0.028711981195068	0.0075238091654405564
0.006325978758166834	-0.018294174421732437	-0.009935510063485293	-0.005137623790274196	0.02126782417597723
-9.422940780719202e-05	0.004254143103437171	0.0057319748067676075	-0.018500424078243725	-0.002013896915200073
-0.005773841074580957	0.01184178751964431	-0.01668627535506925	-0.03919715528878783	0.035370406843857644
0.006266017202975621	-0.0005532341939324713	0.010341446378969433	-0.0114016118066029	-0.009515597253252678
-0.01348691237945962	-0.021411032953796226	0.005687840213312277	0.0356185756349637	-0.03131496213932586
0.024095796369425115	0.04203654451206719	0.001081163895214659	-0.007292170940554029	-0.01422971100588621
0.03676062344179748	0.005964837239494453	0.03852250492662501	-0.013451723605391392	0.002245025988551093
0.029979735027403573	0.026528752946391027	-0.0020555739039848967	0.021812653659949017	-0.007176551882293821
-0.030227293865144608	0.031423556523350674	-0.007925901113232525	0.01488973500326218	0.02499514336315687
0.027186855358195712	0.020023825910718947	-0.005336484819262148	-0.02629581050400815	0.008090139239463022
0.004368410740147424	-0.0031987560484559984	0.017699787958616292	-0.03472078054992789	0.02088999135802517
-0.022678289647515417	0.05309436208974863	0.002749882116672141	-0.011957845768195998	0.025845027773414728
-0.022819503622700722	-0.019042344204276942	0.005419648040693471	0.021318698015957857	-0.024757705074382335
0.002688430790899952	-0.013986063842347157	-0.011711309758315833	0.027730640365520042	-0.009912559985820147
0.02009919650601497	-0.04214277063174301	0.02520413872857758	0.029201513893763735	0.0044676776970098316
0.035127802660511055	0.016113962374646452	0.013413501290337965	-0.031159951696437312	-0.002510845874961195
0.016276768585872407	-0.012212457297917366	0.022204275010854313	0.0009915762135646131	0.03207918720414794
0.00424841062745621	0.003740100322381896	-0.010889533188668372	0.013619753160704719	-0.0029103648916167096
0.025478079552346607	0.013597990374311785	0.005595704494161215	0.002757628636983936	-0.001850867456703307
-0.01318241628250119	-0.004230303345263113	-0.007260074990323277	-0.03028178950546953	-0.017939479785289855
0.008826398174829239	0.027144521130312144	-0.023016232794027848	0.01116791028607229	-0.0011768893883533464
0.010691302561398358	0.012251195409035447	-0.016599540686791744	0.007917161357815318	0.019599591552587406
0.011377981708065917	-0.00966742877010428	0.028738541149600984	-0.004662399999229022	-0.004307392691373669
0.021100343133241127	0.01235523494474117	0.017221577132313523	-0.01766440228825513	-0.003888455123507512
-0.0074850894170806394	0.016982964796649888	0.03185270119430875	-0.010707926088006938	0.011906505477976982
3.470557714699285e-05	0.04061936065443731	-0.03181133443536113	-0.018747006415329382	0.003819362253455915
-0.0013821205641972299	0.0006091510561559276	0.01992055823043401	-0.024453853695049717	0.013273807216444073
-0.011449608954623495	0.013230444070464057	0.031319116433023306	0.043650353473638666	-0.03614911905863959
0.012872634360619865	0.030980604649993675	0.035459404458283175	-0.007989441593159837	-0.00860536615777402
-0.020891517982930787	-0.010719777369553407	-0.020013520112365693	-0.011864289722985609	-0.009080729572397635
0.035139045923108105	0.01952679934166382	-0.055857265834930836	0.023086594876749626	0.01913346688694513
-0.013626380746531223	0.013081219850967739	-0.0016660440349769122	0.002706216343899859	-0.03060829231809724
-0.025035985967784072	0.038236738187118466	0.016469905928172435	0.020914448850209	-0.04817277328410015
-0.023472513444215547	0.014322128889066914	0.02338199224397467	-0.0052480038957193435	0.025444933377048454
0.0050626718269977476	0.012610723012060295	-0.011699146594815645	0.05302452386271364	0.008112371270767561
0.009707003960991261	-0.004116599556248031	0.026149310840621463	0.004777617464020644	0.0062225197840613065
0.014085145499431502	0.02699499585719647	0.020568588589243632	0.01524764624631916	0.008071915214828371
0.005937492076661497	0.020674667472282547	-0.013382487500083404	0.01199076717931815	-0.00351144474137389
-0.00659495478361801	-0.014207546259214209	0.0037789501722676165	0.03314366743908511	0.00139286969124521
-0.03125628722556999	0.0354809934828056	-0.001972736192981746	0.009727577098458715	0.005274978627254791
0.03251493158970324	0.01194467951733425	0.022026808048016128	0.01800583912552619	0.007988407599651717
0.04801394053084677	-0.022404774275310034	0.005178606413426923	0.0012741766085694727	0.02206361018837232
0.0037632092107975886	-0.0361351359030117	-0.002267131780829724	0.022839053563204703	0.022774954524580608
-0.008954094973710665	-0.009558546230346522	0.0118423414978045	-0.01585504498157147	0.017454751223830705
0.03037859608410907	0.008148563706938382	0.035953190804503765	-0.03177218861809976	0.0005910576285795052
-0.0036878710507649935	-0.02203954494143607	0.02565895885726649	0.0015936736390835538	-0.02493587208934748
-0.008132755442543767	-0.05946660871196761	-0.02086953105528215	0.023474224420639768	-0.017124030089936283
-0.028656584586424855	0.00033657615809943794	0.028440547638015724	-0.004915810499955877	0.006587719737564713
-0.007669243710565986	0.015517201759992898	0.0022254157542991094	-0.009854148852556612	0.04006910579301512
0.015675334699490815	0.0334334139730536	0.05698927023719722	0.00011674952778321403	0.014453456711915485
-0.005708089805281785	-0.028167083176709642	0.007199989404266664	0.02434175237433887	0.005283138752015356
0.04093502485140431	0.036520340236195444	-0.031057460954139332	0.04393568085892048	0.004652837076967731
0.005022306278082816	-0.04973756279619859	0.016006382879870135	-0.003436214078533397	0.020647632771342624
0.036702474975387714	-0.03291906474512994	0.0022482061031689864	-0.05645671451555741	-0.02600039812944624
0.003331910205193313	-0.003624732975761375	0.01380521892002945	-0.02793416211002714	-0.014319585240215536
0.04633350359909316	0.01806088518044839	0.034075458765145575	-0.011903758800375672	0.014200314205845332
0.023989686465218023	0.0025245724807012025	0.008035975922938523	-0.012159838810303742	0.022979684565930077
0.0024701985519297873	0.014004840794038246	0.03882690885218633	-0.023339875132666884	-0.012719178040666346
0.034110356656996244	0.0435637068011687	-0.030701981237307326	-0.030727604246734916	0.018033856473110545
-0.012901314656049928	-0.004523795734425474	-0.024110055808237975	0.0012195181718552273	0.008990444105135607
-0.04230923285972744	0.0041776602701819356	0.0028795178688601998	-0.01109979807804993	0.028518032901192408
0.000682817747426465	0.004410421688917858	0.03510192840168953	-0.010718300418323317	0.007196507056719923
0.03506442166292368	-0.015381356888505471	-0.016024486859346466	-0.008173136116365613	0.013046491630863646
-0.0063523796725875005	0.007411156636335354	-0.005030356763753232	0.0011441828889693865	0.005642445338518461
0.0042603630442954775	-0.005064885596396216	0.022597651698413403	0.02605051861872612	0.022909679616438187
0.015161616677574284	-0.012932960024950738	-0.0051384679819303294	-0.012342600097516376	0.00683533977761266
-0.029353212850305968	-0.0017808223225956633	-0.010564990446964937	0.03729717967633752	-0.012748988790227248
-0.0349218096583201	-0.014191814373906214	0.011493670185984482	0.03211532717079995	-0.0064247700355208335
0.009754978137637304	0.014148740613591245	0.015092635910185575	-0.027700031783752785	0.004350390310550822
0.008371806208577887	0.03699218523512509	0.001490565981798548	0.02656618557966659	-0.0035324872891261848
-0.013581655737556767	-0.026461802449344138	-0.01617543436581619	-0.007695808867185878	0.002083418951251941
-0.008226309990374575	0.01660834699497382	0.039156327761430826	-0.01966206583116375	0.0166734022129132
0.02992343967251733	-0.017416490785575996	0.0018872587029095517	0.035161277029421956	0.06410207509702971
-0.02296384893436516	0.017693549237775805	0.006933652454715637	-0.0035010950450737304	0.03068297465060866
0.0016062049875836706	-0.0036970650604183867	0.002401797544166762	-0.016439509292324194	-0.026759067380998817
0.015667213439207253	-0.01553365050222026	-0.014648325916061784	-0.0456747596832837	0.021953945998673053
-0.010184694472758313	-0.0008153692059601758	0.0466575098708651	0.0013621619065681014	0.004423057392389553
0.009335145384942909	-0.010878251758410305	-0.01639614984784582	0.015060668500299	0.043665831244709484
0.011042086786615831	0.005512643549190671	0.036218481106477046	0.021726303853427754	0.007939842558795025
0.04262042944130505	0.007821483432221632	-0.0002870051721849025	-0.034197412050594504	-0.003313952231229082
-0.017833245385693062	-0.00496735618601464	-0.029525443320538684	0.002857401142204891	0.020779875304029884
-0.006408669273765933	0.0012108857541621026	0.0343937354684323	0.059461838251898304	-0.03918978217904615
-0.026122221756839783	0.02910147373331026	0.020787658681949494	0.05889132197709769	-0.00884828275540354
0.013180463571038985	-0.02990915148989682	-0.00034503203477053573	0.006074474263818809	-0.03338759323987514
0.004043052349138071	0.002902206928315682	0.0072099494929022375	-0.021830917961586066	0.014225658630515949
0.04283344104010131	0.028010975832403542	0.009071906825625331	0.04263006289992317	0.03416838131519116
-0.0019076826133947152	-0.0043463949483833406	-0.030456460750626455	-0.04006045250956747	0.007557437035692529
0.01611692235722944	0.0149165105593912	0.03973130340973746	-0.02586634998598767	0.020472863159402256
0.013759240493153531	0.041623174727853984	0.02905351315076666	0.0008066585765174343	0.006502913631300259
-0.018766331156530865	0.007807034926261914	0.013630337328090613	0.01452816129944563	-0.019990919933249807
-0.012225447698971468	-0.016252032004412192	-0.013401170123532553	0.0017868781417923548	0.027990398292875807
-0.01403100954928238	0.031780534195888825	0.009421651783275774	0.027057488636025216	-0.018516522291640275
0.0003025511850911341	0.043257976748058855	-0.0171808116055146	0.012382783332328548	0.035215841630557514
0.0028521561505347173	0.03210337685104926	0.05845818858029264	0.011583844346087608	-0.000924196412517236
0.00998737433167204	0.031026216044739485	0.007709264619211583	0.010365647428658697	0.01521908558747894
0.006104087014205289	0.0018889577182401307	-0.006453323050957759	-0.0171389401799229	-0.01625018812734288
0.0014814809262342337	0.02456326623527162	0.006085708102641065	0.0037739886878699145	0.02183173748720636
0.002936391892311362	0.001476173689397303	0.028087277193593663	0.020098028971048367	0.009322142936537514
0.007969152128480667	-0.01353882824278092	-0.026088389807978153	0.0026312611107891784	-0.013253859442381229
-0.01122548670605002	-0.00042574490271190727	-0.008781879368166061	0.02064668135192531	0.024490245385626774
0.03069958354811941	-0.019410251671707256	-0.01931566724695407	-0.043949273256901754	-0.00229245856408092
-0.018051624162654666	-0.017921780745823235	-0.012291065863252137	-0.035735019500326835	0.031704025692446944
0.02358267127854219	0.015246754368455535	0.015694104033528906	-0.0033497075614834218	-0.028687199240797864
0.007723961189156053	-0.031403799547772435	-0.014905698820561116	-0.012666457984649661	0.00845290420617807
0.018609818189728948	0.013529464056386165	0.01979131694670768	0.030333724792617034	0.025340356228700817
-0.005642575097543279	-0.006977646774229955	-0.032451588227145056	0.011560106134847717	-0.010426262160335705
0.01386430254022786	0.003919933784107712	0.029174837683085264	0.03294274796735156	0.017010424703814652
-0.014470769737183685	0.02145385168674576	-0.029663804631751858	-0.006100141207540507	0.01051433161354385
-0.002667246088164834	0.02755299057481511	0.004447591752744287	-0.000903052053314507	0.019313126891494295
-0.022540560933086796	-0.015303866904019664	0.013274641666914326	0.0015358023401005625	-0.011108760076733466
-0.016364681293573487	0.004794545268268946	-0.010950299794693008	-0.0248436411368276	-0.009259888634904446
-0.0009727605363473689	-0.03817114067909149	0.0022765653832374794	0.03271259961353682	0.01415497954068308
-0.026890344931160225	0.002266922421670397	0.0030160346058619395	0.009149651698201207	0.008509937454969422
0.02728632300583435	0.01763800055639873	-0.006918273156179752	0.027025149914045303	0.020819331641983883
-0.02379609716458743	-0.028938289782868647	0.030455913774244642	0.02481769520748501	0.013191809487377068
0.029782306261353638	-0.01568039909131371	-0.007304823745615672	0.025589086218727474	0.025912693809269405
0.004899071083189208	-0.00304599684458614	0.04714983230269616	-0.012908904641583646	0.011389866069275367
-0.013694560796782402	0.011081804341219477	0.03811579000182412	-0.0034230712811552464	0.01519456241288264
0.03705771969178272	-0.026711947354664485	0.013712442141991152	0.0041133293925932415	-0.0336173669219349
0.0524557774145772	0.013658092456561403	0.04948253711249579	0.017344674947925163	0.021981071043595767
0.0027555423329411674	-0.00457449580195673	-0.012187335430602818	-0.005901072362494842	-0.009010771483374777
0.013842808169383998	0.015092131784111309	-0.048540518910375405	-0.014461932065258646	0.0013758883087746955
0.007447366083884377	-0.039518967444665556	0.011769283908586625	0.005931648392513089	0.0289538115032391
0.02950987991117355	0.0028340583491101435	-0.0040206780778477115	0.021443149717342628	0.003477648997496222
-0.017790572827689588	0.019110096980604115	-0.02452244800529609	-0.0006015195684796618	0.007547290731153891
0.010348741420736409	-0.0010421049203198536	-0.02471734869283366	0.0029816461257314354	-0.02261186982532422
0.006627622000445057	0.017206164334154492	-0.0052564044754216405	0.0042245884177844915	-0.004935218827579663
0.02897671286529732	0.039943720414541084	-0.009298217504220729	-0.004783753520382202	0.025659839641882943
0.015920687545576243	-0.009614391420027379	-0.037221991751562905	0.023908741204111888	0.004833714012129264
-0.009887323458553973	0.016689366566528228	0.001830694228023566	-0.018083949272899656	-0.006478023728588401
0.007920646765727238	0.020635205424464998	0.03446762150146876	-0.010192769325393737	0.005725849241553159
0.01512551131356284	0.01750866147940717	-0.010023298342640541	-0.008813568047295554	-0.006713326003325436
0.01870841470027823	0.004544893640018317	0.03506090040580236	0.018367719277600995	0.008752468330670036
0.024148776623722223	0.01866713215764089	-0.01681572993804878	0.024418283480281463	-0.003795828465594105
0.025275592525015073	0.019363182846192817	-0.012073502700717342	0.008541145710345671	-0.031240367845087477
-0.0064198426750211954	0.015000928749009127	-0.021848590923726707	-0.03344418922031286	-0.023823475419811627
0.041763776064459114	0.0060536863492443565	0.024617229074586248	-0.01752565985667534	0.0342960903304083
0.029896391224599125	-0.014306384985165023	-0.027722225404575432	-0.012490631197456928	-0.005008302440387958
-0.006833986776228441	0.015417086209307335	-0.020414822016902007	-0.028138468314812034	0.004443721008587124
0.024880756315706624	-0.03624016231053368	-0.01834328625137868	0.027222484835916914	0.022751148518625815
0.012040716989941165	-0.014602923183105994	-0.004782107248079323	0.025944296347516528	0.02300980132062044
-0.001969437820098067	0.005985671195377747	0.034958041161646754	-0.01113711092979961	-0.0033621352067038732
0.03678009217976301	-0.014344300703479754	0.009213665019023628	0.0049821520460879235	0.027279553974391683
-0.048594699080655036	0.008118866512269415	0.036984283924010916	-0.024050583504458184	-0.019419283227938247
-0.01475802618302918	0.009723806730570194	0.0077534088282709334	-0.016265401075413254	0.011255597710647674
0.023969099983857673	0.028996300724852823	-0.013975100049890988	0.03698618514691622	-0.03195865603262603
-0.011717343394821098	0.02107303659486322	-0.004173120435464098	0.027972394544119764	0.0024899343978698387
-0.04072147449092752	0.006526639325197307	0.01790909229347975	-0.028202103606333864	0.022300503788847605
0.02551801950085597	0.04465384681011803	0.02006523646787938	0.004570677231696417	0.01203897283171813
0.02775591898621696	0.0117548977383287	0.007354433821791209	0.03263346352102098	0.005051956984309189
0.025984422893296288	0.004575373157988003	-0.004121507093053331	-0.012514385640662186	-0.032294603847445945
0.014704371834778454	0.018081219988981205	0.045043080223942746	-0.02496000767228071	-0.000947256319084825
0.0022215619017085077	-0.011571918132308028	0.0087498974216104	-0.012860002510349348	0.015605550114363178
-0.005566798342637539	-0.015693518723240152	-0.022226732181495797	0.018315880659188676	-0.03142854807019991
0.019715992435527598	0.03412169584663809	0.002063843909482858	-0.0028086867781917423	0.01322704499437159
-0.00844411633619658	0.015526410300813882	-0.05614950123208533	-0.011611489113595283	0.00278448431600191
0.002443909198200915	-0.008224459606975461	0.04103043736144024	0.016625156436630248	-0.01789847377035049
0.034441329179301455	0.006622196232456512	-0.014549139952807735	-0.008294885459951388	0.04276409006927009
-0.027945580433031487	-0.0015222154054647212	-0.01383673633139231	0.04765065084059479	0.02514690626648068
-0.001117552133005465	0.012974198657520947	-0.0006543610186565533	0.012455596758333017	-0.027172377543502525
0.014851308627816754	0.016382718483742436	-0.020707090494973837	0.02757018817980485	0.03074762705239586
-0.0017641644856309863	0.008839632044683115	0.002277497563931994	-0.004756785552818677	0.0034650872812699842
0.0377432299496845	0.0004732005242948623	0.0037798150343319546	0.009105196472348523	-0.005709093927033501
-0.005751735867429306	-0.014297242615849172	-0.004489516824660995	-0.014885471799610658	0.03064944675274322
0.03515681270293692	0.017582215738498216	0.011379837689646842	0.0021119384902792086	0.02960252087746595
0.004916641152109108	0.01853394851002577	0.015700422010774033	0.01780927804841184	0.002207756410976953
-0.05037633868225751	0.021190750556839763	-0.01876990186380348	-0.005623673512691692	-0.01046118914510561
0.011451207241998588	0.035125290127611244	-0.014020366411129524	0.03091950053953138	-0.012886463191589512
-0.007832014165389603	-0.009108614053431805	0.02476408019849539	-0.03413667207352746	-0.0020469874308236937
0.0062000450070819006	-0.04300948038647393	0.013119358724540927	-0.003417385188996395	-0.016394457255469147
-0.02103639251366687	-0.009856717427363304	-0.006122472234091914	-0.02683911174459009	0.023670693798787217
-0.007571956503119027	0.007947790407366474	0.04399872347270671	-0.018209231871682066	0.0030949283293268534
0.007828394923061987	0.0023037662835506956	0.01863920913794678	0.001287830500727168	-0.024907093282285686
0.03485277441775931	0.001727817285282579	0.013695883877546687	-0.01816995371209919	-0.017360263707143147
-0.0025117937168339594	-0.0054772381583075	0.043756336989826505	0.029460042090061214	0.03351411024834345
-0.007258901846192571	0.0010286130459206972	-0.014369485535746376	0.01723749093747007	0.011987478794590988
0.009909670376650012	-0.04000641450955497	-0.0021500278957575754	0.0016987789854501548	0.020043726965137225
0.0026646651705302168	-0.02362691352358743	0.016395335610847647	0.016855159034714302	-0.004802020843779557
0.025178428138323473	0.011501322635621975	-0.0004684471546047668	0.014523740379860104	0.0038208678940596357
0.01052962645085279	0.03868707120351073	0.008330878412083057	-0.013124834480880747	-0.025972549818796403
-0.011445898533038956	0.02112608351820288	0.02366288607644338	0.024771827509539122	-0.03232336444592819
-0.01986178875638589	-0.012992267374798475	-0.029807944697081354	0.028987921219225055	-0.008961432480418377
-0.009733581390534086	0.019815466854510595	0.009961933434092045	0.042709449645818846	0.04546508971356747
0.007839538011784174