UV/VIS SPECTRUM FOR UNLOGGED COMPOUND
INITIAL_VALUE = 350 (nm)
FINAL_VALUE = 800 (nm)
INCREMENT = 0.1 (nm)
0.3584347722261234	0.3626308752916751	0.33011685170328925	0.31267429516666584	0.3130380587871425
0.3225136646765482	0.3761562659721415	0.3548687964372136	0.34210277283022555	0.38670775499686927
0.4381467186829372	0.3981067921511403	0.3710277044390039	0.37660519372618934	0.3593018007669597
0.38915715448074445	0.4238870397894636	0.4072395879868029	0.3845531545893324	0.4300038937576763
0.38970401395922716	0.4333258106094325	0.42940447348551536	0.41471122900891316	0.4572611619925855
0.5021924020216728	0.42833872946336066	0.4501417154692743	0.4396618445748059	0.431849400154267
0.43477813622757394	0.4789260209933797	0.46064009516668625	0.5085498569323177	0.4769374884880702
0.47147947281162733	0.49104449775344483	0.5005666083294975	0.5399291657831243	0.528599194074308
0.5152417567435376	0.5157390477077034	0.5499971242939811	0.5794524022840148	0.513729792169521
0.5318503764343151	0.606762396719934	0.5922908300450187	0.5623692796089891	0.5827768036347926
0.5848013162772585	0.5644322372233298	0.6081926377365882	0.586939662355979	0.6174136725758009
0.6160717658369461	0.6095831975877183	0.6399562826759303	0.6572559867763266	0.6483702609699831
0.6954753306866417	0.6762174208018147	0.6655775623734045	0.6650484711068223	0.6974431137901408
0.7002883499045257	0.7047868649554786	0.69553655711989	0.7268844610889647	0.7837207047924661
0.7293465211757302	0.7617854015090849	0.7561185144014781	0.7858093300551422	0.7630259825986537
0.788149551437396	0.8084844866363754	0.8084979977804985	0.8200398356302933	0.8396115022682715
0.8587855505862797	0.8410044557961147	0.8909664969365523	0.8462737238943957	0.9514471954918502
0.8920274986347703	0.9423591607723468	0.8752058035076039	0.9267003241348701	0.9776281649013421
0.942542183807918	0.9420979606797907	0.9927376967426775	0.9681645534595268	0.9944982681155045
1.0515193033881873	1.0302151420300727	0.999743126149114	1.096154007095707	1.1148315250886238
1.0805721723216641	1.1156925620406595	1.1271415118595958	1.1332780847668658	1.1832764823663207
1.1870372623163001	1.1768418472818294	1.195023705269846	1.2256603367480663	1.1897254892043263
1.2340734793166863	1.255352916749929	1.2889921404785305	1.277430268506712	1.3290121680349123
1.309714257508619	1.3606784081471688	1.3185477360502458	1.3814438210244053	1.4066685021228056
1.394987929722241	1.4393387906323751	1.4114460975457783	1.4390022737145147	1.4730635921317732
1.4829467927248565	1.509932463299676	1.5259435975778384	1.497814438053902	1.5291964469784118
1.5462252899282265	1.5580332556857985	1.5853422286068357	1.6282613206668428	1.6461205477483885
1.6149456239008346	1.6857794933075825	1.6861718173685185	1.7083979542283199	1.7363361573292495
1.6956396034846084	1.7669682155218365	1.7112823367701164	1.7914255887304553	1.8103190851178355
1.7634460225982929	1.814545784283875	1.7852468623040916	1.8307800179114782	1.839463341597032
1.8460212145548562	1.8255146690776771	1.8479717968713854	1.8901728235011848	1.8643964394024362
1.8570690773205434	1.9238905692000703	1.8714406798187477	1.8847710047453659	1.8883166601620762
1.8957719289184531	1.8964901237517495	1.9480780842084147	1.907656105894035	1.9294745037283547
1.9309029925746093	1.9277634401123014	1.927580575197311	1.8884468515112836	1.9196113536787438
1.9064256744224901	1.893061111351192	1.9242077136682112	1.8922960531159563	1.8932407891504275
1.8845551390851476	1.9208109086725904	1.9081938790329789	1.8600110300231119	1.874158078353236
1.8398929355910574	1.8881491588297474	1.807277852838452	1.834229156537747	1.827506178974852
1.8184830753871275	1.7964157913109526	1.7514690412507803	1.7631088916347044	1.7716857245458497
1.7644200088079143	1.7246685828910997	1.7415749981224227	1.7040126707943892	1.7126122950585247
1.6980648528962334	1.6658036757984922	1.6691462209748342	1.6563614751203108	1.6148247661791046
1.636371163559532	1.5894785395153002	1.5495067698769904	1.6126008705383819	1.5265575711338284
1.5130531252021149	1.5216005841692504	1.4783101263394183	1.5122492142889759	1.4452618365883985
1.4735509788981511	1.4279665073429275	1.3930973488810132	1.3931536356109455	1.393661167170698
1.4112049073103026	1.3583003887420853	1.3269770410936588	1.2822609822750823	1.3020240701409251
1.259834579453739	1.3120885002977118	1.254146626901938	1.2311489509888234	1.2108675508511673
1.2146604414348352	1.1932206405276782	1.184647053745307	1.143441648413362	1.1396226979555082
1.1041894969447665	1.12499764643645	1.1050222684872837	1.0547330810031688	1.1043773299698694
1.011514006091292	1.0881942015627148	1.0423227169299936	1.027693436767491	1.0181925499822058
0.9848378759970077	1.0069556710568603	0.9560203751653942	0.9372801528861836	0.9395828258223652
0.9362151410252243	0.9188549343223692	0.8864192502524136	0.9180124432853538	0.852978154063452
0.876408972819223	0.8784685002931895	0.8882829609472204	0.8446381994671863	0.8063469688410262
0.797882894388507	0.797461577190425	0.8235909792934933	0.7878627858179911	0.7760080914163648
0.7930248063488988	0.7479707867813076	0.7439297557068065	0.7150578439604652	0.7131790075867773
0.7102853854523848	0.6945856933999454	0.6580239362473423	0.6855789099868729	0.6807050446050025
0.6743720761847675	0.6640090766924331	0.699242233338674	0.6744564359206893	0.6358856139759934
0.6104522924706213	0.6239828864359772	0.6196708157831974	0.6448846069868004	0.6266944615455763
0.5990990567475731	0.5594123523858207	0.5857513230953324	0.534540213146787	0.5706572868028172
0.5772879866110299	0.5636816316818831	0.5729871484193849	0.5286309553393201	0.5578861351966516
0.5204417405854564	0.49273941510688424	0.5056889942579846	0.5156266855010229	0.5164626559297378
0.49620908474036834	0.48377217661391636	0.49278007532504503	0.48574249082033033	0.5091757451269675
0.46861007435668867	0.49499271698333774	0.4678603029382783	0.4839332064808275	0.4880096962033837
0.42682017668565103	0.4244684586847837	0.4110509007926369	0.4512185778837116	0.41756397615374297
0.46363037234518245	0.4629340553145206	0.4128138070249206	0.4381172916985642	0.40091593480695237
0.41129921296101163	0.4099970562306353	0.4187897189083831	0.3728701845845648	0.37925928256736097
0.3416300031181372	0.43529082066510794	0.38321773765810496	0.38704854997866905	0.406677531763826
0.41730215581809466	0.3639865132550868	0.35564318839707515	0.3725468500554485	0.36009658510944936
0.3504905402357636	0.3558906855131442	0.3237874523913413	0.36092356892223915	0.33574078804973245
0.3045209668518138	0.3435655154439778	0.30365310913851346	0.31778188976085175	0.2976692840319857
0.3159015506577828	0.3212206287678156	0.3293639701246472	0.29521539102544503	0.3298635027954834
0.29879705119359384	0.3351569612816332	0.32159744614668967	0.23433252271056043	0.2907396884775597
0.2953735923864002	0.28334176660324767	0.27699838143469036	0.2925352161255586	0.29053060048216267
0.3168978120455266	0.2756280249021996	0.2731792169554524	0.2530780714899133	0.32943216702953715
0.26261911243084607	0.2818074076873623	0.25608730311994876	0.2543739079048318	0.2433356238671541
0.22860279664064645	0.22379291838283985	0.23143751315655933	0.30672027522439005	0.242577494145918
0.23097274770903492	0.20831997034729907	0.23730561824891994	0.2556759290197753	0.22011959262927946
0.21350941206449703	0.24537519955901949	0.20210981759121197	0.21974343691065654	0.20305632225637135
0.23772373047017917	0.19387823512923255	0.20247814560272637	0.22244848594644928	0.23931365923225573
0.21423288635742813	0.22824220990354152	0.28983505011650007	0.20876940649541548	0.20645306923839568
0.19955191190057725	0.21945900119368586	0.20086855509016932	0.24392055947216826	0.21730935846410326
0.14633537661559506	0.21350442719309867	0.1957250018186817	0.20607579669272236	0.21675684222057756
0.1976165126701845	0.20446782857260962	0.17230194057248757	0.18382983445644174	0.17791466905016545
0.19219388757466435	0.17876209763690235	0.25441009039696527	0.16925135387350465	0.19820817367518268
0.19401145171967416	0.15912666286867067	0.20287465169497337	0.21783390020926402	0.16983525750522777
0.18614259219764906	0.1226648826989232	0.16468763285084823	0.20318750668170474	0.19858731646302152
0.16948151741180917	0.1692307562512865	0.12377353804179816	0.19951731042236423	0.1319773035080914
0.1463543254244358	0.16918169560850013	0.10699528682183936	0.18605827275319545	0.14751410252635047
0.16824045396370652	0.19223522330876106	0.17033049912683051	0.15419338752498193	0.1703503394354997
0.16323162810549557	0.12807194296323088	0.12688867795392483	0.12432958729327782	0.20342823420996797
0.14190716054602928	0.17544732701905003	0.19352944606493924	0.13826904148045283	0.13219553854543503
0.1447190466024916	0.16110029689697555	0.1412877835537122	0.13302199290859504	0.13650348183716077
0.16191402491324616	0.11198595476174183	0.0878666980289399	0.1084615736191339	0.12642863939295926
0.11267836701128474	0.13781443882097363	0.1576570559002845	0.1320030037603753	0.1879448088608565
0.15238729494668882	0.13728404992406232	0.15499254805861637	0.16116564624938307	0.15650891483453178
0.15666287753903416	0.14830382506437917	0.12046160903404111	0.09114430122900273	0.0805940076379582
0.12907133137236124	0.10759738693068567	0.12429620442202062	0.09228162872689846	0.1500744594133335
0.1117519997343664	0.14134106146217973	0.14553189842994455	0.11166533749876371	0.13014922995592215
0.08187259172671121	0.1505748324165014	0.11578691291377266	0.1191978342697751	0.09711808104079876
0.10738569973838255	0.12934186670684544	0.10932510104337681	0.13592894706345565	0.13483180113034127
0.1261149042272103	0.15388269715948438	0.13206509091663374	0.1168704576792505	0.11765117818154046
0.09878676309627157	0.0855667099828673	0.09919297586462845	0.11142237096512785	0.09651635146232788
0.10246420856121753	0.0968470593129374	0.09780016746092346	0.14353724321410194	0.07904479079047604
0.08950217229477647	0.11790823315413901	0.0674559171011218	0.0999049702965143	0.08577206171382488
0.14829984420698916	0.12940825488132598	0.12551150010507908	0.07498167890429959	0.08572862082020569
0.1378816735298718	0.13149270111688804	0.10797728789681245	0.07270868274392882	0.07776875187830769
0.127425493559872	0.09858799348066376	0.1010080024114889	0.08508064043383669	0.08990887422717259
0.15562791119091104	0.07322536688546438	0.10893646654591375	0.08045802876179128	0.07374084333071032
0.11326660627714338	0.07594774122942419	0.07265509929129944	0.06292889708451359	0.1044097085693228
0.09848595915458937	0.0666770820788399	0.06502085383100684	0.10646390969033726	0.07227955060687888
0.10534494681485819	0.08413814994919565	0.09185176374848265	0.040809940328458465	0.12637330533660143
0.1191580566955969	0.10068099417921257	0.04382649262816702	0.07657269273787483	0.047104452501652405
0.10669414056360224	0.08000962487435834	0.0677387648281978	0.06466927090830465	0.05810822069049699
0.1025272061156882	0.0922762583715614	0.0436645447939738	0.08612203103665995	0.0831080019301828
0.06417833243354165	0.053103374049643874	0.09003840229119747	0.08181017480710151	0.13378214988915488
0.07378507902196305	0.11391534749713839	0.0890907290434351	0.13569632549692906	0.06679594998676687
0.11121667162627431	0.047004460551149936	0.09097227405374932	0.06941119421969008	0.10015794575801976
0.10122910848837284	0.11136999398401691	0.08326056444010241	0.05384720826405716	0.03352774421431254
0.09940848300812198	0.10176756424560345	0.05381102591841734	0.08270589476465469	0.06192706558726694
0.07226539941281258	0.07252948623764845	0.08253434569129645	0.07777727472652943	0.07253657581632315
0.09244671385104329	0.10601433936274549	0.07257858647805612	0.06109844554359768	0.08615800046321986
0.05824330836053042	0.0797963148798942	0.06178779493607042	0.06887667893805104	0.05413901436985583
0.10061302899255099	0.07461898672511397	0.0704647887992279	0.11381579153424123	0.0745592334418501
0.03162298115380499	0.09918108631389273	0.05449653591908622	0.0774972901614784	0.07138382903779303
0.050197692266002	0.07871617580299226	0.055863574604497215	0.06116961014898588	0.027509940588596106
0.08296279870516027	0.06587001276827105	0.1073432358793891	0.07388667778989787	0.03240392096519828
0.06837365480815098	0.03489526809529844	0.06336051953120281	0.028742037787606492	0.04083302064394568
0.07848196263265104	0.060638890575113846	0.09522701660827464	0.0635041188245192	0.04713065781884651
0.05043055572661932	0.07936900682411746	0.08398569273226572	0.08240832098965012	0.05080480905888515
0.025070695728054183	0.07003194235714566	0.037515702106992774	0.09897877677747771	0.06611520366123184
0.04238694949558004	0.09125936134114725	0.02572492318632437	0.07361976776556708	0.08315128534307946
0.04484055749003944	0.02495611578288267	0.005467955627881024	0.08484465699764761	0.05447502821714198
0.061351151638062894	0.041377216589737274	0.04464839902232567	0.08924725695474355	0.07779882358884825
0.06228515811838986	0.08531186695398713	0.04094458946639601	0.03698729709956639	0.052445797898575515
0.039068651461587896	0.02138007356901549	0.04318624321357723	0.07277257640078512	0.027116695242479692
0.043271764145792625	0.05048034334938542	0.03622381900894557	0.08923655162397269	0.058102808953900895
0.05816011658518614	0.055139397834300434	0.05326665290880063	0.017952160532979267	0.0733832714222623
0.07400085294576732	0.07371228861177101	0.0633718378186287	0.1167200921186647	0.03306697490114694
0.041093591473609616	0.05352063386598022	0.06171686870130195	0.08154685406468654	0.020114665098092843
0.06841612693478376	0.09343785232271765	0.05258760514040686	0.04292199917280185	0.05120765241264897
0.09116274549973086	0.05042665256217521	0.04798104894182481	0.08896661868458695	0.039639928184532214
0.056590979094900885	0.03222691874363566	0.05492432292270954	0.026509008401743757	0.022454487421096566
0.062000786912701056	0.023876127221823282	0.05556549893241179	0.06674037387946388	0.06268123598111836
0.08693569089933519	0.05586578199554335	0.0893435241880475	0.048970929041024604	0.04910174507479793
0.04761958050398473	0.07017294671382995	0.06205868946069637	0.025389677836466725	0.07503740102392634
0.039975070036699235	0.09703713763219206	0.05358731671659722	0.031430504290354	0.06514372945662059
0.049266442740950066	0.07394090997399971	0.09249764863005655	0.08727974779863173	0.051336984147167176
0.05902325275481013	0.05515155070722151	0.05594246761228497	0.10485695666340974	0.03034364956483916
0.040445828688309926	0.06386429407772276	0.06371124942064003	0.04740509009591299	0.07960839044322543
0.11863993081928162	0.03673121232742892	0.019024137760727308	0.054711684632443816	0.06472292665711525
0.034572807354647746	0.053562759741236865	0.02401007599090919	0.028997785947614464	0.05176157697576778
0.06576384520452634	0.025114386969701724	0.07191676775265396	0.06974967984799552	0.0768819507857413
0.04449496954706721	0.06733314888642115	0.04114287466386786	0.024645094319880847	0.0879365711653599
0.04144436944499352	0.05966015071079661	0.048874178385675836	0.050519677442967974	0.0744690447010381
0.06827854609118558	0.043189767960677264	0.05476939226222707	0.02890404066777382	0.053629958582333964
0.045674727752266324	0.03848183825420735	0.010915700356581634	0.08730780902366073	0.023824612233957307
0.05757806207884888	0.07811079729632568	0.03901394588023358	0.0625868237717727	0.04819374413647545
0.08962441706073598	-0.006647344786036563	0.04884703319660097	0.02077051579614976	0.023399366240344426
0.028634313402961735	0.039434993267818255	0.023199398795049966	-0.0002669952706804864	0.06503510623519605
0.063948172608684	0.05099506048391914	0.06081626145076901	0.048180131311517105	0.04723110105402004
0.009019648648399162	0.04963352841725469	0.03758221513680263	0.08251230263453975	0.021843509483005584
0.03960864861432809	0.07596817558034141	0.05148378339429795	0.06336402066694442	0.04610051959394888
0.041670819023058775	0.03181976331782521	0.06000472130078639	0.023633731337201203	0.02985325995774887
0.07818002455158701	0.04950730846293867	0.021042360627151233	0.04258365776521416	0.05664588585605846
0.05133838630727919	0.086888497639806	-0.003153744254857686	0.037368280507069335	0.02917831782871013
0.08174411849527612	0.047232811583543276	0.038057642749408926	0.04838763742613459	0.03122645703729341
0.0033839524150304136	0.05938540107323509	0.022143929531156185	0.020426314448490936	0.0698103107005224
0.027951666700615285	0.029916168744153593	0.05380483141606603	0.05665705297078121	0.05285385281061341
0.04052547268588369	0.035619307666326504	0.01648627367079035	0.029492173888442018	0.06432611151977813
0.019953264529547297	0.0602226015212111	0.05958718610252021	0.06486710043659848	0.030145908019689315
0.021138275538920833	0.06233819799767763	0.04462730933067857	0.07783188924334228	0.05763065325577041
0.02479675986839612	0.07329145061628141	0.0731385290247941	0.010771867842429513	0.05411655124718027
0.0541119354619016	0.03756018505427792	0.03435217047846831	0.005654698547698032	0.03448415751109633
0.055355931519458466	0.05053285775386111	0.026994763245366142	0.035173482840515705	0.007181210440373885
0.029972368317904032	0.042133689013499946	0.015357997714222757	0.07110791131336756	0.04247188931556907
0.0572781070440847	0.06200936436421626	0.03294393430435478	0.02739609722463126	0.02593197116851071
0.03671973888874818	0.0019002374534181857	0.055527771702220965	0.024474638303160004	0.03629402311619256
0.041767023650558094	0.02924154160466401	0.023000824672337133	0.01741078837738012	0.053433236985939034
0.04649867962576531	0.011981386611488669	0.00581355653283703	0.05262998458000208	0.005351451798231449
0.07220159242034199	0.031476595895471804	0.08822474984161933	0.041181087041071145	0.04425976744992282
0.02996235905315108	0.04449312650419655	0.057132731087711316	0.05570765815163306	0.08547571490191938
0.06806699345607939	0.03840433507460602	0.03732024126382063	0.05966654607082272	0.022178035032795647
0.03812465949104029	0.05543372526588809	0.0632538043306437	0.05060860944419078	0.009058274011885017
0.049265380481081644	0.042303743291153835	0.01617005288212424	0.045113511663525924	0.05810790961831661
0.00464489190627906	0.03106358187797493	0.02711129391586899	0.0337906360438488	0.0626032440347625
0.05686295192459845	0.05247694220298114	0.030947592533614458	0.07740464389076748	0.06163164266790577
0.05518708222742469	0.054680131077727255	0.0497910782907327	0.053666877604079725	0.07577072518814926
0.06595854061488263	0.04781564627348984	0.09546744454865208	0.049286002916589716	0.06371391689300675
0.06954021174185869	0.03832282195400249	0.045793802827348254	0.06222864695519026	0.04520108127162361
0.034367620437300385	0.05662809498289909	0.04134638838623989	0.030752139713011516	0.025535853395688462
0.06325722194891627	0.041723112424105056	0.031241723295191905	0.03963973306093948	0.07957677340434499
0.06454101381936525	0.05525023892791178	0.05270949837072111	-0.006096255599170286	0.03982861927198146
0.0447108403268992	0.034444878779405975	0.04064279162112686	0.01096431045579115	0.004139280795909492
-0.014345134322607749	0.04481746067922827	0.024525601136856107	0.011937636511575696	0.03609710861473342
0.015076761015998742	0.03862297407325211	0.017735152626890755	0.0522653873624683	0.02406858502642763
0.03740176558400973	0.030938529759886833	0.06170460574910773	0.021720609144665243	0.06323831809989724
0.03782020757858049	0.017059103435859813	0.03795881608807854	0.015186694273779253	0.04163075647084847
0.016853299657198707	0.009632192736820637	0.024212610584505943	0.06524572109088596	0.04704841475397199
0.06993896903297332	0.03876254194205079	0.03425284015794744	0.0390830541885349	0.055381343193546886
0.053935203620306904	0.031458458687631315	0.038544791070275704	0.046352626212642134	0.05942603692239633
0.05190420209640109	0.038996105453164134	0.0181839420342771	0.06256381916714854	0.030495798673036388
0.05946926203361442	0.06736051438676464	0.03902642104205502	0.019353207112881476	0.048603065119353986
0.0701063518922077	0.03773103084701615	0.0687195010775718	0.039341321009891295	0.012883093481411641
0.0806118846044561	0.05003307168522743	0.09126289034667914	0.0044101220197227675	0.019757859791261496
0.0037544538240226813	0.027312061395453266	0.03665894483892274	0.03545507001307006	0.034922859123693396
0.07495165013932281	0.058419216864571556	0.04086062660785601	0.05091105096299711	0.008826280243949628
0.0919421028670426	0.03168045595686076	0.06659969362434136	0.01658262127235506	0.04584940374008809
0.02887974208320378	0.03539105291619166	0.02920703851074976	0.034816006175845945	0.06759713601256889
0.09488269922178978	0.02890680835988601	0.07223220038554123	0.07316884138266379	0.026830762716351403
0.05609361297789727	0.04490360923566975	0.05418666367657747	0.014824918752848377	0.053692499359468446
0.04570508587111793	0.045538468141834036	0.03851916980824371	0.023926331040637815	-0.002203986097324941
0.06909773746538156	0.07290631309846965	0.040978136372930365	0.014533015676371469	0.020370261219626883
0.03447298109747437	0.043999041929956	0.03790160542035013	0.07116946140147343	0.009607000563150107
0.049423171827542835	0.055191398828264446	0.029288850647086563	0.05133199782091116	0.03287304580355664
-0.004178865603326476	0.019663364986734298	0.05863276931996644	0.060545089820244216	0.02212334521577307
0.046174757946129436	0.053498611469202983	0.030235263159707277	0.021387374955550684	0.06065797874524504
0.0956524659254304	0.03971282385810278	0.03390437439588923	0.03451236789277564	0.04964114819918109
0.07026998521228608	0.0562524592190487	0.043390231435281736	0.047861309471487076	0.016419507597959977
0.047244227825538124	0.050275719020805215	0.044568548679661917	0.03830693535595545	0.040387218699754965
0.02145445537827755	0.022419383860187294	0.0801137412377681	0.03258407082899728	0.014814861197765775
0.07768829057739018	0.0524165281966555	-0.010297558730586114	0.06220492799426342	0.03554956155158959
0.015167783072253013	0.04640998513782472	0.04005145680500816	0.03623950843449002	0.02943584145576586
0.05924407556919359	0.09306600092064846	0.05438207078806831	0.05339376995104806	0.08451798556015676
0.062455880500079414	0.04616280876973971	0.07042088834991862	0.008959578045876066	0.04169408190773119
0.05456712630255635	0.07537753682481785	0.06314494850753416	0.05323966220132238	0.07343560539556086
0.043867516690783794	0.03449921749887247	0.04769878989384041	0.06810821329737182	0.08621856043272942
0.07706143305020162	0.007542821804989521	0.04610773812339764	0.0598703543273495	0.07369243637505066
0.04914067663244073	0.045150724578488906	0.06273241050345905	0.07236075581575174	0.086306466215225
0.02095418938509615	0.02561203707671718	0.053951856774068954	0.05780455996417761	0.030259179404467366
0.053777516335830604	0.08078349507311446	0.053086239852968925	0.02266777783647982	0.024831204626406395
0.044941192565286704	0.03202892975743519	0.038796048123686595	0.05499036642157251	0.04497452320343029
0.0398841340339613	0.014396110647844537	0.021783486314171263	0.04540296224458194	0.03098400227947552
0.03558057628194891	0.06361643890813135	-0.015683567386998727	0.04232947627962882	0.032054737529748016
0.0658435327679763	0.033567607855134886	0.06385635252956763	0.05147421884201168	0.06614465301782077
0.05792425609860503	0.0511336830628028	0.04987858181237972	0.07085985562906967	0.06383643615862408
0.030650771132932374	0.060184370406454864	0.027366588422941904	0.07449476461982753	0.07229307921054384
0.06075248239543063	0.09865609544448131	0.07053769887878712	0.03223538930612827	0.01337128530108913
0.018086281069504058	0.08147483282213101	0.039479091064574166	0.054451895149934065	0.04318875415772453
0.038616917893417306	0.056222747880190355	0.0929050055154583	0.033513939080098525	0.06651002933254231
0.05494558707791222	0.04180949564437918	0.06810974541915843	0.06590216199004627	0.05015350528356844
0.06884097277292353	0.11470702076433373	0.08509633851289529	0.06229149502351454	0.031822627424490615
0.04165625460744987	0.03689022992119715	0.051149565312135936	0.07341356269408977	0.07091196444162373
0.026943250632350063	0.06815637751472874	0.02594752322647258	0.04552532967776772	0.0424857692732877
0.06089958868447572	0.04341252038560653	0.10452249716532976	0.09975396906170378	0.056197933588646554
0.04581800118925226	0.0600636606008682	0.04251004223066299	0.0684179599345381	0.08637814168112404
0.03166309012030683	0.03410196055806062	0.0915835313202035	0.04699495736529317	0.0679699061851427
0.07441161248616118	0.07280218977223887	0.048735874705552386	0.06508562313004466	0.07145653473785385
0.05380614533503345	0.09406299772047837	0.06951671884062438	0.04178108505395891	0.043212973964939276
0.08133332532406978	0.008527709229336211	0.041421404516575416	0.061427469192020065	0.08413458500141102
0.10491236923023119	0.045893345863251986	0.03115093710694913	0.036554544584500324	0.06343935599499481
0.09728657346389902	0.09149297807775922	0.08550302272150863	0.06618479121596672	0.06833984484013605
0.08478992391267977	0.10377079258588671	0.05032423599642379	0.07939076097042291	0.060955306305498023
0.08138125124281535	0.09269111666926313	0.0959780809011292	0.09729994415775275	0.10294595837327818
0.09442087313090071	0.06453363166413958	0.09418325354545712	0.108586622057792	0.03669618603704421
0.10808815851849349	0.09534370197940556	0.08977119817182108	0.06160296148398931	0.08302794976952094
0.08245603535991773	0.09655490073512324	0.10924977351905159	0.07159855979948691	0.05660341283732896
0.06315921994377519	0.0705137230452211	0.08174980899185237	0.0476176956659994	0.07372948209068667
0.10608426102111113	0.07717661724464904	0.1161896772250002	0.09565439091580309	0.06750937179954986
0.02238659386328802	0.06155014101095909	0.06090411000203683	0.08083904604989081	0.08869157628697365
0.1526033634475088	0.10849261427933021	0.0863526940662994	0.06472081920589125	0.07057475073603575
0.062380673628162624	0.10688981100108984	0.05217592710775306	0.07300152696428386	0.0703810415194871
0.08119252883257114	0.08597946479191865	0.07452099084434001	0.13794993629903013	0.05444140238450732
0.13906951388607267	0.10898734972568393	0.04601706885585567	0.07819894195733947	0.09806856649946129
0.07597547437316031	0.08301398465904511	0.08155781577060608	0.055201501850965985	0.08604107756665956
0.09850004273880503	0.09926589584868745	0.11292785778154839	0.061001227707091085	0.1473828542303823
0.04595996430164894	0.08504823380814204	0.07479106411608916	0.05575731687569662	0.0980598509842986
0.1205179229684423	0.10594628720162982	0.08006245880491021	0.0862061540424687	0.11563161306954671
0.09849533495679784	0.11221153477827642	0.09144443187411774	0.08480913341857438	0.12107820509625129
0.06743495344641137	0.12450546856558677	0.10216229383711704	0.12082406104320319	0.08106733153534504
0.11890543378094945	0.12132368651146798	0.10981103161817626	0.09922655822674714	0.04643972836714522
0.08107723586352367	0.1112520459820299	0.10683297889793351	0.11088853661470255	0.10792089218354463
0.09969279011499779	0.11788210061071946	0.09594636137899876	0.09640804923749947	0.07498257569569709
0.0871451207999036	0.07242061928406973	0.10043322858606779	0.09505272119740918	0.1119321578585761
0.08825071091032344	0.10438570916002533	0.15501623441623866	0.11713567194003173	0.13401449612958222
0.11109116235088867	0.12116110065835761	0.12950160198728622	0.15756363345578178	0.145218065000555
0.09959055953544989	0.09213595578875633	0.13379212302816093	0.09322656352127652	0.08021141681943676
0.10743562838327823	0.12296070195075721	0.18547862680414645	0.1224851873270806	0.12882903645594027
0.14672151587047585	0.1447428537012692	0.14753107950353297	0.115637789312493	0.13649428891166593
0.0842293683832896	0.13093832298014219	0.13900315548386463	0.12347990650018842	0.10332951502956507
0.1291491185887426	0.1496260303211683	0.1632737322875456	0.16241188156852882	0.10926833456712282
0.15302580818866202	0.09311088166614087	0.13339253913824278	0.1569140262059832	0.10897650747623963
0.15658931569100362	0.17369539846916707	0.12692904298386573	0.15662080316568586	0.12632426960025447
0.13310628812605071	0.18238598966911676	0.12778915471941107	0.13004182181700888	0.14390560214410067
0.12278582855403403	0.13476214807264777	0.14128882263830192	0.17176757281505747	0.17962183478812635
0.12253777842606446	0.16356784808623825	0.13951448607944905	0.14932705389028259	0.1713175851441031
0.16449288804030773	0.14426023426583762	0.19794905506830385	0.1337840870035952	0.1675820330950104
0.16236879061583562	0.17300619828345587	0.15615816927032433	0.1782012793761134	0.16742089814002267
0.18196421260032347	0.14276298723717254	0.19822836516811698	0.1768678685600225	0.17342675167062177
0.20783512846185728	0.18119586826723375	0.1389511433048093	0.16559587545406085	0.13854815452014352
0.17357415011691152	0.15954706184640036	0.19154410512453945	0.1656964178808961	0.20300739374803942
0.185577218669764	0.1695014251657549	0.21359155411867053	0.19823087153233648	0.19657055133492424
0.1573437133088458	0.2136489899839192	0.20635596207226523	0.1807628402534868	0.19090899031756411
0.20021791228582342	0.21102956185032806	0.19712172265895286	0.17667998882527106	0.20866478167049343
0.22421962102618687	0.21449325220196722	0.20012039113935887	0.19075896301759168	0.20902194512215383
0.23603640898452719	0.22718790981722986	0.18853453392973113	0.21127839657363992	0.23468173599282036
0.2528514966398534	0.2199173894474358	0.21466521636253835	0.24346603781479317	0.24994500160887323
0.23860432769121753	0.20579889575906904	0.23075862550702725	0.2586144065536607	0.21111561725553493
0.2466068909608686	0.24311154928849943	0.2341666378510385	0.2432188058717032	0.20445027394064363
0.2626355160472694	0.24456897220285823	0.27108642736347	0.25257968777272777	0.24268302811764944
0.26585627736443135	0.2748525795622256	0.29743887694237225	0.2979809157509956	0.2506498839235608
0.2752645738602794	0.25797125499503276	0.2632725285299223	0.2779722130847757	0.2634487726067615
0.2881864224052351	0.22580797569145528	0.2539386530174429	0.28854929730462453	0.2788475019966168
0.28342779649096306	0.3172062384194428	0.31480557450969726	0.3164453570113326	0.2999112907094322
0.28838637525031935	0.32173424357677605	0.33319565782213967	0.2908657327820724	0.3198204719576684
0.3162527119646437	0.3209692227937688	0.3332837268780915	0.3035182315840961	0.3736640917651763
0.35636168021519393	0.33004629956394366	0.3680316797683962	0.35479414751823374	0.31394537974180253
0.3968357542283762	0.3601907973740488	0.3668965848672265	0.387172075874033	0.399265373948666
0.37568600790758744	0.3599476754646357	0.39419760563406586	0.39328742235298997	0.37147637313470644
0.3917442961458661	0.37510239429504105	0.39456465621441306	0.4064588192675138	0.38884257921785215
0.4228603898313905	0.4210177568032282	0.3946095856878336	0.4346291991906986	0.4071250916518954
0.42228778375989806	0.4275791107477731	0.47035798199554923	0.44080994767160553	0.4495882899653541
0.45200093034427963	0.44019560332756835	0.4821572516491973	0.46512571285095744	0.4541304999995796
0.4670432297909042	0.45401886464795665	0.4884782865267485	0.5332001428265953	0.520857420096315
0.4975402111419822	0.5073160637549405	0.545837384150503	0.5102026158815545	0.5207443834628765
0.5464616591353757	0.5314817351377322	0.5258932286819157	0.5490999954050234	0.5506955777906878
0.5731173489005847	0.5984274400508023	0.603110152769878	0.5530832673427009	0.5870840933987852
0.6367741041118204	0.6060097994450636	0.6037133066899802	0.6381227330061809	0.6177292365765542
0.6573367536238477	0.62335210840626	0.6904924450249333	0.602971014176936	0.6276373376362446
0.6473950291102812	0.6973790460875063	0.7021647933874433	0.669927462397585	0.7241463850097155
0.6966075549632139	0.7369279201114207	0.7152335318539084	0.7319165550921342	0.7670082104712834
0.7683760518043452	0.7909044150358099	0.7628316016396949	0.7902898443902309	0.8179784563757055
0.8437917185773095	0.7840705056951828	0.8456594806392883	0.8108107382396276	0.8411170890900844
0.8451096890216878	0.8532626720016006	0.8717389066860655	0.904436758827214	0.8585473736560507
0.9212402700522276	0.950465148841701	0.9197927305939464	0.9189296673927643	1.0037753985891376
0.9583719129783749	0.9555082820493207	0.9952666218774704	0.9652061342144742	0.9803983858681354
1.0234608277400854	1.0322770504093208	1.0126609301029417	1.0595574938904948	1.0963230014149958
1.0632251627247948	1.088961022799503	1.1378648404307297	1.097073588998821	1.1318991131317555
1.0845999569485192	1.1958110643450202	1.1481286954944274	1.1665253050968052	1.2003701035440753
1.1875016023602964	1.2362430495942096	1.2238960760424284	1.1994424019425947	1.2231244655626636
1.2278144860689502	1.2530563707394031	1.2677303906734014	1.2879511741632281	1.270635633304567
1.3122466891915217	1.3237456112481636	1.3495013420189985	1.3528625645568413	1.3746130326369876
1.3683306336727832	1.3622205416734512	1.4037211578857864	1.4231089575238818	1.3993708692450288
1.396652897746055	1.4519578612037543	1.4294904573957279	1.465877173452396	1.4283251120193463
1.506031535793729	1.4734553826587231	1.4741192569893344	1.5065450611794917	1.4543762312573896
1.4825868234863873	1.5065158292949985	1.5072153573380187	1.4939964865428867	1.5012645416279957
1.512150367248859	1.499549634527005	1.5174143162772384	1.5108194612850299	1.5386635602459382
1.5465766119961555	1.5533625653454823	1.5380850491564848	1.5470917933335826	1.5364104766584628
1.5883674984767528	1.5380619350028546	1.5705209047526174	1.5902593684973094	1.570928712306729
1.5606409742536533	1.5126020912255635	1.5583161199846136	1.5893354634229615	1.5447522853635949
1.5325538146040627	1.5274759502435864	1.5264335723917046	1.5228263871841452	1.519673315740268
1.5321074043900893	1.4881025817202982	1.537052835659136	1.5038702860827058	1.5027434724222706
1.5175270288932152	1.535161306696555	1.467803478342186	1.4515017466150968	1.4977608783004166
1.4985777170364227	1.438180872302202	1.4402077928531214	1.4179794545368876	1.415101197595012
1.3844558987843318	1.4175924210068331	1.3903041255133761	1.3767284534805777	1.3311929494759327
1.3631142425631813	1.3390505838996525	1.2964162080338189	1.3307313383771733	1.3116329840787888
1.2711522378628957	1.2344283811027656	1.2461453048621212	1.2998344036078524	1.2839051877093355
1.2702644806638936	1.191436495756456	1.2393787846869946	1.2240887770477242	1.2210843999891863
1.219669246926669	1.1896057834133233	1.1318596346793517	1.142564456718759	1.1439019312266725
1.1158904928723856	1.1193243626242941	1.1159064288508775	1.0789469574154926	1.0766207309457971
1.0749947802948892	1.052279115623334	1.022427932778806	1.0516447309315016	1.0106885785468094
1.0000741913808409	1.0090122572152476	1.0056355204824123	0.9480226801520714	0.9347447456278063
0.9788560453320754	0.9051994271373117	0.9844718806350347	0.8988638702399977	0.9267524975047536
0.9051475648936737	0.9413633379385468	0.885279235452516	0.8619317883350768	0.8659525469806477
0.796621120569473	0.8263138867104578	0.832938136639455	0.8142033283779079	0.8201212729185416
0.8082122159978948	0.7976880616683865	0.7816861706988936	0.8054342045448167	0.7100107231887083
0.7602176545566982	0.7365164810431324	0.7563575897657567	0.6941359774099239	0.747017381201923
0.7309973012711791	0.7617573785212991	0.6972868315540413	0.6958113976117918	0.6522713552455816
0.6775538668234451	0.6105156941817264	0.62115349456129	0.6425897894456576	0.643063982466136
0.6209723768516627	0.6632229805687698	0.5963985923785411	0.632940128297591	0.6238584797968241
0.5830902881578292	0.6174974312344284	0.5810443382604995	0.522533230017908	0.5732858174166461
0.5195649484579988	0.5503471841242106	0.5680912794543733	0.5492187159920989	0.5187741291607241
0.5347688940227652	0.5864671310255566	0.5500969335456221	0.5287117767802918	0.5010151058199008
0.48986426315748666	0.5226418470978058	0.47043188914163164	0.5015165704051304	0.4744547593841404
0.4745963561120246	0.5070036586282403	0.46616714669417725	0.4547253215428668	0.4762451509142716
0.45956474460927427	0.39630639141012763	0.42548645542370533	0.43602403394514294	0.4515963720413171
0.4354437901036793	0.4386873369624861	0.4385943359130655	0.43588458571850425	0.44971835394716764
0.4346977028108458	0.3848870037511018	0.3926926182840543	0.3852759391681597	0.3649249147066773
0.4379060707059902	0.3757919452309231	0.3907056802233467	0.39127513105318174	0.3315290145002882
0.3488501009870552	0.4085531879100915	0.36001951335752125	0.37019160487220215	0.33158432471630156
0.3675009633540343	0.35280463244407806	0.3186560989575385	0.3693295156194635	0.36667649442584865
0.31255648776397704	0.33038654224051306	0.36519911315158615	0.3472388103610515	0.35548696159089804
0.35557374240296225	0.3134141588790705	0.28136472818639646	0.28528041223271317	0.3044006450125995
0.32244762501147345	0.2875995055291592	0.2882656040075999	0.2715426688149557	0.28611860080648654
0.3412772521947414	0.30928055664956466	0.29570338079978714	0.28121060519342855	0.2603029030298213
0.3078701187391737	0.3021665881955937	0.30164238023255385	0.26662339561660847	0.27037454497411745
0.2587962379563371	0.23821551006910496	0.25270084204206905	0.2668819894085306	0.24940585212659155
0.2444647514578263	0.23690190769836406	0.2618836186730362	0.27847700733918995	0.22210959849238993
0.21771253164998478	0.25464482204050165	0.2327255599495492	0.22905383959462786	0.24326293410568084
0.23409811663700872	0.2694230402240755	0.21170579026441436	0.2463477705233597	0.1906441891686701
0.2665870800106301	0.22179980527765875	0.22559358642701058	0.22004274496095086	0.2190736199791047
0.23986245657663163	0.2277746497551342	0.16322083174271187	0.2266615506047416	0.2289712042783374
0.190241646486601	0.20238698775063907	0.22911204686644984	0.1970508303317118	0.1975582917127213
0.21897834955284107	0.18389915693622783	0.2111984413066551	0.2131363431653257	0.16824784912183938
0.17788668471752517	0.18595302819537574	0.1774440326406112	0.17798892369439417	0.1858523035516896
0.17695021506996672	0.224157717333003	0.1910532819835062	0.1776055291144666	0.1940569598535001
0.1904781965239552	0.21039331447303766	0.1674018083809611	0.21775181443468186	0.1522049343509923
0.12346705561781662	0.16361658781313498	0.19233410280916222	0.158879841402088	0.19182118868886733
0.1385769184781214	0.1803562207700823	0.15684541768117077	0.16576030493387628	0.1553235185427185
0.14037596384321008	0.15282463504971486	0.11323324563011572	0.14062353825536322	0.12354730162673111
0.139691796654046	0.15718757869000635	0.18770804959932205	0.13238840469248778	0.1572285987053113
0.18587285529018824	0.17113503264054622	0.17660238218057941	0.16334977874363157	0.1168022678786826
0.1827823238328186	0.14493972094498642	0.1503728525104161	0.13299002104535607	0.09591964401960654
0.17293237344865617	0.15511407224126328	0.15450659215604667	0.14128710546110626	0.10145837107892354
0.13907844968152175	0.14809279718645765	0.1627497055332484	0.1650112829139856	0.11126301475565203
0.13235402641092966	0.12053535475677685	0.07341980627273437	0.12767155266861915	0.126179259696168
0.15126789108859479	0.11253985711615352	0.10632321365357178	0.10283638072905145	0.1423963024529983
0.09907438554276363	0.10374373472334741	0.13204025085381238	0.09379487417995105	0.10924578755048357
0.15260346812043624	0.13500650663305597	0.1055068151479753	0.12688578457660213	0.10307480266059371
0.14349880344392704	0.15139613175284075	0.0936386006111615	0.12200608298575702	0.09316728383974592
0.10714524810316585	0.08161360088541637	0.14329483482346675	0.10677538587219448	0.16522064340556475
0.0999377433848415	0.14790127222050167	0.08775358837377044	0.12554435144611997	0.11934251863763017
0.08909198773088169	0.11264971077863792	0.11382119413123855	0.11853393504219539	0.12733400617027904
0.1250853633137088	0.06795180508225321	0.053525760841080836	0.11834054717865529	0.11738486847748085
0.09676494371356936	0.1208427184992615	0.1311451146628021	0.11862752365212366	0.05143415767794121
0.10994724436144365	0.1166412097584621	0.11540782684657509	0.09244271714565591	0.10793199739791941
0.11717224420361702	0.13248653637922855	0.07243607900028155	0.11179433550511729	0.09828322961908523
0.10514002531174216	0.11569201729074283	0.10104669190874604	0.13102384234850345	0.08705035451836055
0.11164862170025602	0.0649923940577829	0.11425260001318055	0.09302138663886594	0.10029952402661961
0.09125946996126706	0.05743225563399299	0.10858211595009763	0.07644094599733144	0.09963486785046023
0.08321892685447572	0.1041934468819461	0.05387814671116861	0.1105006638241461	0.05099128305778616
0.07875231200235035	0.09783458296571132	0.08641103183698252	0.06630896161615724	0.07874811106363375
0.05745286559975899	0.06262400186587015	0.07963097009957174	0.07521255570765895	0.09453821096016314
0.03423457790486462	0.03837608176045495	0.11648896103213567	0.11045476619681903	0.08665415845838868
0.10425943575685617	0.09706333569141956	0.07909529822374578	0.0828268098184485	0.08348928250736318
0.0653933855914581	0.11038412428052795	0.04815571274934806	0.04525757885085725	0.08081947747178433
0.06695332944897099	0.04465062108932772	0.03784978096468177	0.08726649001401697	0.09355714993359214
0.05250526521857251	0.05593024329786304	0.02844047569896778	0.07415065055934411	0.05368912286334464
0.06841269944261281	0.1079552221794145	0.06729931724497333	0.08377610718527576	0.034657146100400715
0.06824800661838135	0.087509438067488	0.08262238260660157	0.055188093304998846	0.07538530943944222
0.06383874070163056	0.005259656694494721	0.0473748200857732	0.0870006986696439	0.10921233750247791
0.03979835774975768	0.06259285949009252	0.0667338985291922	0.11056163027553485	0.04468681844708454
0.05975394856473018	0.07766632140080461	0.0623984196904955	0.07756143135543292	0.05050768432835771
0.06691748031286544	0.03579590632281711	0.05188338456153557	0.0368590901256006	0.07776403540040468
0.045143390040779274	0.08185317734352475	0.07806523810150724	0.05358678261375052	0.07773799065914878
0.06659678123086606	0.07603561860211669	0.055906481021581175	0.07565675137957242	0.06927322683151546
0.04341825961513929	0.0814916064295185	0.0865841934162211	0.04048386843998596	0.07409896077219326
0.0797670865862444	0.05778586688114181	0.0794179577923098	0.07113117757879578	0.03230762601570444
0.09604345799557427	0.07129835632312005	0.03921531922476969	0.061233974284663276	0.040490354111535676
0.060547444398793004	0.031159327983006222	0.033282780055148585	0.06989955630238484	0.06408531147600924
0.07248385138446467	0.05817020316720218	0.08878462210240139	0.07254964917088703	0.04691942176465283
0.01271471324806929	0.0698828381145139	0.09704558892717863	0.03602983256518903	0.06096568219057422
0.04084026214500665	0.0763820475913292	0.04478570642760538	0.08231530829598252	0.08742999004318618
0.024282494406552117	0.08320587472123947	0.054388685696016084	0.05842724610337606	0.06076428578843745
0.06761677629296771	0.04957079444081302	0.07122871692226147	0.03320812665198824	0.031305174840935306
0.03880785908150063	0.07151171003183561	0.07261369837878874	0.04184068540861122	0.048656716156246504
0.014220841595883781	0.021498612526418437	0.04392647772657014	0.05612027157733568	0.029131342878232862
0.07273993280219677	0.07184935068409923	0.08670599421806034	0.02596220424987014	0.018655534254874206
0.049505622471966465	0.05374611639000943	-0.001050828529931382	0.07758763158057873	0.0323635506776834
0.014555639338256984	0.0068590598155496086	0.03049592596145286	0.044373315374024724	0.05808519540074918
0.03983036659309726	0.044995205726150136	0.037676454694033114	0.05653352786229506	0.039638661915281745
0.0747079466103575	0.03828524811111587	0.029638334363711934	0.013527344670370409	0.06879253408865321
0.06999324439534162	0.010746495104076756	0.01845866987449709	0.05078554380320904	0.05080482898962282
0.049503558085098015	0.08770816540007956	0.035897024796763155	-0.0002971033345919869	0.05039927881797266
0.020477792864821737	-0.0022006273744263737	0.02324883837554094	0.02254508685214905	0.043147966269401414
0.010433905071230844	0.03498951621256097	0.019456716172330336	0.07563601757651194	0.018049535693269145
0.05286352836047532	0.03338620358190982	0.03642483639977715	0.012800892949776247	0.04607074599002165
0.03881982468128341	-0.00878103884914835	0.033975977305358236	0.011098749331137954	0.05759523400267804
0.01958296867317327	0.017868701989229772	-0.00440682003762248	0.052178262350978936	0.030331035476350493
0.028956655364474657	0.04632377188735143	0.010395324154636466	0.06077365616058951	0.04665902530630475
0.052351655481193964	0.02819820983211878	0.03718416744326613	0.03719639096487751	0.04924774870351638
0.06204732617675703	0.03449840055785819	0.03941987335632606	0.021670734542413476	0.0820827715539032
0.054537485225896826	0.07984588909766259	0.010303734522506184	0.04322269165194602	0.020317660775709383
0.06508202735347682	0.038358265196625246	0.049950409949797284	0.006088863677605884	0.016888750641933577
0.058889239979941825	0.04269691246602023	0.06045563052905923	0.018995233183237238	0.04690861991611923
0.031484334197407725	0.043741998936903836	0.041032965970554336	0.04750106042089177	0.03806125366211594
0.051166414950361776	0.039106056959852704	0.01695012124111142	0.05890189468684506	0.03877337819294249
0.03682924080124127	0.04705538142560347	0.08445186624265918	0.055545457903253485	0.020253387393916866
0.023916833300168718	0.03072679053170696	0.021755820931766187	0.01678850830635709	0.06350467852468054
0.028156981294026363	0.041103709975526564	0.04130743089774448	0.03982150467538379	0.041638224072375274
0.011905776368277374	0.0052813136581540635	0.02666946571940096	0.03637813858099907	0.03594273914297071
0.00821780887161306	0.05156341018823384	-0.012790615273594697	0.025479914357204855	0.025511008125013706
0.07278303139588364	0.03734376993161434	0.06409972707905283	0.0692038029372886	0.03793095057329019
0.05606204156592427	0.033450152911834174	0.020690943823967602	0.07379371563740099	0.06290663214934696
0.031162641515794263	0.029100905576649974	0.019932516735063827	0.07152286721284608	0.0119164090641353
0.07318320657741617	0.033412062101639974	0.027298070108524555	0.03510780754942656	0.029542498926164104
0.007107856508578848	0.012908724553379736	0.022491877651710585	0.03906334549053537	0.02987903215678339
-0.0036190990666167336	0.021626910327842287	0.007495189410620929	0.011128621746190597	0.017320752288709645
0.05252272622584567	0.07536754666323163	0.024577252502414795	0.04347654088815918	0.01577340615525871
0.04561728912542662	0.0344764208883011	0.03628440206277118	0.040932554981473655	-0.02216593117692488
0.024769457897521538	0.05251411568550878	0.016939454272289423	-0.008698978436300572	0.029137815457718395
0.05599175392072034	0.034688555081335073	0.04329061296258909	0.01617088782970267	0.018270617488402544
0.0393086424884923	0.02477940125738893	0.051019511070082846	0.023385713951551042	0.016528521523138277
0.06199848618117257	0.02320816155543596	0.028824859423061275	0.024152226421969295	0.010790995900168153
0.019645850543005723	0.01893279685142184	0.046099930865603225	0.0493726149685432	0.022610670697725165
0.04508577045201616	0.04503603617410401	0.04057387966330572	0.016821683591501064	0.07374977490082571
0.012906599234366477	0.03629250013319806	0.04017403240326495	0.030397846530119017	-0.010667716523276301
0.017736867315061397	0.06444962579220863	0.01865599283620562	0.024512372993547325	0.026679561486832093
0.025708301639280718	0.06862310923997181	0.03206694807323535	0.038926874508471966	0.05775987081154078
0.04200029409516807	0.018653397317158912	0.04845752369681228	0.031867816102667146	0.023888330962878644
0.046207875486899294	0.018089042521248065	-0.015177565815630258	0.0404976495848155	0.04771812050784523
0.03955760118786605	0.029390593454274937	0.03610830336905684	-0.0009997818079711578	0.0639071316769387
0.0070467826735995205	0.02100633917792212	0.05156589336430565	0.03539513259979368	0.04027340644405761
0.028359745683478238	0.01885238309203415	0.04556550610677309	0.0375638933532134	0.037813844504829906
-0.009794288428958277	0.029508100337624257	-0.015542070132070287	0.006199939825164623	0.02564502268234976
-0.012115830877722293	0.05744055162037986	0.0440858419948394	0.016758581493260864	0.025315435609396024
0.059905776720257264	0.04215586052072983	0.02296113114069221	-0.02853386049082727	0.04235918544324403
0.025090023740293576	0.018770018160082447	-0.02787445673733988	0.031672841648491996	-0.021179372582183477
-0.0029726356017111873	0.05435065903254462	0.03621995844691935	0.013565596806278436	-0.007715173270621861
0.04609626413086364	-0.002724718684933833	0.0036789023253608645	-0.011818714103394173	0.0036958730016999736
0.0034219034866622595	0.052758932025382385	0.05716346007420752	0.0613227240509088	0.004345922830253924
0.04281939628402398	0.028638062809658603	0.03751316968293372	0.026531842017057456	0.019218786863988077
0.021877030773559947	0.009574783274753742	0.020610773677832796	0.012625217856690497	0.02676878840365825
-0.020841852283092748	0.041246280323229294	0.02512146515945733	0.0401154087675424	0.020527066267283584
0.029338572145404182	-0.006656410969551959	-0.018281881513054248	0.009968252437643002	0.02350003363124278
0.06670794119879139	0.017339196855314203	0.020914926107438163	0.050208175971229146	-0.0014561725814801934
0.04349322848907381	0.01975513413583529	0.009169488485681282	0.044778196417177354	-0.010354926436663723
0.04619441801438018	0.015321141857702057	0.00034721891351500783	-0.015925656116776214	-0.013847133255236838
0.013766094221006492	-0.002424553683997385	0.02034754610995641	-0.013169376177353564	0.014834604910429209
0.0012702281468946024	0.021870218995805685	-0.006613666384760414	0.007565934752634754	-0.002176586852746433
0.005701230727004399	0.043307437506105315	-0.006855488010609666	-0.005458091339052803	0.018722907465681265
0.04466746812977801	-0.0046846490975186676	0.02120488230243056	0.041164453949473316	0.012209628166437968
0.00021202697879874402	0.018054927944692396	0.046550392304392264	0.025730414347570445	0.0018521415295660979
0.048880837437120385	0.013946488513730176	-0.012898795772369687	0.050430706174573584	0.008666567471708237
0.021257949050551683	0.030183196888714518	0.01764950216498606	0.022805392584852778	0.012453664494754737
0.01757185712246047	0.0007846332446798227	0.027968143829856698	-0.005403591922295768	0.02626326508046965
0.007422680945892908	0.007560841170355011	0.01607761216942315	0.05953049996985395	0.03206494097186633
0.024713154270013776	0.032756200062283185	0.025990931839874908	0.0353076493049468	0.013981194464930739
-0.01503643895485007	0.01646842545768311	-0.022864864468135595	0.005824606761014751	0.02599775028738118
0.022567107065390484	0.026337078144930703	0.011567771718242898	0.016371967060499912	0.014139720379565004
0.015774444008411208	0.023235145516541517	-0.018173066083701325	0.035451168856622306	-0.00952292289368933
0.010029737789571263	0.04921461863137583	0.009244709726079908	-0.009091938109900041	-0.02645958489983033
0.0078180617803054	0.009307524469136212	0.05575474129149584	0.02241412133972196	-0.0055963312872006
0.035333080686901455	0.038418802685166197	0.05000170110593655	0.031442115888783394	0.003942653595306197
0.02905824747888017	-0.004077552257040304	-0.004417195329977188	-0.002537542398850634	-0.019185540507657937
0.03580725221814268	0.01125246427310574	0.008549187906544513	0.0397291584202913	0.02105320996228542
0.028471956486673486	0.01877252520529177	-0.01838398195322446	0.03470013977647845	0.006749841363492239
0.019522765145623185	0.04340863667333434	0.030034810422197036	0.00817378572258684	0.007652532197052427
0.028569532342758205	0.032922976204229765	-0.010911888271356637	0.020268616592548243	0.008479455459480076
0.039040214263666606	0.02325938019972276	-0.0003092723464934923	0.02049886797408107	0.02799505893920359
0.023676621618182868	-0.02799243522750247	-0.006547621610988184	0.013308702645357322	-0.016633819087313893
0.040251416945238414	-0.01120411998095383	0.010378183919151872	0.02401150377442757	-0.00157344999738491
0.017677558128191696	0.014801978775885294	-0.01736760621486482	0.024168247139278076	0.0029093932728506133
0.022884112169973693	-0.011087140257559771	0.02357920089434994	0.028939057452676685	0.017864278206666438
-0.004747944101868526	-0.040297949385638535	0.00021172833414861633	-0.02053729948402921	-0.008381608899295933
0.01738660813647247	0.01636160138651087	0.03819929785232593	0.050327999064784856	0.010680456452354116
0.01292292944746349	-0.027503849290146022	0.06317539886773937	-0.019233197271071718	0.013361611103857932
0.04965501921122345	-0.04528498586928222	0.020966279827461035	0.012136380211693006	-0.019148394311091377
0.027418308500045552	0.053373985787588264	0.0021418775286068696	0.020408588101751075	-0.008650029627379954
0.007553502856620584	0.013192139641178682	0.0017276613865111535	0.01613673041114648	0.03518210310385589
0.05269137789729167	0.02444064242441369	0.01513072112140939	0.008532524360289706	0.019725725754754217
0.006973862075031901	0.02638098628270908	0.010922815199136175	0.039725837734523	0.07014755220041861
-0.019210840534704447	0.06500646019989534	0.03549984753598884	-0.006039706901690074	0.027949626201584955
0.021222931041358577	0.03662390531015945	0.012930598152843443	0.021099817024687044	0.023613208247896502
-0.0029585165081977673	0.04552690773604456	0.011396675531782165	-0.006711229913833556	0.04551909841530358
0.003415656811364868	0.031502239010257324	0.04705831380171863	-0.01812825947085218	0.001949918590927682
0.02974960018771145	0.032370053686540765	0.031579539673990104	0.008960867919586536	-0.006795888543000467
0.014494830278783325	0.019076731638297855	0.017650280903618896	0.05235812688263874	0.025370691288731116
0.006428841897545222	0.014682507865492987	0.04691672988996983	0.02028346977776416	0.01983003748731525
0.036702213513729084	0.01912598457608168	-0.0035116922114562465	-0.019030405348169868	0.041171331194796816
0.009080534070063592	0.03750532695207265	0.03874944467849871	0.019168543693290324	0.02479587768998817
0.034861940572530815	0.007120474389638124	0.00554228264791168	0.004527028725075892	0.006896923017809586
-0.001841582017436112	0.03692576686249701	0.0032952357982670042	0.03565656426868385	0.03068617640114346
0.03566663392666129	0.028118446945519286	0.03915393550018876	0.03531654400248754	0.026526423019926658
-0.003015903292954255	0.04070406478278335	0.007178175353132673	0.0015448457724778816	0.034467416005763765
0.0035217520440053076	0.020614500293991308	0.014998857394477873	-0.00034064605136529744	0.0117411514805973
-0.019061635343694556	0.013972688204692888	0.01343907712716402	0.03342763543054853	-0.01334412794708265
0.0529518488336775	0.040282172599016244	-0.0009330415662041304	0.0607702575747004	-0.003665396392152324
0.043208200271110796	0.016854684289392935	0.027839158625194666	0.00130472363980981	0.018937230390241193
-0.01253415640480942	-0.029457881778551267	0.00943268130864212	-0.00032400465325366007	0.010559271895631465
-0.010992759729200923	0.02884782792166586	-0.037516893986353154	-0.007753523738002526	-0.004593045363308335
-0.01853229651759553	-0.020749225429257948	0.011185450065119553	0.014081941463723813	0.023633303109755026
0.026853917066866462	0.001147353078727877	0.02986540031324976	0.006335726960642211	-0.0001493491438952525
0.01631589206557209	0.031197503096201375	-0.0030042342857425665	0.025671767823402573	-0.006896456154417337
0.003214124446132225	-0.002648096236845111	0.025224555048098774	0.02074272449176995	0.020347790555339175
-0.02170953565670889	0.025797032464996768	0.008891012126014548	0.009628972448188711	-0.026998512776694746
-0.013420374059629647	-0.010912153446650783	0.03686141057674486	0.00019030371324092483	0.04052500527770179
0.04980390412129437	0.01350390283180018	0.028999347517720663	-0.03967408396140592	0.018318377772417384
0.0002540184792851445	0.019121980350931662	-0.014901580769333043	0.04364374923880005	-0.010392636283588923
0.001691631658133375	0.040811385319236754	0.0059591626390440074	-0.014267856470829938	-0.011762529497954987
0.04859892974034566	0.0215890265900771	-0.021546305781160045	0.009317352289507483	0.04324386136995822
-0.0036204233959809123	0.0321987281128622	-0.040890774333691635	0.03856711606143714	0.0017322954500422006
0.05858000026240005	-0.02109155248337785	0.029072209319665216	-0.019843030102589736	0.0028403838463585004
0.014688454269484317	0.0051403680653834775	0.01643520575289849	0.031118450809019996	-0.0005406051228501489
-0.014268693225693543	-0.018718306741915196	0.01757134372440012	0.014756051048184985	0.01714441738771207
-0.02035830232891286	0.02935273526174682	0.01269200036140429	0.049727830270286634	-0.003288436179068044
0.022389961428761422	-0.0019815311223842502	0.015173365544286789	0.03861289976684858	0.04353145604655452
-0.011300594743660988	0.020818274892010213	0.04499847371636343	0.007108945697379056	-0.03044784909442934
0.018232404890251182	-0.003175535429066385	0.011329838864821352	0.022598741541148777	-0.01892072243228421
-0.026953143612790692	0.0014242536459658716	0.007331585297367943	0.018231708513100287	-0.017537427730836976
-0.0036920374338583846	0.020748122242965614	-0.003479836023312614	0.026398396424467382	0.018406499984973138
0.010895591671279795	0.005479504608398913	-0.027868121785789332	0.05752202006206962	0.015992978532688978
0.01358757811847909	0.03368005150017477	0.00962015548893098	0.0219785198256717	-0.017239383447850677
0.06491211957501793	0.03832144546698878	-0.012356017696335427	0.014406904662764015	0.0394249395310108
0.014246150223898196	0.02031518705447835	0.005847389460184095	0.011807764291812857	-0.006625648727968231
-0.004046127533354326	0.03996122993836642	0.021350029393716462	-0.00015960709267717017	0.04114326407428329
0.017912691556354155	-0.010383475124207953	0.001393424886993253	0.04023733828359023	0.038405870461219176
0.009534936716551421	0.01291328434897583	0.04298915030678013	-0.0010154893130645331	0.010680954603660767
-0.01104496180743185	-0.03709268371890754	0.015269345498819458	-0.002541281057035426	0.008775304455645333
-0.016603855509734807	-0.014458141440197733	0.022159079830382882	0.02554778107458701	0.03183820184182922
0.00744723036273498	0.014061894695870806	0.042582925521532256	-0.001185645903447257	0.028369445479931553
-0.01242246757952618	-0.007275063715237304	0.003513230917980493	-0.0028906304156129025	0.03774843142297481
0.012992673036295341	0.02630060957411089	0.0179710074953153	0.02610752261201716	-0.02036314935603583
0.010081527240369136	-0.00363097402516233	-0.005121182972120636	-0.004737038871440592	-0.0017627533882641198
0.020670218195577697	-0.0006338832802010499	0.04941112243051128	-0.01948176256684979	-0.017197884275496726
-0.004662320667301638	0.047569906415508234	0.03819095586880555	0.0031380628185513054	0.0027613864873450317
0.03692009227764963	-0.0063471060069054275	0.01359467670386644	0.021099140908913953	0.0072107418629800135
-0.0028495991164297378	0.0031374177377778427	0.027116329621177656	0.04161219464111358	-0.007777395727423156
0.051419586006823614	0.0012292826594609276	0.04472530744390406	0.02899286963017165	0.00943851864359401
0.0014628311544357866	0.005207813338247285	0.048305539011660216	-0.0028602960901659997	0.02670018237948723
-0.0017847580921982772	0.023374931875830528	0.06381616137730585	-0.0058578098177463275	0.008687840951245428
-0.005944632062010677	0.004304263591029799	-0.012120282171131761	0.005270642206344345	0.01774793711271708
0.01873438902677262	0.032416122001804645	-0.007145767787739682	-0.0334987482571484	-0.004082948486445798
0.03825086372717572	0.0015546294452481813	-0.020168756973780393	0.030444565672558856	0.01319909489448188
0.004436122825354511	-0.013581829610858999	-0.014527440768593636	-0.016748784077004503	0.001145248313662377
0.007544110814114158	0.008319782930258337	0.03648560189175092	-0.00023582497192521645	-0.032296191730991915
-0.042304554210101965	0.008822364696535846	0.019222505337368658	0.009981129936305587	-0.0030728637993317235
0.0068541932738718486	0.005459907777154596	-0.027565185761528832	0.016888016675854642	0.017285313568977424
-0.002115603262223756	0.02705654876783008	0.008187405178078214	0.0008130808649352214	-0.049869548573918974
0.033227342620434454	-0.008449463807882519	-0.0015537158866627662	-0.011698519189546664	-0.008902826237197091
0.009220341197714265	-0.009307134241470503	0.002213476442306366	0.006698866129407231	0.01905458757530619
-2.0838179680284126e-05	0.04740944415483071	0.009336943318315583	0.01598439824275873	0.006160439166123762
-0.0017926299407479787	0.025084120785499917	0.06625544865925764	-0.013748496084187678	0.012399173963120798
0.02902737341444454	0.0512967827053485	0.0047354669747639196	-0.009952069274245528	0.023178237091830183
0.024405783639333132	-0.011939832302188431	0.018599431435920674	0.018519940799373698	0.039436058997999415
0.0035943282027425857	-0.035477575344608346	0.03315958512009605	0.012362445406445344	0.016627783281990362
-0.01785468161689671	0.014317390971760144	0.0008760189959285077	0.013113563863559625	0.010944036129071721
0.0424019622204754	0.03322611137945362	-0.003069043815249697	-0.009028602004377977	0.0025867471882215637
0.017767226032939024	-0.027827960911531273	0.017905049732911994	-0.011124769422382498	0.004999643951445027
-0.004590600398824906	-0.005670173588547049	-0.02016441297764415	0.009678554655700014	-0.012508325110432952
0.007053614488048823	0.04680967763822311	0.028720201877816768	0.0012336336245906453	-0.023930753296446727
0.028056191677600553	-0.038034093162739535	0.005581964488319902	0.01741549868247445	0.005888994819796218
-0.003767069401680103	0.009772869761457676	0.03279396385300982	-0.015864810894384886	0.0029557991213604523
0.008780346481713486	0.04439570239261605	0.0023558584943501977	0.034726640985683496	0.03576565830985322
0.0058130203490707865	0.03539438205586562	0.022413844729700524	0.025210131460179856	-0.0032276715361273306
-0.008973236911537064	0.005261053676510301	0.009872462917172224	-0.017927833221341186	0.011935685005271382
0.02681598543864504	0.00029150198678258837	-0.0011881441127865066	-0.002165146810711494	0.01981155097938204
-0.018491396407847187	-0.012358722644925	-0.020462425059047988	-0.01716410315920374	0.03144718561103139
0.022511447875088256	0.05636982141000653	0.02445774556331106	-0.03788727042894884	-0.010823053083171195
0.039057211564911806	0.005444329158410008	-0.04623901615813742	0.012155507185921913	0.023870345318601043
0.017484863408880138	-0.007932376181646196	0.002936477390611964	0.009910843189704428	0.0021911063685106733
0.026313433666963263	0.032372333714674816	0.015874332098282463	0.01929620939149275	0.013617213329410297
0.003842182117661852	0.03072911300521389	-0.008358718233415979	0.007057136263995021	0.01992275600868671
0.029145189052549026	0.0069283381962189465	0.0020687116455660385	0.038268583821829266	-0.01724856268504346
0.02277464608860859	-0.015698610830334227	0.010931838392873445	0.027582728066546443	-0.014948290338629147
0.0017044941763054745	0.02275299310027274	0.005411372797165306	-0.024449253761146053	0.010860556602956935
0.002945585175822999	0.01727567277643903	-0.015460919255080342	0.040009466662020675	0.030826404745110454
0.010513814672019287	-0.030297958251378394	-0.008070412906056205	0.0010435902678412462	0.0002756543478907598
0.012489261571167455	0.038266631146465155	-0.03605211752122625	0.04086510352957372	0.027139514594333877
0.0048693175937065125	0.026402853870242684	0.025836548910726627	-0.010593523591491641	0.020945691738589907
0.01864662221938102	0.01692740542623174	-0.0006805085824655383	0.003970714246622995	0.02734251410705827
-4.4465578084234604e-05	0.0055134829245719235	0.06328716734912129	0.018161834431624474	0.03132114076834796
-0.01015690456452922	-0.014086424783938132	-0.02856191111682963	0.026385040473401365	0.029227949970946635
0.036123322987149944	0.023700109232552027	0.032256006637992635	0.027435124848673657	0.023235519366383812
0.007923317325299176	-0.008489376211649073	0.03779881008497587	0.01795602307546624	0.029385100676685236
0.03595463030131932	0.0023366162881258866	0.01715165866068285	-0.016020868575420188	-0.013798166056010634
-0.0006319044789260004	0.025494420962552066	-0.01909209238624615	0.004918609465805573	-0.029392808102242377
-0.015189654690836142	0.0024126598608179223	0.004491047649513549	0.021588123690515073	0.0043283682613636364
0.012475575417393286	0.04278497977481053	-0.02298884169425254	-0.006480839615785597	0.03600167229813187
0.0036857908906445824	0.006703495817223846	0.04414959101540413	0.011169982836446829	0.01334307695224058
-0.0005467433284620355	0.013846448986419548	0.05758279640197059	-0.002557177336899602	-0.01070795269306362
-0.017722982683725543	0.0144460526526855	-0.008848987600487086	-0.004319519874892343	0.04070040739804512
0.0015068012162355046	0.028971812550880324	0.006631992641413178	0.015082023284479133	0.01468113185654205
0.011383455197185149	-0.017963696597744203	0.012164071479718796	0.041726678718877856	-0.014430980946209291
6.886352406088037e-07	0.026333738768695224	0.0013453479135434058	0.016278831257900306	-0.014140935438521247
-0.0012425702840871897	0.027365370283511693	0.040037144436663355	-0.006976015471145011	0.00547473872254897
0.016813852130845356	0.0461418330242835	-0.01758129714802753	-0.0019477884386100196	0.006011077865713862
-0.00726430476039715	0.013897794127424857	-0.0194505688960052	-0.0033195651409164543	0.005753117776738771
0.017981865656415456	0.002538136767836174	0.0016971182500599442	0.02271057098143668	0.015104932553673754
0.029108044037082066	0.0404295643616764	0.009778657164753686	7.759204938019072e-05	0.017709068126961436
0.02864187779066943	0.05222059524653091	0.020247500033280498	-0.034650302221892616	0.009379291174837143
0.018178639522379757	0.020449302343906	-0.00734084952470227	0.01692953432928133	0.031461233047074225
0.03304557279630334	0.036379551767846324	0.009678606344659007	-0.014089553902319507	-0.02847958663382933
-0.03130537448656269	-0.012674809212191704	0.004146800317977698	0.003159695646239735	0.011143403651741901
0.001961426944843918	-0.012396074641111183	0.028440752072361197	0.02702348685507576	-0.007432175170307819
-0.0009114664619923035	0.007625004589229028	0.010435452616885225	-0.034377377173903954	0.03308600668870409
0.025383862067255205	0.02630084233801723	-0.027136860997696945	0.017956799723218345	0.021365477457443917
0.003220079157435667	0.015608460913940072	0.011333778788846727	-0.013733588756237066	0.04773713877652285
0.0019272864967249722	0.021479334772324887	-0.00938081824124511	0.007890527792570259	-0.007136743929656317
-0.018951441888535744	-0.05857456635282914	0.019945326944278773	0.0062218572937203925	-0.0011613075044931793
-0.004997181260360007	0.012828260637976178	-0.016844046345443255	0.01182453430943418	0.003514183357790717
0.020765094330450908	0.004911174707616496	0.0009750502316079627	-0.007523026889013513	-0.0057996406924189035
-0.006093777534511826	0.01786469788002045	0.008900022260996713	0.041694819648681276	0.01997848591467618
0.0108991460714822	0.0020180861797495214	0.014282899053166835	-0.016117336701318846	0.0171063401344764
0.038828511922835554	0.005143800098559227	0.003181720590670854	1.9734390437667424e-05	-0.04569216220264092
-0.0016979151839279826	-0.006818859796137508	-0.03885132236484623	-0.014986127487426332	-0.019612068991952815
0.013199933611941569	0.025347410767117665	0.023686165898883706	0.01965763798292268	0.011973898331877422
0.03729565713635695	-0.014027407087861442	0.05865983467502163	-0.005527086299183674	0.019780845456939495
0.009644703489879716	0.037853189063461495	-0.0103629822401015	0.004220179583311298	-0.01436496388100716
-0.003260017750272584	0.021516063225984726	-0.012275448452489462	0.02994469589161376	0.02372556168134662
0.013749327354490156	-0.01608903401784134	-0.0005403916817319776	0.015049199770923664	0.014639917647807445
-0.0224879770712656	0.003325156140590126	0.0041945778865261785	0.023795361492404247	-0.017463345107465097
-0.010823318540760947	-0.0009286928592791201	-0.008191757980423937	-0.014244467454309587	0.032094272766290094
-0.0004318609132882229	0.016983565254236763	0.016815600217028367	0.01440795730767464	0.04718288591195985
0.028474052812150923	0.024105263490158485	-0.03712606753464896	0.01180487074455341	-0.008186961269791718
-0.008946079161962335	-0.0006379367868722102	0.046151975574062754	0.0026287913393184055	-0.01729761451512613
-0.03470269647584508	0.013530470147094797	-0.0011902843140636664	0.007501322099467562	-0.013073449197352132
-0.027885613927311162	0.011624540707818177	0.004136298654575887	0.0059753709023419995	0.04351482183302447
-0.03789062188654148	-0.0008575818562527211	0.0020160797166594475	-0.01314137192097818	-0.0036272759298445947
-0.04048781487273124	0.0027175991839869223	-0.00961529722113711	0.010445723745772734	-0.020645976106393134
-0.008575566408271446	0.017071864942980054	-0.031195890890913423	-0.005152531510743458	-0.019111361969000176
0.038336612548920915	0.004625428748679311	0.0047728480766534385	0.001275977811921986	0.017919010047621656
0.011732707093141307	-0.020661359247744114	-0.025273672029475662	0.003539726593853398	0.043551173192711026
0.043505612813288276	-0.005442138188002706	0.034308807821994726	-0.009259046327637792	-0.018277916653738374
-0.002116103177728495	0.015099591580097322	0.00454430493394061	-0.014013992181881868	0.0015077452670754674
0.0004582001158248473	-0.004117128450586968	0.0046843890882928415	0.04064542137226664	0.02237464096632122
0.010225512361652846	-0.010136891342132118	0.026061578950810214	-0.03973280293428661	-0.034250255826426025
-0.010104486179498745	0.042478254301198795	0.024011687905764495	0.0032993739728821685	0.022690114867151404
-0.0038606714599781003	-0.0038204560057812	0.015531877965909649	-0.01983399410413171	0.03973570279133951
-0.0034122568789965975	-0.0019318828915579032	-0.010077335437508632	-0.01770436436328091	-0.0020610275655728117
0.014303649655566585	0.007639267329996605	-0.006474320295637944	-0.006068481429553297	-0.016906399362228406
0.026028543101873178	0.029295410003864316	-0.04622410917741536	-0.00863119140423061	-0.01740094864997241
0.014157832769066703	0.03652860180235354	0.02068601881901149	-0.005587185256053304	0.016012836325540045
0.011452940270044471	0.019479524045646755	-0.02442472716062077	-0.02772246759219877	0.015205611604486701
0.013387799265694403	0.00020525289431030588	0.008602794200767063	0.020159619818670302	-0.025802393939768752
0.0001537998238155024	0.05586348691622452	-0.0236370398413494	0.010325706473866842	0.000315107281166134
0.027705858249076475	-0.01004301107979481	0.009721788996159563	0.014332482340719002	-0.014783996399545129
-0.005620325520203072	0.013367822443749046	0.010444061795806163	-0.012881031756424154	0.011587450892099997
-0.004302396569073888	0.014378445973461967	-0.014662756857579201	0.010363829908189398	0.01966237595339473
-0.009189616187723834	-0.01878818796922346	0.014403901086832396	0.029505854830175985	-0.0042114459045410465
0.032589677561510925	0.006587296585042059	0.001192717281794738	-0.00031029364668389036	0.021448922364238624
-0.0077578302542993215	0.00016731601742947175	0.009634202983506451	0.005978026806000586	-0.028914303286414447
-0.0012103259859346472	-0.008754929086473028	-0.011244486959443783	0.00840852209445205	0.009600074400817503
0.004389680654921168	0.0015669574398134442	-0.011307547786319387	0.0004199594591697744	-0.009706945443948638
-0.0022672354354019092	-0.010665301681946146	0.020455487372949117	0.027640520079390482	0.005179121647268532
0.032990480843251305	0.009690821067878101	0.005543300801736128	-0.028854053119151374	0.0073724277839540015
0.003898448891794475	0.010101204395485128	0.0016484441210738426	0.004134700854390242	-0.007530330982441028
-0.02284748085992715	0.00956247271788276	-0.03295956635504374	0.009810819142480085	-0.018626808690616437
-0.004754067639735914	-0.016000764696516442	0.01513494531280316	0.055448962367906876	-0.03377646263907257
-0.01253988047346	0.0021078399192332115	0.006937448215476812	0.03065646588901062	-0.009208320992389232
-0.017059792424427553	-0.0330715161336944	0.0399131801549692	-0.0073271907870687825	0.013480021995730562
-0.019444902799022636	-0.02946309026404069	0.04362936920747962	-0.03052280822785418	-0.005363800843255547
0.003348124746768137	-0.008303988953490344	0.00018402885417607723	0.023402608168982725	0.000845434401227338
0.00025253583040432334	0.01471373849933071	-0.002181597471891385	-0.009606518396491029	-0.0010631426226930842
0.012686166294036627	-0.0006832478199038667	-0.022392037579637033	-0.002978399516535125	0.00849009999044685
-0.0022217105636975357	-0.01325552708105754	-0.00375341902522929	0.013013550139477525	-0.009404186985898894
0.017272540388458525	0.012305830382071779	-0.012000342179197944	-0.009983421294937466	0.01495802155822688
-0.03509731749032099	-0.02715514443193696	-0.004917145002493919	-0.037443978686208565	0.012021394431339646
0.002825812049930999	0.022118462419122464	-0.012332797119061153	-0.009098171565416723	-0.009969813064631978
0.009960408644580962	-0.01443566843272798	0.004528269903452067	-0.026069100209639273	-0.007884843332671953
-0.016176965415947646	-0.02810900585900165	0.030255966626279412	0.007229480274935106	0.024085590280508013
0.0027906338314245705	0.011186862264020294	0.005125681508137147	0.011288766740161243	0.016775448297751464
-0.024402026472053716	-0.02524428891598357	-0.0315901960104107	-0.0017936984048317554	-0.033301197037761035
0.010772976071627015	-0.022005033957639683	0.005685724980705218	0.029169348987339812	0.028033349332561616
0.03322675202154217	0.007221379134243483	0.009168600093307494	-0.01999392132250973	0.0265680394785254
0.027027449247086555	-0.011643468587955091	-0.03235605627614493	0.009292276584054057	-0.00010440365475300668
-0.03453117117767425	0.010601228874326565	-0.0005741016976321757	0.01798334997450471	0.007949347510787304
0.030691775109348216	-0.008706282620353927	0.008612809367125005	-0.004082144052280026	0.016974256354523952
0.008724593057545813	-0.01383018768535529	-0.017795710654891054	-0.030278347878961137	-0.020339500870628816
0.00995954204529679	-0.009758853342800116	-0.023930857727376853	0.010482968554566818	0.027901803065044042
-0.015845000153010665	0.061118919975351446	0.022035047149907803	0.012120830171750469	0.0007716202879680173
-0.00494601926729714	0.009867616581077824	-0.0063869157107960765	-0.0023000146110393168	0.00951592981741977
-0.004796367111065927	0.030959446835425217	0.02902232201809081	0.01393845287626485	-0.005022606466683592
-0.020685137008472444	0.007778397337360542	-0.0023216581906114597	0.015181500740940226	-0.0038199908697028207
-0.004517954513274662	-0.03662932501614945	-0.014060720712135454	0.008174972562912941	-0.037905314181953455
-0.004731418270303121	0.00027059480632084937	0.0005831272100717102	-0.00035681774918377507	-0.013397365805602504
-0.025557723595350895	0.001159877033623356	-0.036782864443722016	-0.015300844970693426	0.05185126198872257
0.00015024757394398874	0.006694840458112299	-0.004405742015661556	0.0005117640908173034	0.007340338149153578
0.022104155438501534	-0.006548968233925097	0.011539827889964197	-0.029521685848218383	0.004074559421773727
0.009865999984146064	0.004499251455246064	0.00355806060731186	-0.038086609581324454	0.005390134847097152
-0.009140949317884218	0.022536065934632428	-0.04764748588042199	-0.0013451289433826308	0.008868073341355316
0.01880477289525962	0.0221205966506288	-0.01291953011925873	-0.004811335639278746	-0.03289625227803947
0.016625855619213526	-0.007055939145414513	0.013190017257717332	0.0019153654104043128	0.006928715832233317
-0.024428761075500294	5.8319010327889404e-05	-0.02547581633640688	0.03939586252735523	0.024581791886790244
-0.04428047332118503	-0.0033980722012569094	0.016110093241313204	0.0074769721518164875	-0.01199837776595436
0.004966722651964752	-0.0017225997300502477	-0.005078607797367704	-0.017304014700842398	0.0138250056730506
0.03238243631399042	-0.03446953413774853	0.03323112741674945	0.006704520896741508	-0.0013784464367020619
-0.009934563542657303	-0.03058645921965945	-0.004662954607692641	-0.018432105671783855	0.0016083384438323385
-0.0021520941799426504	0.021150683532677555	0.020897164554387372	0.014545022530278652	-0.027459469296576288
0.007937056295945759	-0.03493885715675653	-0.012656618377026497	-0.0010442690937151958	0.014698711499134237
0.017016855320329365	0.007438024594183029	0.012337117612293367	-0.018517652998217494	0.013286856292162775
0.014946177252468947	-0.017935915726671643	-0.00862439733238878	0.016405013990369238	0.00030572075907148535
-0.025569698023772514	0.009182302817139826	0.005907253563800857	-0.004237443006970591	-0.009406685667637832
-0.003983434797508902	-0.019064886285359007	-0.0015627066489069096	0.012030008394125078	-0.024202851493400627
0.01201828185679982	0.018842637770287784	-0.009090727400909378	-0.0011005386704512463	-0.0026746254639883073
0.034838627672838775	0.005818879212025493	-0.005214653641734669	-0.019376095350598352	0.01027132412743936
0.033464800107955814	-0.03192179855968022	0.032798302029068006	-0.0012593072715952978	-0.025606485188167154
0.021560865247654257	-0.031116101764968013	0.007213894123533879	0.027673028509925177	-0.012189749369407936
0.016051655428558374	-0.015689654502349038	0.02069241990038144	0.014661662251522607	0.03235890783309611
-0.019045435025952902	-0.04481717353979234	0.017746308685754487	0.006400603026160113	-0.008306791317282507
0.0018291801732493347	0.017168202680725348	0.022646694645554244	0.061008279957144765	-0.01717072184806246
-0.02100528361564508	-0.015725320782932383	-0.017460602135026863	0.02282148211780524	0.029067530070085962
-0.001040684030949526	-0.015145688295246375	0.024260233316386846	0.004606051576312638	0.009559111148886464
0.012856006322269183	-0.01752434758113469	-0.0074597196446434715	-0.0036503469968614858	0.005648566641815529
0.01058429943179115	-0.008160448649058539	0.011989484981255282	-0.011738542129783805	0.015759207926933427
0.03526300447322295	0.008122693160758272	0.026341056667588413	-0.021581799996021632	0.004566708986508634
0.005976645570966491	-0.0161311802491667	-0.015215969991082684	0.030081310862650874	0.014138631750207936
0.0004778843340738129	0.026165522926530932	0.028915605167156494	0.001435122126517732	0.013980194632015852
0.047675306015584326	-0.0004176235450712648	0.04714550207853202	0.0013150251192860715	0.03251131168929928
0.01185255572951866	0.016483606058368322	0.020840786533191588	0.015502839068955923	0.011849767704713987
0.028223059164122807	-0.004561712238953697	0.014090740273095113	0.05345925310022662	0.00574371809626488
-0.03136601535996447	0.003947007849799861	-0.004923835453709129	0.017688341444876972	0.011903002470703132
-0.0067536150945117866	0.008508088455589508	-0.006894705884314579	-0.025706434244840815	-0.02495045065713354
0.011008542787809794	-0.01626964300455148	0.03130413727575069	0.04577540617114526	-0.011767062249956287
-0.0012067775216543734	0.006996515406703763	0.01712218610663681	-0.011783257945833148	0.05545030532010578
0.006877198770666264	0.004026398779914764	-0.0009523787233311268	0.009145886550479333	-0.008477019663673887
0.01842751671633817	0.010799923968324679	0.020756266313791644	0.013245907054110287	-0.007529004635641178
-0.00462591321186768	-0.011971901570806517	0.046081164942612524	-0.0013976889080606555	0.04925113131672553
0.02990073901845907	0.01845473860238505	0.0029034175778504074	0.01986581281002125	-0.006115710138221847
0.02505942686631083	-0.002961314650879619	-0.010769415146845387	0.02991211234419382	0.03986083219793509
-0.02496066580532722	0.012878189864557613	-0.017672507565785298	0.011019875888954431	0.028742787136611707
-0.008431972558938077	-0.022488223184775766	-0.013391709924771065	-0.016180415119963376	-0.04361145441623778
0.03854486181825465	0.0065834417586905555	0.017332302182417256	-0.01777062833906981	0.0249945639324316
0.004714463310137381	-0.024561152977808004	0.011183903066153668	-0.021709450911569884	-0.001436785274261315
0.03461658747807423	0.019004210548707275	-0.006346701270384239	0.02145997186307856	0.020242878855855177
0.015109527300438227	-0.036004076336441274	0.0015649450578966038	-0.014317752427206095	-0.021162500663103188
-0.02089471866921071	-0.01706987501952543	0.02843235144600114	0.011679656410909237	-0.028851617749093145
0.034352495375413065	0.030682860385435207	0.001354815985302139	-0.03535377078130236	0.01683035769582915
0.005543143946348116	-0.0322791167875528	-0.012450167223601174	0.01415549781822326	-0.03311147010070053
0.03576028047196868	0.015684094948147397	-0.012761742519725361	0.02567790846809559	-0.0028134430363902264
-0.04384301730646502	-0.04517378043873401	0.033090042101691405	-0.012897131848564829	0.03834967287186971
0.007114356677714551	-0.02838673940271115	0.005712592838293212	0.0010900990837583037	0.004580104642648695
-0.0077969396146727035	0.0014507549373885152	-0.02161035692277332	-0.006793734556791039	-0.005073671967326393
0.029419758554150778	-0.012725618357440245	-0.012249175755013091	0.040031236091171755	0.012590101644629977
-0.0014624050312222708	0.03678209548103182	-0.013908231204753374	-0.00839229295870091	0.010350515202877709
0.0010596353183137835	0.03305981492030715	0.007650720554818427	-7.415705309602501e-05	0.02413564474254744
0.011046872000373334	0.037533861609983045	0.015040043751055013	-0.015599965796488337	0.019296860433197966
-0.023194402434296463	0.037946813103842236	0.009418538366362986	0.012802332339792544	-0.0003654562079951455
0.03398813459466268	0.001699809590719652	0.012285729686371073	-0.020049066396386067	-0.007169357132367646
0.0038218462847311166	0.012180548084815484	-0.0011316691663682686	-0.006069111548152958	0.007705431942785038
0.021378923411829724	-0.012905964905694851	0.014816376605383739	0.00751800506993606	0.028229984294163155
0.010657142589392696	0.010841823365750304	-0.013552592107241468	0.009020946262424862	0.01336040431260578
0.022718061415157406	0.02848445208254116	0.005369057570026381	-0.04033961091174758	0.012006486507294635
0.004866571847128254	0.02696354848891979	0.022645238137465263	-0.011859350078579946	0.010927377743339281
0.01220251037619699	0.005653893571262362	-0.0055105047561524075	0.0018187487054975443	0.027845967345576417
-0.0160449972475266	0.0010621767328679631	0.00908367351814408	0.022215317514079742	-0.038569087522386254
0.01675524206415682	0.02186035213252381	0.015926832931105916	0.004552539114283796	-0.011149328310204413
0.007549031899104175	-0.011582887394084095	0.043361381909665514	-0.02039213844567849	0.01988540178012002
-0.022129875270589898	0.029414814721595968	0.005417242957953225	0.0035596600987335796	-0.02061589941982892
0.026329980849229905	0.005998181218390622	0.018362788998531037	0.004746825180499756	-0.01024625952777521
-0.002292874979312319	0.011654255949762536	0.02978375477538036	-0.03031569939254871	0.0035347242777072907
-0.0031546179270369405	-0.011974219160333902	-0.014179737540434023	-0.037766460525051546	-0.0009644069077616385
0.03562966776812845	0.0001335017777614742	-0.006468567764145738	0.017624719188883885	-0.006714742220177258
-0.005756141542595286	-0.004882910459536328	0.006630797176762584	-0.007182191774591364	0.00908609702092502
0.0507175244126254	-0.007890370952316888	0.02241220206127635	0.017179892293447532	0.0035285846611408616
-0.015807074284432326	-0.0071700429903368435	-0.04950481744316037	-0.0032615439244187243	-0.028703227004702056
-0.023074332217414485	-0.017679459636239698	0.0064345743304826414	0.005744095523180658	0.03360056548178293
-0.012575561519830846	0.010935224147159538	0.001810002426465642	-0.03456716896484977	0.024587217750093038
0.011461507792060522	-0.02225002137785672	-0.022561880612522886	0.00761371117622923	0.02348877222807309
-0.0066558351723186825	-0.014153783853040836	0.02076676853050847	-0.02485206731781852	0.0026388536637457958
-0.010601187807360921	-0.0025713300451391547	-0.007006038756757874	-0.004435848800155743	-0.006401264944908852
-0.019150197812229226	-0.01520624918545027	0.03573306948300095	0.03786634754804848	-0.029465689427838015
0.003613919612830959	-0.013907085217356858	-0.0066102552009638035	0.0009569791704806176	-0.004288963413452783
0.0264883443579491	0.012317362557391368	-0.016678377699489336	-0.048580919832728046	0.025097276752934806
0.011889637594672037	-0.013935267339485418	-0.015374440210959213	0.060056177482475444	0.008800478023465667
0.014738065835377373	-0.004422520178768913	0.007658146243245849	-0.019161235999242656	-0.004399242698496777
0.0007537907736716552	-0.0025191946280370995	-0.01954979934465916	0.014231755509112768	-0.007481828703658735
-0.0237449762242279	0.016842432441929126	0.024133671553600976	-0.002533926810516075	-0.00905486827381989
0.023800856139398006	0.01011081770580146	0.018150864277159357	0.0022707473638843532	0.03417650774383594
0.026525383155013536	0.021275070473983547	-0.028538110880712186	-0.030521142532759272	0.007879636150027005
0.032794058997376044	0.01726152874888179	0.05241547164967871	0.0011846348754482533	0.01924684850030641
0.03686464742449067	-0.03576691818132808	-0.026068141478184804	0.0015794189466951168	0.011426022925410124
-0.000910334181955387	0.02046133003528302	-0.020196051558324903	0.002251612573245059	-0.015696990313835167
0.012833670942012763	-0.009864561950554941	0.015398902928736889	-0.015988353431508805	-0.019908825909252144
0.02203992771183923	-0.01735306869958446	-0.014249059268185642	0.006212251349395507	-0.015065532075346388
-0.0025946220552513855	0.010868812932205221	-0.007955749753329985	0.04793102092261621	0.017952307215288534
0.050016715821499955	-0.00818781044956983	-0.031891335317408016	-0.05205547050028529	-0.010566789019183967
-0.02004716471963721	0.007468035417345016	-0.01934822595417792	-0.012369145204339856	-0.013584203639541994
0.047848549319456896	-0.004426900796178468	0.012239674810020595	0.020834000297173513	0.0034042042012605613
0.03690362043136583	0.0003737721438809641	0.031361236863512575	0.024864304672928533	-0.029536456226350094
0.03754568783028628	-0.013263412715181049	0.0077773325091003	-0.03600580733639336	0.013418053736611436
-0.018314139707991423	0.002148014100034231	0.003979546616235121	-0.004472446849182609	-0.0150794147760323
0.0045350552717716795	0.002966515809947716	0.00016404134792440822	0.003979596058703325	-0.00101736646844498
-0.038233370092935474	0.017505023719256583	0.010532623469189163	-0.03961719261079847	-0.004513101132673029
0.024313623124731513	0.04511232769226939	0.013848711255560819	0.002231034142007772	0.03317875397258616
0.002162430285656737	0.01840262046671376	-0.007963862258646474	-0.016491415164255504	0.024324019072763787
-0.020809469253474128	0.015814896401079127	-0.014300550471880844	-0.021725330751049345	0.01861621533883634
-0.04334606658703306	0.004996553381949807	0.020305688553016277	-0.006353837636441626	0.013825923794904854
0.044283681097605145	-0.036327452114770835	-0.014930573264798356	-0.00776100942385881	-0.005313142546914446
-0.017046814240983584	0.03455418282367451	0.014070562967592135	-0.017035955761269227	0.0513261107848199
0.005346960844572725	0.028010749372419035	-0.019704473990043152	-0.0040473038859970235	-0.015881082386826846
0.037732177394988416	0.0023667163912734083	0.007773258905984885	0.008723126781392313	0.03639565455499206
-0.013824839356592332	-0.024136912159703164	0.0029331048515422314	0.030899235447210318	-0.0005796750801612995
0.02945226928726677	0.004984609203825815	0.0025772785989200036	0.02790358525569692	-0.018329697831401218
0.014969643301211564	-0.02655505772116616	0.005395522512076918	-0.02037831978257846	-0.013571850949851649
-0.003807992653803811	-0.006708253429416167	-0.0028760410070331425	0.029658633329275107	0.023347579095698817
0.00918310673917162	-0.052303862548825214	-0.039010977055681045	-0.01745305161179367	0.008382350140848155
-0.032576378321275724	-0.02244951168377976	-0.004924944453820598	-0.010807923156055175	0.001840732649434327
-0.01412675464515388	0.011014848379580652	0.02183948812056008	-0.014109649155013962	0.009290475863830732
-0.014669274975315942	-0.017132833064868132	0.002160280739644448	0.009785055159837772	-0.029683448867123013
0.010199925868167054	0.007609683659710903	0.0008502586606004032	-0.028885698563723597	0.007488221703356975
-0.026080207098715568	-0.002789831246734379	-0.030104814319545245	-0.009596677785181109	-0.0016604317181401242
0.024722617288318698	0.028836185656927967	0.0006267002991495012	0.006819665080535637	0.03504137257814247
0.004092254800946456	0.006581657597741613	-0.0004712991691792094	-0.0096140012259378	0.017711527208900426
-0.01234984487248099	0.02977877469659044	0.00730339473920011	-0.01989219040120442	-0.012234422290844166
0.0024450925731840994	-0.05207631697585965	0.023010453518489498	-0.03156538016214793	-0.005771102598718289
0.0039002243626095633	-0.009952409291723054	0.040436769847422054	0.0063101894435600835	-0.0013331667607007647
-0.00786362446931825	0.03587213068066032	0.01076467465320369	-0.0005548742538442129	-0.016377126917366782
-0.007660141540941344	-0.009101186169632	-0.0014960263448898278	0.006810721685342793	0.014073691935804883
-0.020282591677893785	0.008562761375378496	-0.0017013165591086388	0.03387146036784341	-0.0013648721584431042
0.018531296149535054	-0.009929385704160658	-0.00992787611498245	1.672862542956982e-05	-0.03497874942359332
0.03788162279558088	-0.03808009511800729	0.020558706644539796	-0.03511291986947898	0.013875496418222064
-0.02051316702635614	0.03259961188994229	0.019642380825612954	0.001998510125793388	0.02012291344531785
-0.02382979816603367	-0.018682332428518654	-0.02043008448195087	-0.010806789227886764	0.007538092726818495
-0.0030667364776476025	0.016646983779112397	0.005891193613958427	-0.018198018296825626	0.04668170514077996
-0.006872960667881228	0.011863131839013481	-0.009511313093752808	0.009660316940788416	-0.04655461628516222
0.03746568887386691	0.015011974164514042	0.019742419050780814	-0.012650940340993217	-0.015425546233903345
-0.020564807622012345	0.005927545631004941	-0.021344265437563743	0.013806436105476542	-0.015620552326660223
0.008152080701571463	-0.017001035332072707	0.015492090797401293	0.014526436133865128	0.03032301178686319
0.012491728206926518	-0.00875384322168415	0.013982215969208091	0.01607294426535675	-0.013042653631269024
-0.021624798785979865	0.0337674584476057	0.03714954737353193	0.0010474911636232176	-0.009779617581529548
0.020585320741510354	0.001226021619313794	-0.006221500158761028	-0.01880329693762427	0.004383224472581529
0.028479526732787364	-0.007938824024450472	-0.02229318976704419	0.012502488634386803	-0.018845932442348334
-0.00700857988633675	0.021383955064911635	0.019234971647491793	-0.022119456938154286	-0.001675722046630265
0.026105739882443427	0.019025642638253622	0.004735439962972761	0.03737012798475727	-0.027467130309189566
-0.014327653436166148	0.02918229355245674	-0.018284050318728	-0.034330664650537454	0.004549004010208866
0.007502269380513641	0.03546158897223543	0.012086879158788297	-0.005511256866858426	-0.020942481898925294
0.018778198931013394	0.04321097217552586	0.01828349527914199	-0.041194953837915244	-0.03335824985553175
0.0361900137929437	0.014585407301658658	0.005900746097974519	-0.021500874843253026	0.009074098071984348
0.005387528325199384	0.007464125686802476	-0.002748862840168496	0.03866946263620818	0.007166246510425493
0.0571891196397009	-0.049968043614492794	0.005771683902917608	-0.02839648475389607	0.016051765870374452
-0.019931942462004425	-0.0016242032186293788	0.04029062754471772	-0.03186283730709992	0.0025421357146516547
-0.01959257075207944	0.016480211852069805	-0.024127056467205036	0.00464834257786001	0.0008789365338367919
0.015457855948236754	-0.010810663177621449	0.03126451573352513	-0.02443653943145254	0.006994799910566369
0.007066679256811759	0.011196749855329414	0.016970403147162687	0.03799703846304094	0.011763428463003867
0.017773535023478077	0.007298487640005142	0.026248263628981312	0.01890061529069033	0.030858917954825336
0.011481802649783539	0.008393663429500748	-0.02033802494365037	0.009049364983072102	0.006853652850386729
-0.004121920359244744	-0.025212095881560995	0.024846304156291285	0.024107303072498008	-0.01179832312321305
-0.059228084255293655	-0.01785411897924925	0.014228511921058876	0.02761137471455486	0.040031546994698304
-0.0010456865391116222	-0.0034786477305096403	0.007636500352552367	-0.04403402574911133	0.036646626745757964
0.019327096451664128	-0.005676525099325403	0.02332869912642691	-0.0031035367583131038	0.026012677767480986
-0.03317889418273084	-0.02443667569949678	0.012744384909311963	0.021975720120411192	0.040040489781576205
-0.0266501921515217	0.0221256439799078	0.0085175832087282	0.007152507324153944	-0.018072918707548097
-0.0030561350847504486