UV/VIS SPECTRUM FOR UNLOGGED COMPOUND
INITIAL_VALUE = 350 (nm)
FINAL_VALUE = 800 (nm)
INCREMENT = 0.1 (nm)
0.03694808233741784	0.002824655746149615	0.02974198864054143	0.043387419129540486	0.01868950716890116
0.05597759755420211	0.036241409031566196	0.053337637333680896	0.04237337518352654	0.039050160101430045
0.08232762520317818	0.03424528920130212	0.039994657696928025	0.03274749446963856	0.0352057382988832
0.0328143038801729	0.022492394451184058	0.03903446027907125	0.014649479247339904	0.04516041449041631
0.04626911007540509	0.0267060725437401	0.011561286859216112	0.025146745113687325	0.053047075557138064
0.05518301967379248	0.022331556367109266	0.022643974279920497	0.06328133856430775	0.047883075527006005
0.07221767677957457	0.003583004394791545	0.07818673609053323	0.05010833155710838	0.048056439426722615
0.03492998189473081	0.044218178849309876	0.06538413868264115	0.042849772877168	0.014364906863362954
0.011128701594353007	0.038171557450569736	0.05185796852591975	0.03342841232906474	0.01421819991318682
0.024037692722062777	0.039036526123161094	0.05838099895284687	0.004474520571318488	0.07101816728828646
0.02975111518570566	0.03573139469631108	0.01653726425235738	0.027917573693575448	0.04272271510044571
0.03388463976423483	0.03709188621052606	0.012231345910772705	0.045810939808863915	0.059674181519051565
0.06307660538080766	0.04785677861846254	0.05338745802722568	0.04693273196267452	0.057361282832956065
0.05200286367796346	0.03776855971118087	0.014807766742328372	0.03510862532649608	0.044990417733484535
0.06590623524670096	0.05046278562477425	0.016169287598268658	0.011395894821010288	0.045435861261425105
-0.014063395239810234	-0.00712484475166216	0.06454876153352371	0.04954273039753338	0.03519661380749622
0.048717196051155306	0.02271503698953325	0.05240598628755127	0.0322067394236946	0.031397011461403924
0.06626120608693464	0.025319587335888277	0.03219946159286422	0.040235563048422227	0.012696693882355144
0.06557272702983438	0.03803058613442431	0.023464143132407547	0.042377355278426995	0.02909434394609456
0.052700504946395825	0.06870794403180852	0.022210416308799642	0.03524247792629984	0.0578192474302739
0.0367310507542516	0.09260880232412938	0.033821678232179964	-0.001409957558708451	0.033680615737672615
0.0705539382597513	0.014700036210770814	0.020783853253783405	0.051476154895183895	0.02329033618003007
0.005623869633129098	0.03554549939048175	0.03284518674105009	0.016909617367901697	-0.01392793943474111
0.05197674479198408	0.008487288098990051	0.0474188990027519	0.06227789923611065	0.0498786186787732
0.013552920290139457	0.06869255246357917	0.050639847223998724	0.0262345638912094	0.04927900285710833
0.0650629673951436	0.039832247947459105	0.04438310470770928	0.01624940119008705	0.04920992567467542
0.028779231696806004	0.05988825922262698	0.03511631692483291	0.023672495508129054	0.04976738209428424
0.037358963767923435	0.02085320773349849	0.03415926225486875	0.027224185971337828	0.04142969020397193
0.0436837042700183	0.05406906198731759	0.06232266279391224	0.07488562639531968	0.0025801787153011753
0.028176630066569383	0.038885377653612656	0.03175591315004993	0.053998616957979306	0.03635246570422352
0.04744833621888182	0.04552402372000783	0.037903183243561095	0.10298821782151715	0.03410029375382168
0.048395583928549465	0.030580844572089684	0.03865806427235123	0.040149177515853854	0.05627962650687646
0.08626807652191304	0.01670344852301684	0.03514051949948856	0.02094373234763959	0.05238776873863661
0.029867041836350028	0.07022027720422572	0.039438913271041834	0.030209646049356366	0.05217108857294828
0.020180777671322092	0.03492248739138828	0.06964946255149324	-0.00036935695417389565	0.011302554767401952
0.06700146069590976	0.04522876058186226	0.056183251224773176	0.026340709480433825	0.06876717363393871
0.01807177440907679	0.04728111735594546	0.02110951651861786	0.03087622031262487	0.05313453350995389
0.030373345849509573	0.01434333817070058	0.015054673905455083	0.03862752076080361	0.05780357233096708
0.007021517689975406	0.013017678219130219	0.033686956248981145	0.04162777719411737	0.019795784878366408
0.027671454889183326	0.06817706307676656	0.007564536833156294	0.06476456855659068	0.01763685608445405
0.05184140223913292	0.06570942216490637	0.056763261853243985	0.03904167145516657	0.05037536300650273
0.0006753978894292976	0.01219875835244908	0.05071102797967731	0.048818246007775144	0.024052799403440846
0.06822573719431056	0.060266221953011276	0.04864505207096743	0.059062387401959356	-0.009130420166646514
0.06186607422236588	0.06962198354356566	0.0957494682033231	0.034743150899813495	0.015464451416583924
0.039225243389791206	0.00624086129995792	0.047172937510412405	0.028532966698112106	0.030637850930694894
0.031817771459918105	0.010271583251156206	0.02533376158076177	0.023842387114580216	0.08552660596623159
-0.003548745905998337	0.027390884677766597	0.07097587139026017	0.032049610036951254	0.017571650985622696
0.04912917511178397	0.018713093398032638	0.045319965611840186	0.058032652566440315	0.02972726255904034
0.06653087923670711	0.03309415737844156	0.04493967059319489	0.020842793918975554	0.05457968347451255
0.04140538535954808	0.018302922365368776	0.0123605645488981	0.03381324048508463	0.027332813287946678
0.021667645354495012	0.0064665302576786	0.031149085673063015	0.053321587507920154	0.05476314017163255
0.05902535885809879	-0.008231469200649384	0.06433999899277182	0.05605811397216645	0.07491407642498185
0.08020042670408879	0.04762803677635278	0.04024657618650139	-0.004814419746497362	0.03101855085498562
0.04747501302052038	0.053435059483641086	-0.006650243543857723	0.03678742004210094	0.01434312472627189
0.020418997573077188	0.03925538619846239	0.09099266424572851	0.052498205677665874	0.02469061186650739
0.062272917224813464	0.07399173290364688	0.08299054788418002	0.03169130872545705	0.045183208492428566
0.03557242720776305	0.0627352937303578	0.038317598083244385	0.028042065290400722	0.04648902820043293
0.036781878091587304	0.060316161002999594	0.010595421739242895	0.03327193019923877	0.006518979663648398
0.04987115946885552	0.0368904913841433	0.045412142969199466	0.048396240495783976	0.01552073451516241
0.056535090664268525	0.02519557207863903	0.03696752178765944	-0.005691404406037304	0.04953650778365111
0.06592742127256214	0.041733970508626345	0.03832932518472745	0.04730451907800581	0.0184120755493462
0.032412621024381305	0.009009216631228459	0.028108300075753552	0.05887951441002777	0.04009319772840739
0.01171828721565443	0.03921039744731295	0.060602611716908006	0.04801663916258593	0.04158926832605114
0.03386958527162423	0.04219331939999388	0.044981137635781314	0.01970989059000907	0.02056817541431609
0.05339278639043544	0.05348740088447921	0.03972255504848385	0.08756935600321149	0.056363854407788495
0.039954918056788996	0.0428887898635895	0.06949271890894028	0.018266260038140244	0.03205651177581212
0.01812457566326802	0.04589588905389621	0.007349665292217284	0.0918235298067773	0.07136691327276057
0.02241816877449631	0.017039165903244266	0.034034671991389265	0.05388121305382641	0.05049658701237757
0.03347810575801354	0.036687864047794734	0.02660839647808761	0.021001376102652895	0.06408656116611523
0.045917525779601814	0.06728890182273088	0.044471037542553306	0.08454451914267017	0.06053422269464655
0.06485536777929297	0.059667532623820504	0.0447334481546924	0.045497945739989505	0.04124496520061892
0.055492113120193046	0.03621744162238351	0.056916069192780326	0.06959185149541827	0.07226653214420281
0.05371684785445534	0.05530356952096924	0.04792806614468899	0.046539770781510746	0.004403214590942658
0.019231698241035426	0.036963914849369985	0.032207003376837365	0.04011556463216485	0.08801280322215108
0.019183693775290157	0.08008813049726295	0.04335839298013529	0.04044806120669077	0.03730510989633843
0.021204512333218704	0.01778098730601449	0.03837848190934892	0.036657074878628654	0.07434641809504641
0.07250043570177568	0.04276502005777272	0.02072135567324726	0.04638520269790757	0.035795175460930896
0.0906530183594656	0.0833878332222259	0.061521612548338364	0.052212893246775624	0.03397467791191311
0.048607011149525356	0.033282460589121654	0.08115014122905947	0.09399610342919802	0.04469926278603539
0.03582415203335691	0.07019501930639019	0.03967923811528013	0.07329235616537952	0.06860995499937399
0.099160778800426	0.05662957721410527	0.0820933326353479	0.06061371979401384	0.07953195235522187
0.07607994245502046	0.07196094995197892	0.06351103313361307	0.026144957846130773	0.055972715483597016
0.053246386469692764	0.05868084036516224	0.059100623070041824	0.05718441155974694	0.06614208423622185
0.027873806468726097	0.05527605021122036	0.07285650269140598	0.04216742676241483	0.017510276290942477
0.07225853965381526	0.06089300634181939	0.042490520138694185	0.06516822469882452	0.04663210411612497
0.06056853061791761	0.039972396429362546	0.05542248615635658	0.05208248787915166	0.06076749711679539
0.05356841994722946	0.06261281879121061	0.10864582012726141	0.07833174551626736	0.056094356769261375
0.02645014644807384	0.03118361788905416	0.07100246683034864	0.07215238844258604	0.00837859251068505
0.05626604034201085	0.02449629642707656	0.04645305314061192	0.039455851165236436	0.025378289915940027
0.07929094794892119	0.01933349919117336	0.04960176404892986	0.06792998806435448	0.03975560423884796
0.06567929862697812	0.027932813026496636	0.08141239351912216	0.031214233753348922	0.07072495186913849
0.035425251142525364	0.02485664997143494	0.06509242203282618	0.05067161551990098	0.0852149348753401
0.020672762443535338	0.05636847395177151	0.03822646792374051	0.0403382740546844	0.06487823380325997
0.03264038101687808	0.06621525757430072	0.04750662296680955	0.039852969979468515	0.051304698475982985
0.07875492074764699	0.0729304236238744	0.06997873454236642	0.07717703727514538	0.07350698736691585
0.08975342211744554	0.04879985860737457	0.06922176503923735	0.08882529470951449	0.04529725786143859
0.01894436080183322	0.07303666796317856	0.05368952752255627	0.052781036313270684	0.05581736952374329
0.10281601192910966	0.09382261100794188	0.04143414548160218	0.08745559634317465	0.09247889843690646
0.06214540151953299	0.0381098016273994	0.07645546623852113	0.08320330634831588	0.049786004132426065
0.06313861144476272	0.08951437957926926	0.042207885926765734	0.040362790113615446	0.07416711252166093
0.06225628967002857	0.08516823990148584	0.08711541553618674	0.06854851915875591	0.08824405437984127
0.06359904192908776	0.048044386996665134	0.07229506375022181	0.07010782976676105	0.06254130521258104
0.061924864020341794	0.04995150626106266	0.051608819060079636	0.05448222234436576	0.02268773445296324
0.07532074153532034	0.06083618638229063	0.08851747253019511	0.07970248152234752	0.08420572591445413
0.05063774360474721	0.03385360060153497	0.03196917244555931	0.0666231149140871	0.07859281302798794
0.04493421410551765	0.05854286777461814	0.07476689594946538	0.04650647584047337	0.0332755702236157
0.08114170578074294	0.08001323902692478	0.06283711762128494	0.09253358593712013	0.03676613581990439
0.06502615106299696	0.08702519564391567	0.057429773600482924	0.09084796155848081	0.04410819186573027
0.054933702270442177	0.06231404328170521	0.04614759120876889	0.07032910157033978	0.0671632980625372
0.11632525972065795	0.07319820750436329	0.10692698001151829	0.06764777464308518	0.07013803238830167
0.0694698575686596	0.047325798484199245	0.1192608816762382	0.0787612252654003	0.07187094664305092
0.06688459586081158	0.07991799397281484	0.09962590118903282	0.08834847182704988	0.06627038493053312
0.07254384766971907	0.09979897240690437	0.06573350303765402	0.07644730452634778	0.07175803029567701
0.07828408583888105	0.0781734446828278	0.06992981525980023	0.09603177029880151	0.0964024421254544
0.10955547002791409	0.08101911062809146	0.11560105966012157	0.0942410152787621	0.06853018323119572
0.05528214123709599	0.09320586947653828	0.10414804760057263	0.07350105303500472	0.12133035874383634
0.05052206392911519	0.08398118145780051	0.07844402579229987	0.12334999156213719	0.09594699162364934
0.03916348955685573	0.08878210342190368	0.07752064274033789	0.05590973892457572	0.05339663831061673
0.10306541767123438	0.0790597402518615	0.09758106854532275	0.10342286437775454	0.051996854794571015
0.09754694441895016	0.06171982812220607	0.09134558088002614	0.0741307637433324	0.04187910287389028
0.05644011752677146	0.09831759985472543	0.05581691396894443	0.083905887855546	0.08542562934736858
0.07265378865524051	0.09040621821878415	0.07298423759099262	0.08532225973299147	0.06998303110748075
0.11445779684895831	0.08796765385380477	0.1168841690969594	0.104427395294771	0.08148300882701003
0.10051754411976582	0.05120390110479955	0.0639838981813297	0.10387855112046221	0.1141034041786631
0.07076693215004483	0.12648022875703224	0.0927009784335828	0.0790863922785351	0.06983429621005473
0.09166918299022725	0.10364000916742998	0.10609294235708827	0.12045330915134053	0.09517739594156548
0.11024393179892673	0.08352306817531018	0.10152665978545478	0.06740117898094534	0.07196842981280324
0.07648880379079251	0.08441092753108231	0.05577155625115294	0.1024042850948628	0.09381377547848144
0.07500742861782099	0.10042474134508436	0.12262123857022698	0.09703346938724744	0.11463679216272189
0.08896744484603408	0.10236654760436135	0.0855387203358888	0.10153621958240257	0.10546659147804797
0.09051525549660368	0.07676521711546597	0.0996821926817304	0.09879972091438494	0.07201842247732053
0.11787123190876585	0.07405080920781176	0.054057858570580646	0.08787867767834039	0.033030736065778644
0.12277105789360715	0.13608739087398097	0.10447895113257404	0.08262620023738386	0.10927772127920811
0.10898136128613223	0.08631849563102201	0.10066330181601531	0.09047884844028471	0.09651032292454552
0.14488347111438923	0.11975234544830705	0.09654693061291318	0.07561038603256112	0.10121153237723889
0.10928766988686282	0.12069300607495513	0.08799187943845067	0.10627974104673278	0.08884947571362192
0.11836961557730764	0.07965574993842088	0.12485186852285524	0.12403428067038709	0.13732333811761804
0.1530104304174864	0.1219439145585764	0.09245127438486964	0.12281995339663923	0.10056180917551608
0.12712724042223916	0.11861248642778488	0.10403182335716088	0.09316784692928262	0.13389052403622745
0.13332352772935455	0.13278606135287951	0.09563645366489676	0.10641548075350064	0.11809534894796951
0.1073316612776962	0.09518810523837486	0.15149901607495683	0.1490191570076271	0.1277508797496378
0.1516489576643463	0.0998594687234591	0.10764739625674959	0.1228520954340689	0.1465188225217995
0.15160448811934285	0.08223772108012187	0.0948715997242465	0.12314567012007036	0.10271238616929446
0.10551969147931518	0.14181666214106747	0.15982930442386678	0.1271110647972619	0.09904701994414246
0.10564216109957329	0.14102532107574697	0.15478917899758288	0.11783530843001365	0.12440441557551503
0.0910191418217362	0.15031789028377757	0.1399542090992156	0.14220761019775346	0.13926165728568124
0.1420031009901524	0.10896901798824751	0.16363045359230083	0.1252910377812273	0.10754330990494977
0.11839645026740017	0.12061843625679783	0.11606763589873195	0.10192001695239351	0.1339159573312814
0.12151130445276148	0.15923688287065552	0.11481447444979913	0.136188428614408	0.11083446139668444
0.1602059411237992	0.1490263492597243	0.12290627894245176	0.13623002085302177	0.14312786209113734
0.14040124247368266	0.12838770965956076	0.12587939619221555	0.14519918853848376	0.1333601596799765
0.13485821351440463	0.14147403366198494	0.17549446899264748	0.13189139249058132	0.12316420249966818
0.14610421653228106	0.1513960582670108	0.10556225457716284	0.1381262832781318	0.1642637877987196
0.16383522487226193	0.1646441262699741	0.1442948167946168	0.17234157415453724	0.1608506943799657
0.16215762518397603	0.1568163537672508	0.17738738139997648	0.14240695610687612	0.09463597117729998
0.09563580234607136	0.15131707364103622	0.1256262868174639	0.10722980281619209	0.16449843948259388
0.15279936892423673	0.13417263657364206	0.15254856294217695	0.17087092222362632	0.15825495982855478
0.14988275951129662	0.15070723960746712	0.13193836371089074	0.11108955892201763	0.16243850019894407
0.15534198285560782	0.22921807399496358	0.1379730458918926	0.14569875220444745	0.17395731114098523
0.18167311119230561	0.16418602964521345	0.1252383246830227	0.14288510420425776	0.15150402887773146
0.17517448854033701	0.14868346917745678	0.20036018387524335	0.17754655401879407	0.15537897290194091
0.1336848453271161	0.14747418726008432	0.19187122078285845	0.16767259536724688	0.15017705390204245
0.17240939568084646	0.18007342905794657	0.20527595718724093	0.14569510761515825	0.1684077421310786
0.1777618101573573	0.1732251983826802	0.17579965883928877	0.17466821120380674	0.14385095838294804
0.1707740691910892	0.1808800674328649	0.1604621063041696	0.15798427166043502	0.16308092534595547
0.18221761070216203	0.17277249754611293	0.19943587311171768	0.15734513817806656	0.16461441727637732
0.1512274776496803	0.19434254894166955	0.19148863122772197	0.17752959669075702	0.1620049467143705
0.20814640883515526	0.23627566377235998	0.17369782362962888	0.24372043059803997	0.2061105352709016
0.18534477743984473	0.2270424870473409	0.20349872010582118	0.18785533966426787	0.1576669742052362
0.2024636621860052	0.21463329470015372	0.1999791233099709	0.20917768862191272	0.2070423585352287
0.21244112493290945	0.24792654564595054	0.22616110980086312	0.25520839653444727	0.22653932962422105
0.1897138331551455	0.21564167665303857	0.20600749745901561	0.228635626641438	0.25160301519822004
0.2210094105287843	0.23165916352584703	0.21848635544917283	0.26577605030615975	0.19995075955994043
0.19819287567766836	0.20457466569030894	0.22759762298757785	0.2182525389993647	0.2655127794716374
0.23302097176284514	0.2450267787581622	0.20335862509155092	0.20029407090849607	0.2299613731747532
0.24773368747058194	0.22275894969804766	0.2247141206512617	0.22679032253660447	0.2331517312325537
0.2434055055943525	0.2227536351835741	0.2506223861004398	0.23359826296339792	0.2220602378856571
0.23479316464879887	0.25425611062450326	0.26946628544697176	0.2354035745526314	0.2557295099533427
0.2391253844498969	0.25400851968888966	0.2488041143133682	0.3103027616359237	0.2693143537576651
0.27002685558351214	0.26183727887716296	0.2804922608262418	0.2739058524185146	0.2547888445386
0.2633719332985896	0.24493730036290548	0.2665446085126064	0.2679004740620604	0.2647995209071517
0.2714117172093912	0.24797957983448354	0.2987397104175178	0.2968850041540341	0.2699963261125597
0.3037130948078012	0.28746952262253106	0.2763396268282401	0.33464329305485374	0.2541323638629375
0.29852054580238313	0.255248647210292	0.2889672518392844	0.2755356953393303	0.28127768204763215
0.32189536256167184	0.2912387540918539	0.3380633511608924	0.29519401192298367	0.31633665230724295
0.3115298060979904	0.3356856850030031	0.28643408058138176	0.3361255308437353	0.29613605760272876
0.3009907522632523	0.3490132116803447	0.33291704165978114	0.29361723919545096	0.3324784802319554
0.3057328293369711	0.37226272414001665	0.34249367792115	0.32657688769614784	0.32657645712476374
0.3580243718182346	0.3237088840581991	0.3343139912414852	0.3234585048750449	0.337056848563001
0.357419884244962	0.33661872215034755	0.3306032718780124	0.37426618132496814	0.3639346099096935
0.3700895312907063	0.3278291431653795	0.36576291290863905	0.38112617635377477	0.3628963690597456
0.3829305453421565	0.38230047553367097	0.38414760491139843	0.3772209541415799	0.37847935499433183
0.3657949278900992	0.3423828139089978	0.35141837474479115	0.4127958946509208	0.3783527491816226
0.4086232117155429	0.41499820140323024	0.3992748636932164	0.42768892598106095	0.43035734708415546
0.4610295727831929	0.3815457560651912	0.4146202643192888	0.42775889874224554	0.41987235530344647
0.428640773805425	0.4413865403166931	0.3986329550690621	0.4073246285726399	0.4598293735570193
0.42718056010008554	0.45739620447780455	0.46633342153630686	0.4592120943539207	0.4630568716678815
0.465715871891063	0.4147866919981685	0.4272442295244684	0.47629943283725457	0.4568297721523502
0.4715471660404792	0.4842214043027839	0.4754277342684394	0.48644650092343455	0.5056876915369396
0.48082746104866236	0.49436321276568373	0.5429068584405723	0.5049095885347166	0.46871860436953006
0.49291053531432444	0.5106984598150615	0.5173472875202191	0.4941051742398004	0.564599377514935
0.51836156034405	0.5409058859587604	0.5456764756951409	0.5559320420821576	0.5288522260075571
0.5261271083904071	0.5322171722293352	0.5386025637045856	0.56664201310831	0.5734938107338936
0.585506997914351	0.5598922118654065	0.5654195809118945	0.5748149733782236	0.5793156398395742
0.6139222436147075	0.5951374475975088	0.581751208204188	0.5827933978191601	0.6126605610818052
0.5753879425035555	0.5776617100220988	0.6188276545545236	0.6324639562572231	0.6507881857974807
0.6104733952378977	0.6507146179255884	0.6501051275854924	0.6317639202903483	0.6517498126882504
0.6752820050856221	0.6312160527129014	0.7017078988862014	0.6547340628004199	0.6804105784186355
0.7144447182766887	0.6878177627306319	0.6968191067369705	0.6936024418377978	0.7009729012040651
0.722047031627809	0.756386220389234	0.7373359471041502	0.7092059377096901	0.7391753798333787
0.7424374427210454	0.7906451212146667	0.7381623431763021	0.7812963287591185	0.7792426056169062
0.7813660833918135	0.7352016798791284	0.8080889849692405	0.8304821679043901	0.788624648669845
0.814198996326642	0.8090050289061511	0.8041337596720848	0.8674560867114987	0.8251330648635833
0.8585620540512977	0.8490138444761081	0.8567301834615314	0.8755465954770684	0.9173960048212328
0.8948888584764664	0.9231262077747038	0.9094886015178913	0.9399745142576991	0.9478435114076884
0.9345674450587624	0.9307726077319372	0.9483671217812455	0.9366818606809556	0.949163638829455
0.9550069986174695	0.9902857658827913	1.0043655990536091	0.9968175356037959	1.02707195399013
1.0092904618665985	1.0523864562817709	1.072914060229225	1.0462559688724364	1.0601657538136573
1.0876218437904694	1.1425660885214517	1.100962165935505	1.1142405612216768	1.1414139287332543
1.1304075894473957	1.1604764946958017	1.1690538937457393	1.1637059853803071	1.2059596216863806
1.203762361628731	1.2190018138788343	1.2504704353387983	1.2546023885533422	1.249075924388516
1.3077696328150827	1.2671329834608989	1.2881674965793535	1.3398884271721634	1.3106555262997095
1.3240630382713463	1.3333095276586209	1.3608326343576338	1.359179453676528	1.3950879568158079
1.4013141860398193	1.4506018256932203	1.4186365208025111	1.4693686127434906	1.499176550574232
1.5042561946863238	1.4834905714743227	1.5694730271661779	1.5581758579404388	1.57378494531035
1.5761786737286685	1.6021560048298118	1.6447493719708108	1.6339783699806352	1.619330224366417
1.6660497253514406	1.719988642149202	1.712448745639743	1.7207513191482735	1.7123109195628898
1.8000134357485802	1.7718700033678665	1.8154702605773547	1.8483245656616079	1.9015897000505597
1.9369138504253625	1.9023788675697415	1.9489100343050492	1.9595006779793427	1.9802092457074174
2.0060493233405965	2.016644461328179	2.0457648278283966	2.1010282986744593	2.106257457396831
2.086604838071895	2.1458036285287285	2.1799882267598094	2.20808550601483	2.244991939122824
2.246867018118901	2.285686414073181	2.295390713397374	2.343327955405151	2.3700768362598543
2.4002374044781516	2.440123042130636	2.4734811389839186	2.5066749189446416	2.4946149263228556
2.5287685027897915	2.585783789868151	2.6365453604491265	2.6646348193869307	2.7336738245508214
2.748237276137491	2.7757765279897106	2.780819696073179	2.8622505204178674	2.8446267195893546
2.851215322343786	2.9503448075689542	2.950255496226553	3.03310981540695	3.0192564231563903
3.063737096260298	3.095838060431598	3.156331299604015	3.2037521170803918	3.19440255719034
3.2827156952625134	3.302018463606302	3.3584789309780625	3.3900085311785872	3.4483715338018786
3.4476506482806655	3.473398696742389	3.5158053522815416	3.5877554458716485	3.6034536836262916
3.654955283658786	3.673665460429273	3.7488373452249544	3.7686829968558833	3.786653132241152
3.866993119354644	3.8758119631194146	3.966833723473499	4.038318694667885	4.027613024930213
4.063397548634379	4.091281913689811	4.15661639044119	4.161140980020199	4.238895487593947
4.246006170464515	4.337474813115168	4.364920841309415	4.400665203060977	4.442468202668582
4.485361445002959	4.47098348917724	4.487828251953626	4.546256177894004	4.595259924229161
4.634902030197816	4.640928392896813	4.66376251732252	4.709543811436853	4.728463759026867
4.78774848757189	4.7906821731998654	4.804447279435093	4.837248518719024	4.874210460845385
4.894720398745122	4.8930498454002525	4.963955075400653	4.939693466339687	4.996666263902549
4.9661612874617775	5.017981280580678	5.0035076428209635	5.002359778269064	5.025598652794308
5.055847929845085	4.99323747179458	5.122291044726729	5.074684279813017	5.088192814093416
5.086517719218446	5.032553955238177	5.086670089867191	5.069528946384673	5.082046685037329
5.081873959868374	5.061118490828239	5.064167062771203	5.02373375127407	5.021732502129412
4.969332327249209	5.018506160590016	4.982002182489738	4.959182365319479	4.952045964140837
4.915987329414418	4.89188128037528	4.875583893068138	4.8700125833174335	4.825551577632167
4.79167944315433	4.765814659571114	4.7483046431228235	4.69483867106313	4.707294038426673
4.637447517333639	4.621707165406351	4.602599894337547	4.571817838012744	4.500336447683414
4.53184018379976	4.445303386396194	4.426155907665559	4.371446702257164	4.344934711371589
4.3029594234442445	4.268524205652964	4.222927142233545	4.185083341605835	4.123099751900135
4.111404815925623	4.059587963028407	4.008499885953293	3.994101087561435	3.9317369847316535
3.884113485361791	3.8596483850476773	3.8285851509829936	3.807414830724353	3.7806210122372073
3.7211361765216724	3.6961308596463733	3.632342040805713	3.5971563356350837	3.5720439577108634
3.492376164702874	3.4452118683073385	3.409083847571906	3.395469706182843	3.3172530949288626
3.3004957734508036	3.2712623870314266	3.1941695621214174	3.1878708625469256	3.1562279266867295
3.1306974044539975	3.077751120715321	3.065095424554346	3.02399852229327	2.9797373519354777
2.9299813399013015	2.9191376471767128	2.882392531695118	2.8395843063144954	2.7864428528351857
2.787456759530942	2.721117513891959	2.66432294767908	2.665265579489108	2.6106700998980443
2.642279715861681	2.5788639429368816	2.5374000005697805	2.5023997818935695	2.436539703438976
2.4065823349907167	2.405202132228307	2.378481770517146	2.3476615473600395	2.324749743819087
2.2863101484577557	2.277782511424358	2.2237802569766956	2.208525026925791	2.158915491653304
2.200949008986042	2.153386356599348	2.08355624652562	2.125345648434717	2.0679980890825207
2.0751519066619903	2.056538331756313	1.9841726157945183	1.9701461579456812	1.9462655654404943
1.9121058027738498	1.8827254917501337	1.8643810114503423	1.8033550608482036	1.8570187590771332
1.7987362692538225	1.7825304902648658	1.7741264987945689	1.7023562707763202	1.7424898598763947
1.7118513157310153	1.6889224436568442	1.6616929417097808	1.6454475655959075	1.5960096129001982
1.5923690351917006	1.6001680631076418	1.5622131513991813	1.5202690301525672	1.5725989328755823
1.4803540114261509	1.5093294584633858	1.4750122624167317	1.4595176864815795	1.4631492011760039
1.4341119774956939	1.3932616892521323	1.3852008559461646	1.3322301389548332	1.3653939847660637
1.3475638171366278	1.34950630089073	1.3124872141632	1.2925284770222676	1.314237422268567
1.273915948183835	1.271781865232706	1.2323017453434122	1.2223163490467281	1.2329555068970097
1.2434390558695476	1.1914514762845363	1.1613150022605525	1.2162784810705405	1.1738749461273312
1.1778351188885252	1.1408277986468378	1.1643219030137135	1.109995452236615	1.1312452280122027
1.1017491073203596	1.0604429781759928	1.0831697868972223	1.1184838763348295	1.0764904197657268
1.0810226661860662	1.030546195925461	1.0231048359364892	1.0330746803031259	0.981142730669573
0.9816171547678775	1.0334116861268787	0.951795691702434	0.9783479226158205	0.9577378957376348
0.9301689880146271	0.9237487347899378	0.9263452132536949	0.9048939402474265	0.891022604140698
0.8980567103608248	0.9242879084511961	0.9021091299562353	0.9154072751876655	0.8314039203402064
0.8742045861764856	0.8884946139535514	0.8732049137424738	0.8411662693721061	0.8377075831242881
0.8091473358364274	0.7820560039333789	0.8085621305757265	0.8268203314907586	0.8168229247923635
0.7843120353217377	0.8150434445961223	0.7615581665854365	0.7762633954880297	0.7818479021559059
0.756400254920624	0.7588723859971102	0.7267589903868393	0.7545158976684586	0.7606964979752037
0.7628977115986559	0.7021548401961922	0.7420094312289373	0.6903418632286166	0.7203736595314197
0.6625332369971016	0.667156897929426	0.6883643749163563	0.6819776068231147	0.6786915867345376
0.6925755676592058	0.6856107670080581	0.6428349658850652	0.6249847489152419	0.5844387694283718
0.6158863918979058	0.6152939179827212	0.653054142103299	0.6159538515561852	0.6294420098944108
0.6431537495883385	0.6031465558614788	0.6361985196729646	0.5752758963578066	0.6085223166355684
0.6067277722432822	0.5908896931893827	0.6035661968023621	0.561238010913545	0.5429782943781893
0.5585350792747299	0.5867606092020073	0.5764262262132992	0.5245662693805908	0.5894177796478981
0.5493247398075962	0.567928963806947	0.5597030754963872	0.5475008885437496	0.5203304234390019
0.5379054675658798	0.5490414282055366	0.5187133937636906	0.47409613451360577	0.48975934085811845
0.4792450671529939	0.5167659712598847	0.4358411070683914	0.5145676523051237	0.490152156218833
0.5131368228622447	0.4930750795233573	0.526334503211353	0.4725238872272429	0.4721264422636834
0.458512625512893	0.4173786651238076	0.4893622699980254	0.46344190344773384	0.46503458251598684
0.4165571561700881	0.47434159604469167	0.3934060050390189	0.45091551871744323	0.44221511146519943
0.44470860953190994	0.40411603408238167	0.4534125684890893	0.4414852271272871	0.4390307447688192
0.4258024103729113	0.39521017156161203	0.438366468978428	0.39886925829394576	0.4167506918095881
0.40109787896650345	0.43635174589815545	0.3907321667070728	0.4226802383320333	0.40153158837004505
0.3878305003088721	0.417580432113051	0.3941264531746565	0.38245239245838125	0.37950339263067917
0.4064865922598223	0.3497119759934532	0.34289055559346066	0.3958723806877418	0.3300351424470794
0.3946297442884682	0.375949993775636	0.3727020346280518	0.3335078844466305	0.3781400278975837
0.36497622958188924	0.3667663874715045	0.35426002366003606	0.33315921526215403	0.3807514860331205
0.36635383767965995	0.31176160624279553	0.35199489555061125	0.3634175110499272	0.341949628290391
0.3655555088061218	0.3117688190015161	0.3374521683804043	0.31081659000372014	0.3231669804125726
0.3188117116229588	0.33957558568274326	0.32391654873236214	0.3422974674013149	0.2975255446768032
0.33316799681411763	0.33071144019183785	0.3372954343207286	0.3047996856794568	0.3561532115921805
0.28151101581662513	0.31507531770369573	0.33771669610030003	0.26797755863636924	0.2637988137634549
0.2900267496880443	0.30194198187350424	0.2807802914745908	0.2439548857208366	0.28422277452713934
0.28476597429518874	0.2746225450892868	0.2828253534272979	0.2685442880936806	0.2536068098764372
0.3278091135578581	0.3117825357702023	0.3358433059750373	0.28612549107557445	0.2848283661051147
0.3036417120113307	0.27885250682911866	0.27196093034283125	0.25578700257427484	0.2594008200785433
0.27970001984104326	0.24987162066036225	0.2809320036097443	0.27653940936750254	0.2425445975460011
0.25880665468198216	0.23942237570213834	0.29778714701096837	0.27771162811123695	0.25432748957772267
0.2804850654701183	0.3201039494257131	0.28594202897676424	0.2642300431827936	0.27265183742945404
0.25999386097770477	0.24911126862796112	0.2893751614487166	0.2575232789744892	0.21566841221187016
0.23373235827216243	0.2352993565867229	0.26399706519850596	0.24135772866821378	0.23242948629259272
0.25770398396973226	0.22316801504157543	0.24934652826916284	0.2166848337371722	0.2515388025857317
0.23721255169963434	0.2866323410570531	0.22624214654881245	0.27329963520338324	0.23892176279889768
0.2138643068251047	0.2482582845722273	0.2270730629296458	0.24358716140764336	0.22466163868667854
0.2664438198189195	0.2028054548309404	0.22429679335305228	0.1834190896935146	0.17448898374284486
0.18688441263826175	0.23496795593683759	0.23015294917276596	0.18750820075349595	0.24281270434482302
0.1829466721364713	0.17942246073061296	0.2252049992345924	0.22116993514573519	0.22602423518724632
0.265093571331752	0.1934348246668044	0.183576938950949	0.2036106844251969	0.19401460492223102
0.18684243031698103	0.188827922822747	0.20565924226609664	0.21635677525689836	0.19324091260571086
0.2291793189853271	0.1939118708256763	0.19902139747210962	0.21361808194022083	0.19251358897971593
0.1618109697152375	0.18772322940881386	0.2217998753414319	0.20680105643638919	0.2071379515753523
0.17762720060996354	0.1835649616009052	0.22074651327276437	0.20516997748044483	0.1997382278121213
0.14806049685574782	0.166107783304927	0.22423503796629277	0.18187334076514192	0.20169206471863507
0.18455517337130548	0.18374180640389537	0.15316235862314212	0.16454051230065747	0.2007511136224842
0.15769727469156777	0.15184874059486356	0.1719015605123155	0.16645243244474356	0.18257158467105264
0.19421022223863477	0.1545238427160786	0.17457588183006875	0.14554207072131684	0.18632920761330446
0.15081861961175444	0.16230453666371553	0.13468623450935946	0.14519384723372364	0.16104257711732814
0.18821742505717506	0.15526602007937065	0.18197043484404304	0.12417263007214632	0.1536516839343079
0.14633850005139587	0.17539350269231035	0.13177253174570913	0.17626450611289948	0.15992741901827265
0.13137103732525562	0.1465006002023474	0.1388506392262118	0.17525289769938307	0.12037718560174201
0.12079500133572882	0.16508051417818412	0.17576456952737055	0.15372915219973732	0.1466858766767761
0.17011306278729202	0.14784595790107302	0.12329289435200282	0.14881341662840974	0.14319588506246997
0.18333227707113017	0.11166952491405084	0.10219257748371126	0.1549663163671729	0.11045806244440756
0.14278591424909848	0.15293023794354724	0.12214942877140832	0.15868656179426582	0.1445576218790529
0.11554757906830754	0.13806361921415056	0.10754872558897223	0.13209086741968656	0.14658024493264596
0.14443969811752463	0.11975087083159475	0.1283383412008169	0.0969729278118641	0.146189321517343
0.15048570847227008	0.12987076258938546	0.12181289544154308	0.10883934900628353	0.13577601954753404
0.13910708302426875	0.12991537856178087	0.1049623761451107	0.1088351417229208	0.12732776696879208
0.1476280033828558	0.12820566603416875	0.09707419265904534	0.1375349494896609	0.10122843138170226
0.12889077312695812	0.12277314607829276	0.1291926775861483	0.0791231459697744	0.13650681546470933
0.14329431596195671	0.1192289551611296	0.11474436680191602	0.11765553489126176	0.15329482869645503
0.1276142805975695	0.10197399195822207	0.12063809262341928	0.1852770906359914	0.13401703998552006
0.14584239409598512	0.14259254297030638	0.126921964476412	0.13233896738620246	0.14463551137995767
0.12399514340273043	0.1205136712967137	0.09364611922201505	0.10472065766960613	0.13929247326799263
0.14513976654664035	0.14324068920251487	0.12854202239788032	0.10411038917526924	0.09139166235134435
0.09823917060577991	0.11675589202383725	0.09525368385182686	0.14170938231265423	0.10546238886679392
0.13444355445352554	0.1130733278309266	0.11233198243428903	0.12274664027879026	0.1304693822265124
0.11016125251879601	0.11195493327756612	0.05609232523568313	0.07563773010609527	0.09935421526230208
0.10380285266345252	0.11185085981909423	0.09335496982543502	0.11489323059306686	0.09691971801876464
0.10203774659010935	0.09113434180755921	0.09448592432115147	0.10398317072257104	0.12406098561987601
0.0839987372455756	0.10150410432821699	0.07025062150083584	0.14000686639784846	0.09359679995776289
0.13840012814774827	0.11744253207384585	0.0856176338365138	0.147592502759825	0.10258255245264392
0.08057805977790057	0.12225268222783216	0.11787507703144315	0.09990958177275788	0.1425631378694944
0.1288235782557962	0.11362525265830861	0.12362814555094631	0.09169774442927404	0.07887992002963087
0.05944260271388534	0.04476152613528963	0.047868762241723525	0.09499631056937642	0.08168251462479269
0.11342109043940916	0.09053535165343975	0.11121750780382413	0.09027338625185152	0.10788252661081683
0.07830027052066751	0.10109538939326748	0.11053534122544453	0.09862698799685153	0.07545263639600895
0.11801715984615485	0.09098572777665614	0.06849653211530184	0.12034826207426304	0.10488365705284106
0.12434107958367663	0.10170766251684366	0.06709693252820105	0.0671042614281917	0.09532309013061263
0.09885107879149145	0.08416550924683927	0.13368944379264022	0.10222129320503717	0.08495779241105406
0.1026537647588873	0.09230721263791863	0.07084756083724272	0.06961866125729865	0.0991568819029419
0.13207910834394038	0.07007173624717569	0.10643078002664462	0.07129070471601885	0.07482805463700289
0.09701525985360354	0.10172661006613941	0.08754527023456055	0.08689653890671059	0.05217737673274823
0.10868593311655567	0.058297041772646184	0.07566283704563868	0.08009907403331756	0.06610768506479343
0.10546046386471444	0.07155908408831231	0.04282811645124571	0.08196186498214171	0.08652804317636133
0.06424315175155525	0.08341233942696742	0.0875383448604045	0.042778339747772245	0.08620311761174242
0.08983929141437046	0.09361432098632361	0.05058354366647032	0.07730895408553676	0.06303292890730758
0.11667604065671984	0.07188583194783506	0.09478867636429036	0.10583902692664943	0.08065396049691421
0.11255197260875584	0.0717532975287183	0.09514023893069047	0.06439472555780573	0.04815713100856752
0.04663769552515322	0.04945154513941749	0.04867742000678385	0.08103442371874242	0.07696739667155393
0.10416581505012085	0.04860471826856884	0.02772016101415805	0.054348613362845195	0.057395715517486866
0.02279305222345553	0.08739046724715098	0.1006526216476953	0.08264778125621998	0.06532653280091827
0.09312486429645833	0.08926100443706662	0.046671534373207035	0.05037473139222002	0.08079525728042466
0.07674986062057586	0.08131506234171702	0.09104618836409514	0.09523586192729454	0.05764836630734638
0.09191177295601839	0.06818095370041846	0.04841725270585209	0.09917183390873488	0.09837085068071465
0.05938948406523156	0.0705839812164891	0.048340009433394004	0.05800277489383036	0.07184718435510884
0.07057471492687827	0.08161550198794207	0.04478895644512862	0.08499825866132352	0.07373415552585037
0.046466364107778185	0.049979099416792246	0.09308224051022443	0.07203990909627393	0.09155971751677658
0.051642673303469805	0.0533219474988799	0.024894708597209325	0.08976427245489102	0.0713694240435972
0.07316455097769746	0.09193530366890486	0.09543810867371309	0.05970879734147643	0.05033539587427402
0.08428712528879331	0.04329018915549048	0.06055048066323767	0.028956289288412405	0.08120533227305436
0.08085902046931447	0.07220117215741993	0.07041758506680239	0.0869948378985034	0.09303374360197078
0.03666929765654357	0.031013077030432754	0.07094248381104387	0.12608723742708589	0.06213356344640511
0.05866491611875117	0.062453115706286554	0.07101903120926943	0.05973687590725157	0.08654564235838591
0.03611051701501718	0.03928291020491863	0.031082183721268412	0.06828325521057411	0.04418278350857491
-0.008237360154597065	0.04214450898430861	0.07027598063407807	0.09989514678678171	0.07269617071112174
0.06947407486488082	0.022789601462314974	0.06908524817328535	0.06703740447587488	0.04973586747234317
0.08937928771674467	0.04417059078194092	0.01732812933006653	0.06317481326890392	0.06975575374718429
0.06505271297334202	-0.007822222260195239	0.06478050321801773	0.09218808243246857	0.05702497564800861
0.0646328409404848	0.046813165127806054	0.021230288735868436	0.11309140538067829	0.1259354616129998
0.026178321805488527	0.043047452669173966	0.046184119465283	0.011491653085807232	0.017960864216451645
0.0536499322335522	0.08155131077744208	0.017519346326916964	0.051473901928486776	0.05881895595970123
0.07106961501181107	0.030638356699007645	0.06554568354123787	0.07486533058303495	0.04680720445473529
0.0899009763575834	0.05267090191870041	0.044534707269114245	0.09324703462042087	0.06731056042673168
0.04994128080052318	0.05647852147481103	0.040733218204626026	0.006955174449609289	0.05250085429150139
0.06602423680828907	0.05751216644920863	0.059255070834140854	0.059446112847788744	0.032264336206135426
0.030489714513191598	0.04949382525445322	0.04904579718653042	0.041934005681089646	0.02978646335123998
0.038675162112474334	0.06283582119401997	0.026730670428845128	0.03946543897766476	0.024445647190095867
0.022319585989743825	0.016562449475530674	0.045833161470949776	0.08193321329285184	0.05070532697086055
0.06224610769363355	0.028103596450509954	0.05185977502310586	0.07832436033238362	0.08071050714181184
0.07014174704417898	0.042614849377160716	0.07282013595223166	0.05106929581086164	0.027424185069832387
0.040801586409088444	0.03576788687236489	0.05479968127974107	0.05533151021545146	0.025351520230814766
0.03780319007446577	0.0481521058564447	0.03254414674903314	0.05933240513361453	0.08673741305877351
0.0187126283096152	0.012683065606076765	0.07092465715865076	0.03579934927389004	0.0616993084257825
0.060200718262412065	0.044619042312673496	0.06509236770117233	0.03663663819684078	0.05056488663382039
0.026171289162258173	0.01159947996130372	0.05055762871670772	0.06643746155718469	0.028021105812758136
0.06465308348127866	0.07211874834610683	0.08360009166502866	0.0330182676495742	0.08179299940126417
0.041843960867226415	0.049029897132712004	0.01845508651684405	0.0371187276739137	0.05330345353496875
0.04472744193193029	0.028779026995688024	0.08879778205776107	0.03196438887110233	0.0007403978438594323
0.05181562973841621	0.06602628142409862	0.06850191679651886	0.061693446664477715	0.012626022446020593
0.05197568069203104	0.0211741035543655	0.042629121450306694	0.01297373544430475	-0.001520285205648367
0.047583251334077765	0.06138233318217778	0.02866517412153178	0.08072998252879121	0.00580018029463332
0.03657638655634003	0.022172945502803312	0.04987572396172714	0.05760573939222632	0.04059085716978023
0.059854139162285463	0.07060738345703181	-0.0014054025435067544	0.06335791851924148	0.02916439230269559
0.07102779555816541	0.02235054212863071	0.0695795470812067	0.059925897502695336	0.04954564111081641
0.015943779906924516	0.05441185498958062	0.050188052260126285	0.034388490009297466	0.02656095516300545
0.06117343868529633	0.07420816894790981	0.05231429770269482	0.020153102792390694	0.020223853868538054
0.06833100230965708	0.031671375737125536	0.07521517862293606	0.06539822207018356	0.07462980739243792
0.05274259960693	0.06436496354426889	0.0557079939464609	0.031513856637050676	0.04567458429104916
0.08021773614669524	-0.004916943365796003	0.03900823258650139	0.02184029606777249	0.06897303230681698
0.02639427938261694	0.06723230805622142	0.06287602861014864	0.03870004070407822	0.03549695036112136
0.04355976742307051	0.019960120989297718	0.04120230902189533	0.02017906545587175	0.03937177201319477
0.013288533233395409	0.06141589181138626	0.05490717710231762	0.024130763065944923	0.08006698136029126
0.027973066021081922	0.08164893120088948	0.030001684877780894	-0.01562892930678276	0.032267163526251946
0.04310291624312362	0.0861568877955401	0.0636437877848011	0.00933730453375541	0.03154196812733695
0.03885751385475264	0.010319639449437151	0.01217286320422102	0.03916564578942852	0.02080616050661582
0.02618068066635143	0.03704858513192131	0.04005973929745646	0.0710425328067025	0.04678309296476329
0.06718370876706875	0.06185044678189183	0.054115057993318304	0.026289870118833023	0.04467392484515208
0.06366479270617002	0.036668756527325076	0.07810755373191473	0.053127655026614595	0.06543739225439217
0.07345606461546932	0.04013099805791887	0.01372276524132916	0.051778185481093	0.06022759353476329
0.06478675784610953	0.06941413169193447	0.053458452070749764	0.046487593842379916	0.04118761394483979
0.03613596748412674	0.0370564436674792	0.061285776049413224	0.0646257124311155	0.02840317085323281
0.050131060977742614	0.03457184898796375	0.018127194168902586	0.06702676752045661	0.03410907624085109
0.0316580864657155	0.017652378264556096	0.0488493780195501	0.045994904892134994	0.0309637259343869
0.037310049328250494	0.0646536662146692	0.011427435089837049	0.06312908243455845	0.026267083705352287
0.02199000492253788	0.030967841368448424	0.02712816124731583	0.03231617422952657	0.03316716655730034
0.07184566743264614	0.036503099415324675	0.053846600384303174	0.0794875477085534	0.06940419516252963
0.023670238540620184	0.028838026715714272	0.0359761012894017	0.01613223126004401	0.024664186994463128
-0.0014150947369568519	0.023827670752090257	0.0010311651961183864	0.04776525426390396	0.031547026559695206
0.054689701005695736	0.04951601648552953	0.03070259832099372	0.012649550709594365	0.02957969402547663
0.02803316978777024	0.04347428762142354	0.015526684501713933	0.002657776693282627	0.06099262562396663
0.015947201485607937	0.010607169164828139	0.0064374785996791535	0.05496809374983727	0.00947685549829295
0.06685795980339446	0.03829212872965988	0.02334462900240826	0.02275779241862841	0.021162965498340895
0.039655086278094734	0.009732958475746109	0.07408691262268781	0.043898739383391325	0.045432299197794866
0.026566354880391708	0.017353304191276005	0.056961033364982865	0.0422720450584332	0.046204527814331334
0.04874919506248194	0.0006913122673015476	0.02945915896572103	0.04491987114963536	0.048309016118383036
0.023759796281576887	0.018516836953840744	0.014780552527148718	0.03385477191157625	-0.0011533439104453713
0.04431035701499595	0.0610671501970774	-0.008245365848591271	0.06551996242835889	-0.0010021478415080422
0.008475372263892375	0.06390994178744513	0.028329407654703462	0.03887079018272109	0.07683463620318737
0.039636012259719224	0.03389527615121502	0.06787309987859069	0.043162047011011354	0.06444159130752695
0.02528299653893784	0.023937392962723236	0.02944056269747402	0.009596344656917043	0.030131103708500084
-0.004867376249499374	-0.010891713300511249	0.0381223000118151	0.029577869269478013	0.10149205146834073
0.042860337569205015	0.03768092987772253	-0.0047892995943677645	0.0016351031873137693	0.06270124275631454
0.0899441660625134	0.014459514279906178	0.022999944152586257	0.045743479705322485	0.04766020023912397
0.03951997850836154	0.05001281754979627	0.035582529718911765	0.046079968620377845	0.03760527001049262
0.0390285039742409	0.03245628701279583	0.00420116461792111	0.017278190231119477	0.010019224235364369
0.020777018106745596	0.05086794706741824	0.0016270441748324602	0.022810596415183692	0.008541958287279662
0.049803121369212666	-0.01537028780813142	0.029023103359764244	0.03946303564343556	0.03914952789891969
0.042755862259005746	0.05300555002215071	0.06357391006060702	0.05578597592900421	0.014700805986785102
0.007681485471249666	0.02579980561194882	-0.016189015916916807	0.01798566266255211	0.04561713477402432
0.012299064865513298	0.03706521965307571	0.022181407535745483	0.05176286686084417	0.05682538653279636
0.030572226150801598	0.002326472707597459	0.01870351652449794	0.07453361044161547	0.03335475871461944
0.03153980522630963	0.036168201359685626	0.029502073670698886	0.0020781686380252004	0.024633950963931353
0.03445921750744227	0.022755522707727377	0.013361565327876105	0.010777735537360195	0.03405488054012392
0.04532728328360873	0.03614844819932842	0.006698834720578816	0.0033442155563789397	0.023819058056082323
0.01838875194138418	0.00906472706459901	0.028081701033074648	-0.03516264858832607	0.06378127779852108
0.039143503567479664	0.05753535606540663	0.00016225049389748374	-0.0056155675955616435	0.026891119591312063
0.013057220987570973	0.043932522372375125	0.03885446486354785	0.03286182366091499	0.07348639759835042
0.052161111497832015	0.026331262312090535	0.010225957463233501	-0.006886851232652403	0.015809123308074803
0.017214412838570985	0.048711375194053316	0.017451296187252247	-0.013712484176786614	0.03243562845751212
0.015885956697727736	-0.002333595962500455	0.0364601437926338	0.02487918942199584	0.005308946477192041
0.02363011078515192	0.02199089986349541	0.035703118094269654	0.04788974117866468	0.04324495452940488
0.012733901680084293	0.05250978123792273	0.037428822471494	0.016816705057344193	0.02173958898354216
0.036700218420179405	0.025359097065672964	0.047087672519241466	-0.00043552883417056695	0.05340479633637149
0.0028036221685511322	0.016415466161058878	0.04158269736023774	0.04654044039282281	0.04277085281160279
0.023984331232128772	-0.015345189913464206	-0.008926280765767184	-0.010775969443226922	-0.0018310683227776487
0.03333602044261966	0.039684369934280664	0.012184269637085809	0.02653847669150945	0.06371125610430595
0.0673699108126875	0.07009603953738713	0.03785692726673831	0.04380874090344766	0.03949323670296959
0.030681763504746627	-0.0068956418904645034	0.020550927048772358	0.015491704219253409	0.009543268135477635
0.03475079150352341	0.050916564604678825	0.00997138499491753	0.03081448314014531	0.07708856489598773
0.023418198128080294	0.03707844129974077	0.026743718963826248	-0.0012939812895564704	0.03696084549108558
0.020160878757795826	0.01731140108513734	-0.01386703721522705	-0.009234300461039482	0.08327019040825323
0.010120061083168434	0.020522693684833754	0.04419783290982262	0.027643585318957227	0.04230162333568632
0.008306315491430582	0.07432781132670248	-0.0017474533902150542	0.021046742538299256	0.006039112839837045
-0.019085256692594914	0.031758633557487065	0.005566316872878341	-0.006206527814121572	0.03909816179392603
0.06184987755942677	0.045818979572035845	-0.020698287493571166	0.015934108150253867	0.0054497693310664504
-0.02594223538768936	0.02462403029025853	0.075475487617512	0.005342096468968308	0.009695023280737658
0.02997414253726673	-0.006140580355912982	3.4742870093737444e-05	0.05448547754094114	0.01349256548718053
0.009506574051789297	0.02546222399765473	0.039782788310421396	0.049635513164168504	0.017657464487005156
0.03773042423446508	0.04728290233462312	0.042891218972604575	0.0011082616767320152	-0.006136151809036562
0.004494592236310534	-0.02389838209118666	0.007988899248682315	0.04645087540267233	0.010765724758965279
0.019722518442347372	0.03888259808460093	0.022303482465425586	0.011995496392580096	0.007043091127063412
0.03326564253438558	0.05158666517711373	0.03093463748715937	0.02636519271574031	0.023679897448374353
0.023249340715493724	-0.0019192962002455459	0.035072127266181974	0.015624914856353506	0.03405839656463328
0.02946455563439863	-0.008148551989260684	-0.030834572030465354	0.007985642165851481	0.01975421051742728
0.01380470663727789	0.054273218996820964	0.022242207728298553	0.01610032746651633	0.035056418503781904
0.05035973898173997	0.04586185094420708	0.03663970830129041	0.015768607215470767	-0.01159133712068989
0.061352415957779474	0.023426051149211348	0.01881785933568219	-0.0015725205420307536	0.01939300566800831
0.04722673375549124	0.019830562637010052	0.010816186758484865	0.03977367506475621	0.023387508340449118
-0.004383598011914276	0.03688684459744061	0.02110452820397006	0.018757275227133316	0.03120356411662829
-0.013642939860110616	0.03751004423293559	0.007926506357443016	-0.027052727380256512	0.020090302218460976
0.035330550367748036	0.026667334623412833	0.011154751875179187	0.012216294168023696	-0.0030235223419624955
0.027657527824463478	0.0321620464148825	-0.0017210229694690849	0.026344150770422133	0.012878385800734603
-0.009236078393061713	0.017847182904164823	0.020748814593731804	-0.007245139143751534	0.030224682456134126
0.008099060491966788	0.058528187465873356	0.03187918818767624	0.04018454178857608	0.051029399717923286
-0.013888101739645695	0.011963157690294284	0.040206711193428696	0.03454353409711201	0.03552581198060488
0.039172274120143756	0.0010208065464727975	0.019568794923316216	0.010125562466402473	0.016474883747161093
0.036156786123429485	0.037213008873713926	0.024506765771975247	0.004684475040548145	0.025439936195821647
0.002167510525896303	0.00467230437487981	0.044741215336057495	0.009383950093157028	-0.0072125298678781735
0.024924444172651813	0.0007296970871133431	0.03951438167711169	-0.009266702669527262	0.028837087759337444
-0.009623585920512023	-0.026052774582670468	-0.003698875938195631	0.004698834466829628	-0.0009044049473865901
0.01932866621925037	-0.004443106748145902	0.00212689600910459	-0.0019365750696611556	-0.02290967270886685
0.023399243712446737	0.029066281608574496	0.018933053997086953	0.04035519414699995	0.028546171142715786
0.03941190652536537	0.0328020079817894	0.05698390669659516	0.038155818556559556	0.032285596701242134
0.004579215230655972	0.0034021542112380168	0.02165667684657629	0.071806916338666	0.027776912083869724
0.004871586925588616	0.031538878536574506	-0.04402430920230068	0.054174804035841226	-0.008891944983440331
0.03232696518403859	0.05952319700221953	-0.011938191412462298	0.022282058703681017	0.018390675172753543
0.03176993910241659	0.02475523626259179	0.06569098806815835	0.009572308960201895	0.041488467247562694
0.05151394372450041	0.04131542046272688	0.038574535085119425	0.05469126767812964	0.013039255882143528
0.02290292640832449	0.011126240126706793	0.027458872476247204	0.03120723234770801	0.015764513940390513
0.023955599413400384	0.03995944374882356	0.01908957491451154	0.015258365198601624	0.029789830502028547
0.017320630650480673	0.004168260600579764	0.01456109826686262	0.02306405839207531	0.0419566458564721
0.0027561994853995244	0.044095032169436145	0.028844719527382906	0.0353992549565232	0.03917491850154486
0.01620288670440986	0.06232237886555638	0.009439265089615682	0.02419226317093384	0.03832108077099202
0.03293527053143056	-0.005620562055001505	0.0186847556631929	0.00844670544675117	0.008713312627963285
0.02043581485003068	0.012724646371812063	0.02886244517716908	-0.0023116184935736347	0.032417629887072336
0.02710766942829336	0.020105908726273398	0.013951789066333379	0.004206566346321043	0.009005060554095907
0.019393742871313957	0.015249349822619475	0.0398305518815688	0.03532708026120981	-0.008120084422393248
0.01980471232930095	-0.02301669608778381	0.016890380425787655	0.01026884011441897	0.007225753455599473
0.0006220189307787493	0.05816828656632371	0.014592944939685376	-0.028874283868639803	0.01673289657974472
0.01083473624057362	0.011666887690313335	0.034834155253523284	0.008827259283156082	0.014774611768612639
0.01996984994319948	-0.008919623267753507	0.01113831817967967	0.04657477976178776	0.01832994049193271
-0.015042668666372765	0.012179523585364078	0.018736869832177656	-0.0018565806351222287	0.0006248186158788133
0.012063435445556587	0.004287154517772906	0.04351686600378865	0.016770594674994227	-0.02655622381980258
-0.023158672389518707	-0.012309333449309939	-0.009487933905057377	-0.012141371162764966	-0.012895503028543493
0.04013669244611946	0.022189558202682376	0.017231240123025883	0.01918642062111207	-0.0013600165410665647
0.031159950027649444	0.0035628500770830277	0.04075526232681344	0.007550585501015534	0.003521989237715687
0.022878672404265873	0.01591200866494846	0.036654888788592244	0.013823364105914641	0.06115939871266491
0.012573419985791298	0.01411972441093449	0.0121019936006669	-0.008214953716724153	0.04507122749331958
-0.009734472516095214	-0.02539092446076347	0.008506112478061196	0.058618587130004784	0.0420734271430839
0.08069172207967663	-0.007658731960183761	-0.004749880329883688	0.023753932696768086	0.04510472956665504
0.03153416157426257	0.029276727563013548	-0.01745126380715938	0.0354970656635216	0.01725325239364491
0.0084862496205387	0.040010107962607566	0.009283621844533914	-0.010118493824822307	-0.033398493443364805
-0.0150490934957173	0.045039769544995396	-0.02306142937067084	0.020711557767424102	-0.0005404426050197514
-0.05082687050987517	0.01943787444507677	-0.0065483803289519285	0.06265939193195355	0.015622115262276522
-0.02137422305893583	-0.020727875343140464	0.030004837844174344	-0.008485577280548579	0.00268281500991702
0.027487338487143447	-0.01097737969675139	0.024308566554203603	0.02111239353245227	-0.04185279590919881
0.017406668333658098	0.05475089999108506	0.034290384886061745	0.004573579012992356	0.01916307547675412
0.03059423851554898	0.020947393262063543	1.7415387021459377e-05	-0.011899359873288553	0.010718280384048644
-0.0014994050662916585	0.023259217296875297	0.04722444021293749	0.01372812270488095	-0.006945004513040989
0.010418383247599765	0.013368585709525716	0.02114188152785278	0.01546810452100234	0.029612678161655664
0.03227990671097949	0.011597722149627608	0.010647603897763931	0.010044022666352178	-0.021097750475911083
0.039970276779555065	-0.0064303294194070154	0.015914757623817707	-0.0038870671287040554	0.013019135594709953
0.017648850498057787	-0.005834591237130189	0.024067794207495264	-0.02039469280692701	0.011465120310363328
0.03243158042473481	0.04532882483190642	-0.006642507233029468	0.00594712050743924	0.020901961943767866
-0.007034847137522748	-0.0033920267454247027	0.0354151870001868	0.03304038884334776	0.024948775074699836
0.03628514569971282	0.013678126196276303	0.031171240833046183	0.01871330009808548	0.03193660254288943
0.01897663287480069	0.025110134581681688	0.04866958718222894	0.016662640617650524	0.036297435951498425
0.0033013014410682075	0.032145145326643934	0.038964506707640546	-0.04460061029498394	-0.02083005670288241
0.013931564972906511	0.010212628669747204	0.04125190974267057	-0.00081041337900052	-0.012166589654947227
-0.005347462558757283	0.004323433451947014	-0.010734246083967825	-0.01225425851183029	-0.0005171757830776487
0.0542491285624059	0.014041692817674563	0.04039462964383505	0.013667290311733516	0.04545500315897838
0.0196377127960682	0.032632194245058456	0.031937769432302233	0.028171367134300587	0.05235885737376878
0.04862219443122079	0.02566020204147569	0.03567801565435592	0.01169123044805866	0.006363571368353568
0.03215664286613051	0.007959429736157392	-0.012781354724755965	-0.01967326578757419	0.00677194122345081
0.004591983471175578	0.02979414270534684	0.01107873135330608	-0.01698052561836467	0.0281685829996626
-0.003003981964409815	0.006373185871560329	-0.007570423158654538	0.05754297551402116	0.010196143791400783
0.05004055448533422	0.01644507017078789	-0.016030945895026398	0.006589556583219179	0.012197732412895226
0.021005740407456563	0.008953732767749767	-0.012414547031274266	0.0005890449631372457	0.04556698081086947
-0.008058321831340216	0.045348382971178686	-0.008185464475338146	0.03574814524360706	0.03652303124772843
-0.00454407384450021	0.02291501670003783	-0.026759691797097442	0.02913155761770919	0.0029037645250746297
0.029031776176420367	0.013807693111896443	0.036961350074673986	0.0070882252277973045	-0.011485409883183192
-0.007254767221642575	0.03706706323574341	0.020879085509154585	0.03231011470484547	-0.03668698574798733
-0.005674076340152819	-0.0078053364189432355	-0.011393554293252275	0.007082214376689161	0.03155040251016174
0.0439535782437858	0.015209768816631558	-0.016763863307588167	-0.003302379058509234	0.02119269279985056
0.00022897335974570669	0.015450987960774928	0.002217053746032642	-0.00020778101477188747	0.009809567796162117
0.019759649660727463	-0.021344026726076274	0.017683702068519033	0.002802166026412465	-0.01964533919355632
0.009774041284094741	-0.005771859637083499	-0.009765373981997337	-0.03413855698543058	0.016668073793404455
-0.013012066221126516	0.017531364613451388	0.004438762149846407	0.04314885728841411	0.006358456686630732
0.03316994654022834	-0.014093652491022249	0.055520025308280666	-0.016407848133140595	0.019462809141627135
0.013141513203968084	0.04539150363401125	0.019431599076159555	0.019479317952392227	0.018851320326595002
0.06388970325774872	-0.004569723394941547	0.002663106069883644	0.004360358953765734	-0.022687297231173402
0.05857407405656674	0.020674386794108796	0.030854362406160525	0.023225618634165057	-0.0023138718147673095
-0.0038378434221970252	-0.013421822004856615	0.031865409169721234	0.03164114346059453	-0.010751427295354762
-0.00785903192722675	0.02091767049765451	0.019839832211023513	-0.000516082164179716	0.006588139445963227
0.012083584669612867	0.011204281364152522	-0.009266606103015045	-0.0020735028633665845	0.005393193141075841
-0.01945664023776214	-0.030186119654421736	0.024329440286656293	-0.013051247036737445	0.042805897817733536
0.005513599479681981	-0.01089192600154865	0.0014148354809695105	0.004360957543425364	-0.001973577271585912
-0.0025015266417106182	0.023011178017735598	-0.003268370706704181	-0.007854418140912211	0.030209503521690717
-0.00429735834949966	0.026512019552206393	-0.002372601420892337	0.007697107211634241	0.048341213268044546
0.01334232296664608	0.0396288603386589	0.046603358331395305	0.026770014763505448	0.0032767913741760554
0.016395758119120134	-0.01478576040086809	0.034792161546239514	0.03390255713200378	-0.00029596430834838254
0.03646434109949514	0.055706502342575875	-0.00578086563877613	0.001786114725172797	0.0327827238585716
0.04608594594203133	0.013778814466872602	-0.010858880787993828	0.010996445255889572	-0.01098385551128821
-0.002728467028163627	0.0308400235664417	0.03680521142616966	0.026512792888747815	0.029035168959082102
0.026323398971552944	0.011756124740835825	0.0029708427251690576	0.01747175800748139	-0.008935985614498836
-0.008250699273805845	-0.007513718330889755	0.005909196880520074	-0.006980665725998786	-0.007002798065588515
-0.018831880464745477	0.0180481481042569	-0.01214017644524899	-0.01413010989201864	-0.018474225485535962
0.025324849818368793	-0.005254206885650881	0.05584758099014521	0.019605080689948956	-0.030413243491342373
-0.003223967485064844	0.028075720098296043	0.0030123557172707814	0.04012442590184722	0.016507533402664733
0.014343585206655171	0.04029238072237729	7.784214789280852e-05	0.025397445134182395	-0.012170617650858428
0.017438137002659868	0.019874656639910702	0.06639789715076719	0.002389225283288172	0.03610102508871511
0.003034121752320275	0.03856997217023937	0.006038719758354917	0.031441693504232	0.004447986260188387
-0.005498718961068872	-0.003168017980200979	0.02163190908649051	0.0005734646479065818	-0.022507542591467426
-0.004882914103208525	0.018080035554574353	0.04395843668845989	0.0027853155465138568	-0.0009020594140098396
0.04900468126718966	0.010741174057211358	0.026851022498040368	0.008706964553353477	0.05800500847309244
-0.005446509828387281	-0.003921575597882054	0.03498078865619697	0.029492024572105105	-0.012957179641751804
-0.0017457178909964927	0.053271975102012946	0.030512862332728284	0.005750537838220186	0.024536394346477065
0.006343440106219345	0.020192409239125977	0.0042964478293878615	0.023875093285388525	-0.02523338666288308
0.028915676774491614	0.04347782557047965	-0.0007938913438721252	0.046363323246183155	0.030033911469772155
0.008650442793668167	0.01090153289812237	0.019042740055060337	0.0021143551299917804	0.012423587912292405
0.010813870980289159	0.04053987455475448	0.03645931418509683	-0.01325517200766942	0.05380519709088016
0.005661582539926641	-0.014369169720531757	-0.013608055066809965	0.005297685301004859	-0.02109530916324944
-0.009356082560387204	0.025342601461100452	-0.0030585439012810363	0.027447314809531373	0.0006590692948222916
-0.002316715478648923	0.014196602204675451	0.04451218709880246	-0.006807028914866551	-0.011166845822598104
-0.02390837614160416	0.0170708643866567	0.006208241648605111	0.022568110319555648	-0.017959470244466487
-0.01205680560656884	0.014360607522656669	-0.036774525094709284	0.04976879083713851	-0.02156419147328062
0.041977894658674283	0.015706776071917276	-0.022027637173783324	0.010273453835610357	0.019333247288970408
0.004509072262096624	0.0024674586211778397	-0.043693686860808004	0.00020408058862616965	0.005761759318245039
0.015099134436290473	0.01686349431179559	-0.00752210793271017	0.010313024359508148	0.033277200505088415
0.004315527537015475	-0.014628312255705534	-0.010440594555401125	0.004924924650560863	-0.04136532096903793
-0.003956250726890029	0.023097039200644594	0.007624993167012746	0.039219394908029066	0.020819421037668977
0.014886172962729706	-0.008033118655932842	-0.007625042682480161	-0.016987739870753922	-0.030629530632524916
-0.015529663961778718	0.01014928309664884	0.009194508072087163	-0.013243477998370255	0.016634791526001835
0.0185268194515404	-0.010791652285996033	0.0312525292613542	0.009929000550420824	0.007033520612598393
0.03612552075085599	-0.029629862734091895	0.022973063422512326	-0.01246342074983842	0.011563732318694557
-0.017873873978645104	0.037189604451917074	0.010818287917604216	0.0017726670873277452	0.025403534861125947
-0.04258876553011282	0.021583636879079302	-0.020929997020648343	0.042979989400183195	0.019130948923485096
-0.010391220851286407	0.01803466396723164	0.03152757037226217	0.010093690949356325	-0.0067129094514528555
-0.013753360613688375	-0.0036094024314430595	-0.02317094954513734	-0.022975422349482914	0.0016167123417143384
0.008959336209734377	-0.04785614437557571	0.0131674599185046	0.0062783809104755665	0.013375997747134903
0.009569747362662601	0.007661285573836993	0.03411252704273689	0.012294109313999777	-0.012357023767922744
0.02443448940519348	0.011227593189403908	-0.0029331897158561566	-0.003606772538107714	-0.00919098890670992
-0.007245662693426997	-0.002759060686843188	0.019432370799669238	-0.007172948275755824	-0.03880182847336281
-0.00999702957650234	0.044390278121245366	-0.005926379527596919	-0.031021154471842033	-0.0006211806147951391
0.03733403285533924	0.03817291243797879	-0.0236387180390562	0.00422688497389839	0.03765660970151842
-0.005330958416840939	0.0007375979210428301	0.020801862712794092	0.013919829456752724	0.029650925981157653
0.0010879295810471018	0.013340805806469971	0.01352274650713838	0.011853613435922278	-0.006032046402101846
0.0025805609440294206	0.015193262705649286	-0.021243805843651563	0.02588062149988979	0.011819744860237427
0.024986843498556437	0.04560687324713725	-0.0018894436070438863	0.01638854547262844	-0.02837205842681341
0.0456670255147927	-0.005396589357412477	0.02662215778000411	-0.03546295370163018	0.02055879548087202
0.007634945656377761	-0.00783523703626042	0.04526715112960022	-0.015807965886184116	0.02274100267050565
0.010636744311305036	-0.03468207019922633	0.022021388652705233	-0.023066370545262595	0.02053903166216388
-0.01960431888408336	0.005476157641941159	0.03930742262499735	-0.02720178717625743	-0.006207768829897704
0.02165065059421355	0.0010705709284449917	0.011364529429690268	0.003865760314626915	0.01573033396641345
0.04392816079158618	0.009283616511086319	-0.023380927551401906	0.021859930045909096	0.0008262641524691035
0.03292642075069677	-0.0008416895712531987	-0.006610025063035632	0.023522517265370944	0.03076010647952193
-0.011965188508396132	-0.006395435852241661	-0.0004617663439535596	-0.011800616623311994	-0.0006770402033078647
0.05404637243019487	-0.02077676863793935	-0.02281906900528877	0.019072735398053625	0.026302222403135237
0.05322744960019994	0.043083628445389155	0.021625099550875607	-0.028360395589199117	0.0316403587952906
-0.019698824280615354	-0.014641296773093941	0.005225649955442335	-0.012361545673628455	0.026192462474919735
0.03285218771780425	0.056080558055519335	0.04525935643950862	0.025110933677850278	-0.018128765437160396
0.00859545314801122	0.025686856801521517	0.027782272190623587	0.02639029057611202	-0.021576344745190615
-0.0061326288327138365	-0.01562466021166925	0.026469278515426284	-0.005747144531371569	-0.019014958199519063
-0.014049792266120856	-0.009423740242029417	-0.014553939499840329	-0.03656921558227526	0.009469508377743456
0.023376111732378003	0.057159283551136794	0.0067952735689590146	0.006957162080240457	-0.012898836711918632
0.035493020273235955	-0.011796705326699453	0.04363175552517042	-0.006629743224971634	0.02653872777856984
-0.00015733797887419417	0.02826976835170234	-0.009325731200375758	0.0010187702475048521	0.02316115693272603
0.06886658267150221	-0.0698933519326595	0.01627771673130223	-0.01393890795230944	0.010632999879487987
-0.0004774785948843752	-0.0007541425794070607	-0.0006362791981748303	-0.0002502725304970128	0.0049449860055686586
0.04369986577758141	0.011710126234577518	0.010151318235139739	0.001658253284644323	-0.027465310524269242
-0.00906186391740203	-0.03440408608495114	0.028174713990792025	-0.0035100118029526613	-0.0016288243992983926
0.004879884504790484	0.016614738822359018	-0.001123520776290592	0.017039024532191	0.0005344098352332582
-0.010664730607961682	0.02364468545667127	-0.018286436461296556	0.009894627191187512	-0.04268170130653952
-0.011590633747039987	0.02543294455434423	0.0014722465544825245	-0.011467343145196995	0.006598732430578286
-0.019109906247189334	-0.020153246256391658	-0.0018718275637812994	-0.03957245011165336	0.05403185434532413
-0.007710918469614792	0.006969726234949663	0.009109600131833396	0.009264412099099879	0.014503020561947914
0.006189348379722662	0.01826139158600087	-0.01953762505537643	0.02049390233645248	0.02858774087323964
-0.020380986820390978	0.01746923269721642	-0.014516595690797923	-0.009106254118015777	-0.00419321103025482
-0.019596377631678593	0.0022245696500374865	0.013392232490407899	0.010282046406305402	0.005048360142503234
0.03335260983121753	-0.004833403859856642	-0.03013505694374518	0.010380393437468074	-0.01614920935878183
0.024386168304849028	0.0013063918706470133	0.010510802785971798	0.06184842955694814	-0.006992594379988898
0.0035365379312614392	0.02931293087462342	0.014721297685399747	0.019475321440503734	0.02687533917882927
-0.019243864021184803	-0.00134121962011329	-0.006150637106451163	-0.01706167407658554	0.004368350693375524
0.009925270195260535	0.0034892327401156824	-0.011582158919870602	0.010486840788948449	-0.024090212009942148
0.047903023100847736	0.06080699225466059	0.01873187833786037	-0.011370489051301853	-0.025480930848867857
0.0029717802122003908	0.0342904777778058	0.002418514785687994	0.02052246281481219	-0.01821982459732916
0.022293731096646945	-0.006920096157673339	0.01909670843309452	-0.011815197629765423	0.03865541924847068
0.014650932117532545	0.005540275759149992	0.04485429977749411	0.01357817200219734	-0.025533209101605114
0.025998163074772557	-0.0022110563568019767	-0.0031253787581115057	-0.0037516805130697133	-0.030107247896538805
-0.02005210638553735	0.03111515182397038	-0.023619004734945714	0.04638991761188016	0.0016038926474906314
0.01609904034175083	0.00995676659261573	0.0014039213442222408	0.02498101592631361	0.012954447094915328
0.011161941268717484	0.04918748968904811	0.017933489138068446	0.016471470245702342	0.016443527224111628
0.019764352173616884	-0.003665378487157993	-0.008992454412873436	-0.01751946407796269	0.01832611584799631
0.03654858650925834	0.020118803344104878	-0.0255667049897419	-0.04020105439805375	-0.015974456545708303
-0.006850074462026755	-0.032214233817401954	0.024470451355631286	0.015447667745084284	-0.020550353653318334
-0.021781206530537226	-0.002150723771357188	-0.04242354711355337	-0.015652376574917755	0.02524817044470694
0.009919759176040988	0.010392195121521971	-0.019900904989556573	0.017487471000839867	0.04756177011740352
-0.015251972993326613	-0.0046133694240910435	-0.014306804071286844	-0.005824300226572624	0.0032458941767884693
0.009016210246171304	0.012804177317750414	-0.025646285801176404	0.0041107187177169	0.014211670891756387
0.04038202094291193	0.014372648851550445	0.008875182095676306	0.023796861848891557	0.03769092271180909
0.03379027214321802	0.030513048601588762	-0.01117689957804209	0.00017580356320384162	-0.0045616469942555155
0.007450345810853757	-0.017570848838479265	-0.000491161428203473	0.013722225044036116	0.01882236056275348
-0.010096405739196453	0.002626701901820843	0.003076829792568006	-0.05108883667649608	0.013114995220953421
-0.01698437550248676	-0.021881669984398878	-0.012831401472109365	0.009079944864536383	-0.004675309456599914
-0.0057689571197503805	0.011240810180996704	-0.017863266688356153	-0.033674148648457386	-0.030624606830108505
0.00643814639077391	0.025664624387396907	0.02450297451528044	0.019673183671478963	0.04666087543148383
-0.0009896103844774136	0.018028322311902902	0.008150373281489248	-0.026265032565556085	-0.013211494033391571
-0.008795719857443129	0.002641107592841056	-0.011930970476591585	0.0195672026340483	-0.01973178371072629
0.002682536326058105	0.02453939263316779	-0.005328977340317505	-0.00783382591863346	-0.009209364416158697
-0.03290484005357235	-0.021809864528376334	-0.002972025723626384	0.010291441780124382	-0.0361906232683901
-0.016089528142581272	0.024265113416786378	-0.01965976641951563	-0.003175498337091148	0.03708540142147833
0.02571628657602068	0.01006299740868235	0.009294118765905742	0.00947041967230636	0.026739735445642246
0.011610191066560254	0.027788999479555515	-0.000989416437876034	0.026670567735419683	0.057917091735382974
0.04117446201824355	0.01471224336263568	0.015257180704603805	0.0011187712850295557	0.032851457349611306
-0.0005521554220661476	0.0071327707703885326	-0.011465062991264159	0.011962679342455568	0.0043358643573050415
-0.0091631339592168	-0.023997009578470837	0.011961524875975934	0.016568986328707014	-0.0091141257102562
0.03748856021409915	0.035394315327383054	0.009594513681868089	0.022216960405271755	0.009850896508928304
0.025414783810282386	0.006778685449412162	0.02827464857846532	0.00875103321835756	0.025510151211010138
0.05308827139014422	-0.029778209862144193	0.019900101232855558	0.02591750863695749	-0.009076671182548257
0.015633023855392704	0.013914878961558217	-0.014329522694861319	0.014477532537665379	-0.017411912100423414
0.0038681398880111763	0.009645336508426224	0.02049070572876735	-0.0004690994402540864	-0.00040098679787986796
-0.0252247304409777	0.027896857085052077	-0.014622374018513452	0.0025912444616301884	-0.0021601584573502225
0.006718327089596976	0.03771636933444962	0.04909770051552703	-0.011438223366158268	0.00038839309604130675
0.03993157724601479	0.022033536411749006	0.004699348643386094	0.02251939086198559	-0.004667525063390416
-0.00647145262342313	0.018369708691962684	-0.02103458498663674	0.016036404829300806	-0.0021720534029752176
0.02148606254202707	0.030002379540657924	-0.010209601303085462	0.021386117550865995	0.011608166159032388
0.0024104371193411685	-0.0184399170951664	0.01098505387361799	0.012552543671422603	-0.04774380866866406
-0.012934349679645213	0.019391930088367145	-0.006340207733106774	-0.030080218979612796	0.03464314632037044
-0.02797100840716736	0.002827309413803721	0.039752684883984604	-0.008086277293791506	0.04373616735077517
-0.007764035737086587	0.02591016066462133	-0.01696184959936141	0.03421977050526421	0.030001238275442824
-0.00020173497977110134	0.008623919158834	-0.01287238453120863	0.017176928079362788	0.01657190864539719
-0.03585786350426376	0.016146584333074285	-0.023058349391506812	0.0225610158110226	-0.026287543543407885
0.024483492434713598	0.02177374036986978	0.001710759776126362	-0.009106295190757178	0.008575224381309313
-0.004007111137245377	0.027039216420885706	0.028089937788175763	-0.0018884102503516666	-0.023371510855404076
0.05041262464732335	-0.005235198958370734	0.023327596560166256	-0.0027820144742540416	-0.01713633116774287
0.02823486700947195	0.026645883141678213	-0.0012301747674946545	-0.013246615421272073	0.018955772031708347
-0.010175095276252284	0.013581999833552539	0.013716571433972842	0.029602167093532784	-0.02441307908370724
-0.02365923206698268	-0.01503763414662204	-0.01028785540265642	0.0616119449617008	-0.024998685314647825
-0.03050289388587796	0.008313546976364545	-0.024202622416331414	-0.039420100836473404	0.013365073533877893
0.04385249966493472	-0.017434966953401968	0.01812223632868177	-0.0048081096998718355	0.02701778601722342
0.021996350368779564	0.021190778493171806	0.03586144857994461	-0.03484230979121933	-0.0012065707002465774
0.014617980327703103	0.0013596694465816336	0.014908261746018465	0.008934741909834221	0.004475824734651637
-0.03358192592491899	0.029777400230908413	-0.005528099975445992	0.0011858386107404624	-0.02247356303036132
-0.025963932120564942	-0.043894540391759836	0.01830431682548604	0.0383019485266796	0.0048994124208785435
0.006497319664392511	-0.026288654436405094	0.03866188492243154	-0.007950104327481264	-0.0044192256966528575
0.006930573193101024	0.019936054170755294	0.006569846626496897	0.017593289592492643	0.024244696619173764
0.021091259393385582	0.003865634925671467	-0.0215257170297818	0.04407358424223924	0.00042576232277340576
-0.008475620612782866	0.014153219749114309	0.03243593115298074	-0.02415859512490997	0.0060090671332784
0.04411798878354003	-0.011207749274383387	-0.007741236936362237	0.02765222575054468	0.04915142700411461
0.0024809535339459345	-0.006479431455192232	0.03756990169601363	0.043451199851050865	-0.027689349883786202
-0.022787270584476514	0.030014677682627635	0.007879260756226757	0.017170972792644713	0.04197828696669731
-0.0129305981899924	-0.02654701544847325	0.003567443088571246	0.006012765337391876	0.034606309568119414
0.0058703155745452856	0.010033097382354023	0.036617429207295354	0.0011755859973819954	0.012276275186919011
0.011017330215957874	0.006710026668257848	0.0042752089229431255	0.031887692264809434	-0.023457122322923827
-0.017714286625517644	0.02124171190735613	-0.002761187225694149	0.03632155004383694	0.010155447283484473
-0.01165838587642021	-0.011146740139346854	-0.0015048960227570397	-0.005941467459640539	-0.0015970328527560012
-0.020231197489373836	-0.008041838870280944	0.016152366163893685	0.0025838423017341718	-0.011460241293391708
0.00876140503140504	0.021920589908378474	0.00023582660585929043	0.007733098466323529	0.011632261404088379
0.01575609957041633	0.01427225611877723	-0.018196210619809843	0.004380302208084591	0.013838946999085597
0.034999402275603164	0.030886435764311014	0.001223741166429243	0.05009326487357009	-0.010676136714506478
-0.0011416249806482765	0.006577482644683983	0.003344088363925638	-0.009101777868324432	-0.015364560527011656
0.018313687358850316	0.025055061933121736	-0.021858736494526212	0.03630499640739336	-0.016706222514798794
0.00905943653339416	0.01967721442244844	-0.011558203767294389	0.011625087799821854	-0.012700979285689785
0.01335752626274457	0.0021879620586143372	0.004494251531802772	-0.008054595755407196	-0.0025340745010031217
0.05209619117673533	0.01870409914188021	0.042803633399667876	0.03584731839816923	-0.003568958615430556
0.03608751155442652	-0.016335778292032067	0.0037520341913474566	-0.007563269404362456	0.018947659123688003
0.0003254586863940881	0.015657826574669804	0.0001675941383722148	0.036854447326325465	0.006337503613164155
-0.003893040035610468	0.0048716684084035315	-0.0058546461015339295	-0.006062622742574591	-0.028438024258240782
0.006029447295679805	-0.009565490364380688	0.0048073423315745005	-0.0032830809172470707	0.04576809368333963
0.03930322443874233	0.0022668552813889286	0.000528779007830384	0.018891772392704908	-0.0005969778599997696
0.01438922499608127	-0.006677893107713723	-0.018251486494913892	-0.008310565805512716	0.010214611593491196
0.039748103429308734	-0.013001282457221763	0.007907608403491957	0.0222894606450435	0.009545398775663197
-0.0108362377127479	0.04196598101034739	0.02923412316316442	-0.022499528089099316	-0.034115099433745404
0.005688637074447039	0.016594869896582164	-0.024756590983499093	-0.0037893206737728757	0.012660506480356031
0.010185109841854053	0.012530571081989659	0.023116510547381626	-0.004171472366900628	-0.002629259274249704
0.04022257907043685	-0.030937266490035985	0.024581155511568795	0.021047592414398856	0.019824502127696115
-0.01648153052091949	-0.002174244519371685	0.013140508509444204	-0.00467269474925247	0.0046811487636025965
-0.003453100558486676	-0.004736579721486445	-0.005800389896523516	-0.0076929275355163635	-0.045105088212665706
-0.022059496047898523	0.02419467700972317	0.02793389108498458	0.016277397046584374	-0.008231840474854181
0.0037719206864818356	0.030787087136250207	0.0250368292450453	0.0015643851268882045	0.00040976126347078146
-0.010262160699444654	-0.022044965548417565	0.0012405941816936205	0.018674073630121194	-0.0021557021641782767
0.038013118330984974	-0.008495951315780346	0.03922288489679404	-0.025106234853768977	0.04117790933993713
-0.03424662390241834	0.0013137508391141226	0.014184146388224086	-0.01688255629439543	-0.006605315300908628
-0.0011818698580679963	-0.011151172798484823	-0.026992674432868576	-0.004979609391744686	0.02956470415541004
0.0090530873126605	-0.003940000603354972	0.00555697555981816	-0.022491717893006292	-0.029837075381991793
0.06837742198012513	0.016471714810197643	0.045343750116198844	-0.012799187345119166	0.03207409111476864
-0.00606477753473881	0.016634331643722466	0.03888143534456051	-0.028273309834419447	-0.009196097405128407
0.04882828363327045	0.02018363718567183	-0.008585271863385133	-0.007357975840310099	-0.001470423104487589
-0.014363061679654246	0.0279571475214263	0.036557428210519397	-0.02285392988448517	0.03109908054203262
-0.02458289937166196	-0.00381211532009252	0.047741868634053775	0.004884137314780843	0.03724834422131876
0.0206944073206327	0.009838672706571329	-0.030976815889415234	-0.024918095801074167	-0.005926428101499279
0.02893082910396161	0.02129965683483319	0.018931568629507546	0.03246723506234212	-0.024437460717427157
0.02678965252498885	-0.022617548141630632	0.03132571901435925	-0.02061586718663735	0.013151803917371143
0.018628150543071674	0.01721344757836136	0.02156895938690795	-0.04549638454141531	-0.035227400916181734
-0.018767941144203895	-0.03800947347183786	0.02091985319544259	0.008167019870393078	-0.01655178646152545
0.001616257222272175	0.012317607770602406	0.010710827406725985	-0.021499559732813322	0.033384711908549906
0.00024902420928710976	0.020260362170996804	0.04212864171633972	0.042453443532764056	0.007824851881068382
0.04456939951109767	0.03634863973808069	0.042954133316232816	0.016411401454101252	-0.0038132651322465285
-0.032749413949684676	0.025528737175511705	0.026990060483071874	0.0036380359692260176	0.04186293456917228
-0.014768482986691492	0.03911428985070959	-0.0005880773002518787	-0.00915670295428869	-0.012988739566317173
-0.023993985955523753	0.02040328009916564	-0.054929701045454235	0.0002716128267464702	0.005595865850166134
-0.022103074094033837	0.02171973429300237	0.03684037065837468	0.017762520607763288	-0.025822832128867233
0.04188533630353447	-0.0074024764627845085	0.025027547384043888	-0.012252442667480018	-0.02248509480749681
0.02933415908411545	-0.007503737323925692	0.019293195528331954	-0.013474867083883173	0.014449677017107847
0.0035007347404106687	0.008699017021467194	0.01038668307943119	-0.00995936294301987	0.030220278747427783
0.015414771439875085	-0.017107748330927208	0.01346869221406613	-0.014096229935350278	0.014692492115983278
0.01740078674723542	-0.04299646388003513	0.005002027529808179	0.0216550211086773	-0.0035714948353218045
-0.004064003399958022	-0.018898027152480165	-0.01874115619580564	0.03588841148832174	-0.02712947057013882
0.018435040838488084	-0.016237045302573028	0.020738672549113494	-0.003660276969055569	0.011808900143327852
-0.01858213833412366	-0.03044548673354481	-0.03714275607367602	-0.00792223868114866	0.007833292923874228
-0.010584807263832367	0.011874499334144792	0.019684988338059987	0.02238954672437859	-0.042658395598318535
-0.012968647395897781	0.011131423679027969	-0.008283082254257168	0.015038337054664463	-0.014482268597078624
0.013015589597124802	0.014265341598138678	-0.008377495335863926	0.024636390151069158	0.006281804793764111
0.021335948006190507	0.03295294247007545	0.013708255282827684	-0.0001111140200018958	0.007924153925965606
0.01190243100286021	-6.631385102223025e-05	0.020824169583162536	-0.02741937859911969	-0.013260905802585574
0.003564128219505356	-0.01235623806920082	0.017083985547538004	0.06439234777532418	-0.014754934739918296
0.0054204741359275685	0.025760095852630657	-0.00646427619394852	0.032145167676594213	0.01879890783550419
-0.03640602657403854	0.0464468090493825	-0.01203145328703803	-0.006994949387777137	-0.0010548880336878755
-0.0009456556727557399	-0.006404053657048577	0.043234779088049576	-0.01626529532091863	-0.03644778690367641
0.02825020389411681	0.01163073319979149	0.023784368349872312	0.013664188140776731	-0.02475270732885589
0.011825440170569742	0.013858394625282443	-0.014400264522305665	-0.04993320095519957	-0.0273300962898452
0.016541391302185664	0.02230954429353777	0.032546270515828174	0.033509973729645044	0.004124090822791526
0.02397557752412268	0.03659112310833699	0.02595634462941419	0.013125242426298325	-0.013248668129740883
0.01286259693453269	0.056325023200117286	0.04360182513904103	0.02544933011391686	0.030381297205949523
0.032543575092893705	0.008980038657047912	-0.003732610411508964	0.02257648732688429	0.004807241998150544
-0.0033123366172491562	0.005250547375851887	0.0026917255871149	-0.013053056522671086	0.013888186820925776
-0.02427749679688835	0.01480138026083142	0.02144261498542946	0.02959060926182583	-0.007021786843164603
0.008546246667520104	-0.00946137401643698	-0.018860610085938652	0.02656835668312492	0.03526187022560588
0.0060999476870665075	0.03580373765461251	0.01411903007189528	-0.025030678551272945	0.020936707722267255
0.0526033435275675	0.03948832101881037	0.013496730974354856	-0.0007708171634377165	0.044391215145002605
0.038553208871115574	0.015322339497850473	-0.003879796170479381	-0.025877095395522895	-0.014348363089582383
0.02025299795781693	0.027026186358833026	0.03180154722145233	0.009555121602164403	0.014749208713929544
-0.007962635948173914	0.007807975920017832	-0.015512536384678985	-0.01097545575078738	-0.01717165044895023
-0.03390561199120196	0.003754067348375752	0.02309326510170201	0.03843113665986177	0.027415294056407167
-0.017698569879097212	-0.003960062783544223	0.02133556273511212	0.011952389335462553	0.006594334777688806
-0.006717293547367393	-0.03620848723624527	0.007863725628222566	-0.015959648721830533	0.03245049335346246
0.023095951085821034	-0.0372648611505617	0.04348039465423305	-0.01624545467885465	0.03902975040008029
-0.01064237167242111	0.018883551685892404	-0.03811134097116876	0.007437375016967181	0.010611430050519116
0.033292480369597525	0.05403953290690022	0.021865865595269294	-0.003669706377169322	-0.021809371157772844
0.01748173144252819	0.03148074705278966	0.021153802626143987	0.03902820598524129	0.00740183188308395
-0.014305459407160529	0.004970445168815231	-0.029378307881284798	0.013512925416385557	-0.0017871199194754665
0.02598049145216202	0.025446193604274935	0.03623313859791805	0.009002130490692508	0.013991430917737089
0.004892407070564058	0.0007998203979738599	0.022379541989259757	-0.00691888467540714	-0.02548268178616478
-0.0018212536579310687	-0.009310989422368705	0.0051263692535914495	-0.013954014197725309	0.004281939577665723
-0.00334189637124135	0.044165053472623235	0.01123387061483738	0.04417696989560516	0.014283784524109513
0.017191376388103516	0.021291640356980168	-0.04530869116093944	-0.016080282671400672	0.026670376562383094
-0.023562026076337145	0.006662488261775486	0.006578693666347787	-0.004069753527795142	-0.0038281541380472822
-0.03650425303789013	-0.008383443903772849	-0.013531206013039684	0.017748471221980117	0.023848754566688328
-0.007071949268461716	-0.01450211745811121	-0.005456477329219215	0.0069328858097046295	-0.007964786528833544
-0.006207641842761166	0.017622439124898213	0.012612763327286261	-0.0167798701161702	-0.017870700767410534
0.020701935659310305	0.0053898384107888084	0.02943871048977334	0.0504531230357174	-0.006613038070329151
-0.0037304908843877977	0.015471028466274343	-0.0013842362243968909	0.00852234374321481	-0.03957782223930678
-0.009813158140648148	-0.04560247630257032	-0.005448143514705275	0.007856868777332406	0.03175083614646586
0.022009023505706264	0.010902943295754752	0.031935133039030665	-0.03293855515991903	0.021552051512799698
0.04200551697730557	0.012665667794288033	0.009027196911040803	0.02029344751873952	0.010279043326551229
0.04171347394352618	0.013219830576822744	-0.020879578937316484	0.026046399869255457	0.021728815285682608
-0.009359777194928224	-0.005216274600465547	0.01834529581587717	0.017127310588282825	-0.036256472040602096
0.036810955763832434	0.0053198720024936474	-0.003169738435562014	-0.00506380041935139	0.0033267600458714054
0.007497818770127098	-0.03991752810597793	0.02471568920626027	0.003983150680002194	-0.003960176235609817
-0.012900576100737906	0.030819745176797975	0.006168003673582608	0.014887377402957157	0.0011943162280300783
-0.013936889118252185	0.03195762652862186	0.01305488665422359	-0.01788817496821088	-0.006809108058038697
0.045339832058353194	0.05980049823745658	0.03902216739230078	0.027725554683571848	-0.004284281166192949
-0.020409861463197274	0.06477336801158066	-0.02439542029194764	0.012090900738462832	0.012572420694976452
0.012602069580073861	0.014241943900239595	0.030451314171410847	0.012779424466515331	-0.02207287443959475
0.04940705031828421	0.028699816363840037	-0.005659904196310271	-0.012323464226017655	0.00466860935951806
0.016386098614276246	0.013715593398889376	0.013150781471320485	-0.019841928046904822	-0.005444986105020778
0.02142814087719628	-0.008152855323155793	-0.026025425447942126	-0.019893429166814514	-0.01664570865677069
-0.008346708610170995	0.028610809125839753	-0.010459094807876414	0.0004446451396927318	0.006638368347866997
0.006546155214326621	-0.010507087496341425	0.02877302427679656	-0.019544740824683358	0.008144071117968481
-0.015462480295832515	-0.007584124588998861	0.018831906349354218	-0.014362021594497131	0.04192005957950653
0.002540057991913843	0.007255697094244556	0.02679201533353099	0.022608041234163108	-0.0035450919763444343
-0.0018370679143261742	-0.007207221192371546	-0.0074891216054016295	0.009129100789431544	0.016886797923365185
0.030101766974303258	0.004623170396257399	0.008057223681083752	0.007578215291275819	0.01990991906476636
0.04091611927241173	-0.01885170678722723	0.030276660814419987	0.014791247097949019	-0.019657109729498343
-0.03411468797628262	-0.0008909323150373674	0.022138469857358987	-0.007185094594395074	0.023703411261435714
0.002331269335832581	-0.03607653141154257	0.004008958544642606	-0.0066690820606143675	-0.0219830265049503
0.031918951594349446	0.02174187698447757	-0.028913722395910106	0.009448122403271194	-0.022360051796203748
0.02479628376092248	0.04293796261541306	-0.03894765522320747	0.014834172458578126	-0.009645848502636025
0.028151266365473184	-0.051920187122411705	-0.00035719054275334776	0.00927178804261838	-0.015558396344916134
-0.028295086747017997	-0.022309676601878464	-0.005982827531446828	-0.031590300753764726	-0.014364447014791835
0.004562085189166362	0.05994653222675205	-0.021076791642785597	0.003244191647521995	-0.036019446133967244
0.009983969332186968	-0.010010225720556367	0.00261334036168551	-0.012063672125472442	-0.029568899025704157
-0.026828151717376084	-0.004790861378872609	-0.014033612370520287	0.02777047335274663	0.022506324860237285
-0.0050192554668651536	-0.020930656842212982	0.023696845642446347	0.013216911500265415	0.027623078895430912
0.036862307907890475	0.014536832647089428	0.008244908404932203	0.00552949746520528	0.011893293895583253
0.008435448173579965	-0.006078972371486433	0.008059063547804661	0.05102275028071557	-0.015804643597466278
0.018093967643837857	-0.010501115568904372	-0.017766720929743143	0.028616703825857875	-0.022134511071255907
-0.0414110010114812	0.00034351574296946543	0.01745927067070377	-0.013387068159977126	0.030654379291880994
-0.0041172587036974635	0.02286504221063862	0.010755471156562165	-0.011609619416496075	-0.020777746093485986
-0.006564444979988461	0.022628100160681012	0.020266047743572945	-0.015160575444245632	0.0243978404411556
0.02341213727108571	0.0010598279333060645	0.03705555729155673	0.01939766370331623	0.03400911665656599
0.015175353781862837	-0.023543635023851713	0.033805984405704696	-0.006864491361879355	0.005824367349447161
0.003080471865993123	-0.025371109593214387	0.02837156340345179	0.007513716805320788	-0.016489525398821175
0.022740225109757782	-0.02270670448637527	-0.005957335637911771	0.023975446952407806	0.04700520247386437
0.015522517391395261	0.008113168851727809	-0.011136045711700602	0.01568328358139331	0.01446681882735461
-0.009527775360279132	-0.05255643084704694	0.007520560682020378	0.034347771660319965	0.016152649082036393
-0.01693660354814669	0.010387075710194751	-0.0058308172520712175	0.03294856109043988	-0.028367072060777977
-0.014492880846126616