UV/VIS SPECTRUM FOR UNLOGGED COMPOUND
INITIAL_VALUE = 350 (nm)
FINAL_VALUE = 800 (nm)
INCREMENT = 0.1 (nm)
0.10332709779155115	0.07363880426016946	0.03613511737349484	0.04584198979528885	0.07901802171834155
0.051685744469912684	0.05327050841864097	0.03992182816071463	0.058744448510634456	0.07284090219651672
0.05518915740619276	0.035128447206057775	0.03962096899474159	0.05731805142827405	0.02625497876723868
-0.0005123509134980502	0.03578985908431813	0.050458188469085584	0.01681078492838021	0.024326388709993388
0.015049592565653455	0.036412144712589085	0.023635010366387228	0.04993197044536811	0.028925250491266014
0.05023102515470395	0.049533691504557796	-0.0017967952351569524	0.07667844395378093	0.09233614451943543
-0.009330726990575881	0.021266807661449772	0.037379721615767546	0.09344126097464545	0.04129334873305353
0.03575775342529432	0.02765182740527606	0.029624790074424596	0.027039129574501535	0.04859706016604164
0.05779851739631257	0.055994699615700666	0.09370363347362247	0.039271271333025916	0.07342362470106033
0.02926872320988846	0.06797603118190026	0.02909868456321986	0.046646132283031126	0.06581840516953749
-0.0033128937027065933	0.0741962274543042	0.04773082837125538	0.018897145290693963	0.04747114579867104
0.011882352430506279	0.029739414683427896	0.04708577646903055	0.044470988393226024	0.038671253786333654
0.03717547279440943	0.06279573550718014	0.05807085924493959	0.039251736403020446	0.024231597010953176
0.0517035225231484	0.06710102370833124	0.051550508706374204	0.05069996056202001	0.037077996267968455
0.05056686260764952	0.020760562945694512	0.0634472085577682	0.026929035706366736	0.029232649062127206
0.06069478273030472	0.048151219353615715	0.05978656231099065	0.05263632903593242	0.026382878631924594
0.04812722798537959	0.027852676978218558	0.03647529985215545	0.024044687066062248	0.03380451704553297
0.05776072577244494	0.011483136641641805	0.00014969187482707057	0.02096159509778252	0.034035132751657586
0.0810523407073027	0.057983260017856184	0.025438130627487322	0.027861229136374108	0.07437229728090616
0.040301456416965545	0.014080504899740099	0.04647840662573544	0.068619197604048	0.012794199949518616
0.029530482883875435	0.05098996212000368	0.006969341907207886	0.04776083348660532	0.07265636099884552
0.043674428091782874	0.07762766083140925	0.0507408623845071	0.03221398773508742	0.06397110821090587
0.021929257994871	0.061492969174986	0.011760472239212064	0.08170012682980245	0.03618743326609098
0.0638537997936927	0.01762722133936144	0.035657209025364504	-0.001806732078005792	0.03622150034966729
0.008834781452377682	0.03814662086182404	0.024357117016716213	0.042569473218214124	0.026829192887396748
0.05610780558237809	0.01849405401579972	0.04096348290901581	0.03446990468293241	0.017866853231478307
0.03908196607439022	0.02057879096221532	0.015554912478320682	0.05642034095922178	0.029658614986168015
0.038972264916985265	0.07120976761040147	0.04381778846654672	0.07043628345322159	0.029588620861293755
0.05886719739776468	0.052974272256943046	0.04321235631406508	0.022342649187240236	0.015509559875214326
0.02159496313904379	0.0564603398105228	0.04392045955116844	0.043163302360896855	0.07518417261855362
0.06622632509297728	0.07681621367380126	0.021721873303948987	0.02041594709899707	0.0437059131171332
0.03957771054524739	0.05508533798659091	0.018924538570339728	0.050912909924080346	0.03911139871687453
0.05854589091306308	0.047876320884150864	0.05383962514130531	0.06713448397711314	0.008327292346132978
0.02469656656751621	0.05956048457666088	0.033751584532071596	0.016380923770695534	0.017436562364876708
0.06379122619886243	0.02550783715891281	0.00631231404148086	0.04450734659423412	0.02829671889089526
0.042207288821528625	0.045243941879279805	0.02748670572508906	-0.006291237565588951	0.028795173481206398
0.014494243081084822	0.05533341789739995	0.0362472032419246	0.01598182462754521	0.06287123573058477
0.05033527838684254	0.050925017098261964	0.027769918351980998	0.08011464355530695	0.03914922762042633
0.04180161058763799	0.04818645803673474	0.04199354434483564	0.032110207254620965	0.039915763439084484
0.05662499556775943	0.05351968835968944	0.0489380407378138	0.046993271909223276	0.01458003745658526
-0.007604125087963178	0.05654057707803378	0.013532869892861517	0.0941185452945702	0.005307386217619184
0.03439075530011249	0.04075989833932748	0.052966512201057046	0.0016371011734972506	0.05362709845323584
0.05044620735655	-0.0119878968918123	0.06318984889473306	0.08420227620515248	0.056648596241888526
0.05047556171290512	0.03378134023595644	0.05956245907647032	0.017162866430857283	0.04084289783844871
0.037546704357118085	0.06902815353530507	-0.02576361157033609	0.04365639642498257	0.05107971936466655
0.050390281914961	-0.001302133845691238	0.04703703080523945	0.035028691718973264	0.02888726457588487
0.04442576592363033	0.038169991742179374	0.07510044263803632	0.05895631222762285	0.06971103986302352
0.03934435742451488	0.053468185954990824	0.031186782979975604	0.04400673642658566	0.04245877928484866
0.058017373753631155	0.06807686504183637	0.03627459059094555	0.09030162155378324	0.05592720315719705
0.04086062081772394	0.06449147598060956	0.036779606311303385	0.055995816324725556	0.00899733314192715
0.06453502315554756	0.06944062949298337	0.03429284513518558	5.7058724411322616e-05	0.02020326410079559
0.031897214496907376	0.09514583991231139	0.06773099079924026	0.007813923685032986	0.06750150043563546
0.050526413510719764	0.0004070526612664719	0.059419773825666655	0.055484576766778274	0.05952767195290015
0.06344965441888145	0.06871190363141674	0.027112914441860512	0.07145367537469932	0.031152295417108206
0.06294509436850527	0.021005778919910505	0.012617491185547853	0.026218325779618062	0.04815204212909507
0.07614705456093433	0.0574386800222893	0.09454589843931943	0.06630107014707344	0.04571112106304529
0.02804832113920115	0.03447776504205508	0.04682643175316772	0.04138086022397494	0.058797048656189885
0.009664384202676254	0.04010606441039791	0.05476753933568968	0.09033333084614102	0.02954109106725786
0.01980288070796655	0.0482635926452018	0.03607161065675769	0.014621001242033563	0.002343068774438176
0.061976017644678444	0.06066714729509654	0.04529517342998593	0.03111632818612829	0.0887395219564852
0.07105953017384961	0.0597296022758441	0.05141478603932621	0.03851441052242173	0.06930024394511368
0.0699784641055602	0.02052387005849507	0.02806149651160158	0.03850892039613437	0.04686272656349456
0.06516031050854648	0.04537586537872183	0.05839951124942474	0.05331239174646658	0.05803031581679875
0.02421019957949778	0.0442314504381993	0.04357063649424233	0.06871327801513923	0.06794485411609148
0.03770589766901847	0.05375827012128667	0.07068363951215476	0.05420190529470305	0.038069193333661
0.029043334453597733	0.01796655536769678	0.02818319990938913	0.0325721848317641	0.052712317709407853
0.05980714632957588	0.04532142509229643	0.013630129562471468	0.06275720373832076	0.053304972362053685
0.050960955270363394	0.0416547903267653	0.06611330515537879	0.03058600298841371	0.06137231924884424
0.04797600370097714	0.08643669308139801	0.0747020195320047	0.07028433990849242	0.05108016457724502
0.03513379505053267	0.05386035730583361	0.040029154053638424	0.05198074237945819	0.04570136414561169
0.04096194768227322	0.07544478334826683	0.004203362781221751	0.07891886552574093	0.03975754035739773
0.02740179602676251	0.06411111983738484	0.06624351361832803	0.016220746705318347	0.053211017961865115
0.010599896439985015	0.06835248056805357	0.06471943159463897	0.04710661233951839	0.032807935035526
0.03430735067614416	0.08223223454803162	0.07265159279028176	0.013904519040209135	0.044681952991383875
0.039334653004921505	0.043024925182235135	0.09047066308452385	0.0773957528970799	0.03239854524251381
0.05430499047616121	0.05127365818800993	0.04751826270949665	0.049179020957535347	0.00022876090657692827
0.039938981583605745	0.04359458142843804	0.03539799216286956	0.07156043937854627	0.06010763618711159
0.07842854413745336	0.03361755103342779	0.017999074099108794	0.004630211632707154	0.06532121546838067
0.08908452623665647	0.05490165293738776	0.05797731519554225	0.04135641959531425	0.0144803478941284
0.07097939951614853	0.09858760654512153	0.028158582318418255	0.031194907160880816	0.03062587098781451
0.032555112657513055	0.04637685048911881	0.016407532288510385	0.021782573454780678	0.07906863245760735
0.05275623463186174	0.07827446444313954	0.08865300293532004	0.058286380043141676	0.028673113721927927
0.06341004926163249	0.03921432908212328	0.07675374978758144	0.06041616820216986	0.05363239572628295
0.05514045762259859	0.11191799610165833	0.08477623920851629	0.017875634754419934	0.03270736854843934
0.07549866116189545	0.049288322374075544	0.11107384151110675	0.06071926777975902	0.04056726023232613
0.07893728387276244	0.07022985608213826	0.041064857440666264	0.1029424765776859	0.08014378124194402
0.05330705289879206	0.08895555738379193	0.013605952251685203	0.030192301916819122	0.05495175276222821
0.03767173474221259	0.05448585751901901	0.04615276584221078	0.030967632445963372	0.05973434649870068
0.06492978317685746	0.08581101216596278	0.04984460244469994	0.08948097785331866	0.06486730181735223
0.06460538673176258	0.04807586909126541	0.08034462252642864	0.049185739150099966	0.027305895803423404
0.07128484827656217	0.06788849353576361	0.028448102187266386	0.02841766469829283	0.06188525869393477
0.04558678005989995	0.056800386665804996	0.09067777103490132	0.07232879099278818	0.03658973784636904
0.0642175526564065	0.04263815531962141	0.06591293084030579	0.0982560724509294	0.04304980886153281
0.058871017282680904	0.09386456253772896	0.0895856444601402	0.026813681550399784	0.07653063254436068
0.07008081589282975	0.0838428478986758	0.0503895421355173	0.08565772729197674	0.047049230388282945
0.0662429484210978	0.021370099329800506	0.050951792423640285	0.04231143909697623	0.08355562364671523
0.05647536288213093	0.08341853206483124	0.032833521229223527	0.06114518993171468	0.058336165562285325
0.041119438107637456	0.0754141347706462	0.0511639478989446	0.06510528488732063	0.0262332288447832
0.0391547110087785	0.07730449131786721	0.0739665053750841	0.025957198572148812	0.03256002279148054
0.05302442712058293	0.052058321011000885	0.045430769582324795	0.05672497464775992	0.09508061787483887
0.1059480349976136	0.06168099422569578	0.05834851906424211	0.11163450898520581	0.06962109868759675
0.039485549528767754	0.05358171261053873	0.044610327886517594	0.09825299751942718	0.06569868553382985
0.059165087652743864	0.07596265655227914	0.0724433586187824	0.05612072684025737	0.11043308767265379
0.09351712386734479	0.038352012947587465	0.0649094577481914	0.08942896029590273	0.11439515387315477
0.06708412213032572	0.08590597914046173	0.027285821142184277	0.08416431393082704	0.07723524162962478
0.09219718904331045	0.057035106773494576	0.049784533691638384	0.09631263751713914	0.05170182853268952
0.040065671034637956	0.04832577125593725	0.07981589029457536	0.07872886391825165	0.081889109059293
0.09495408785423007	0.0870089886349679	0.09395459968025843	0.11707768085862622	0.0923536672939981
0.09636154650011974	0.07009742552133205	0.08087498366986944	0.08939136115466426	0.047429149011436925
0.06549705235177812	0.07324505980097945	0.08326420681657387	0.08658647348523976	0.07714084231272847
0.09400228765176817	0.0782958867003628	0.06865709328774322	0.05344345219014602	0.08248454260669537
0.08395028565256346	0.05986475367952147	0.03719718239719264	0.08890346117831903	0.03953797575629367
0.0599654264306653	0.06560205700457432	0.05348775458105855	0.09752712022249445	0.06656312940590703
0.0855326967666813	0.07650041355806969	0.08770123932972416	0.08664095024548478	0.05729765207831738
0.09226148978437117	0.033946589739405154	0.11191464954041962	0.10482770241555495	0.074213483782606
0.08699564685884434	0.10153703691228924	0.08780649965827322	0.07977422975392652	0.08034565503574394
0.10862376923336893	0.04191414755927257	0.08605911845247903	0.07372471520039679	0.032393140364527936
0.07945741771581816	0.09056721856452751	0.08730815290119737	0.0389552749369543	0.08547532018164357
0.1284269817258688	0.09115361727289972	0.09977677950418155	0.11457346179919665	0.08540904002964389
0.07504853168404915	0.09147616065106574	0.06624597433087419	0.0879017267582321	0.0826569805853556
0.07614970690470545	0.07570344624741988	0.06178112320781666	0.05409166314949736	0.04108776089797861
0.05846222938884249	0.09294436412115785	0.11791486110685605	0.10613088373612178	0.07399698499177247
0.07217419371458518	0.07489111700567364	0.11685201252202009	0.0614546620090671	0.09470375158830509
0.07255679146202423	0.09532582814824196	0.06694517809926714	0.05847675809034773	0.13402734151678364
0.09264014531506748	0.07879143427986239	0.12522031872152167	0.07718114240488043	0.0790957646109693
0.091096147499949	0.07310638761493812	0.1064728477892758	0.07815055342165858	0.10251220571463983
0.09178515538782327	0.06342983845722582	0.10465541190405063	0.07328055646947243	0.0526343185254156
0.051269227166031224	0.1139868361374439	0.10021587634708856	0.1448036156700177	0.08476709899328987
0.08224048613176124	0.06363149030923644	0.14396367064230736	0.04914967369741784	0.10740025947849198
0.11499814482808408	0.08923414549622294	0.0877394411022064	0.08264526571512569	0.08291527149895547
0.1033893637215898	0.12202372571661751	0.09303208581195951	0.1411664967496298	0.10021859728344566
0.09677608345223025	0.07775499586661341	0.05336006902532117	0.10742349266656886	0.12285535472140074
0.09797223523540734	0.13456241683120868	0.12037737945975775	0.0918850820522994	0.08540345278508561
0.07236270938396318	0.111895804902815	0.09946887254409788	0.1272119343916454	0.08254794305396213
0.14911655348236258	0.08336040572596914	0.11604642747352452	0.1013911182882649	0.10255601171595607
0.08619577262705957	0.11291702153225362	0.06620535388603818	0.1373414955416936	0.13271823959120163
0.11242186675580518	0.09873603349430386	0.11850766797774404	0.11558174304793989	0.1001094750077951
0.12158901708614663	0.10910886068667008	0.09754919805141192	0.1068994466687158	0.08754669036577495
0.10518474365658752	0.13173210317665326	0.1007625110316582	0.1192374186987432	0.10940507790800609
0.10663814515464047	0.08971603161315703	0.11865602793839677	0.09222137399577017	0.117735824010385
0.10204456168224751	0.1211150483607862	0.10752500861426526	0.11207053498740785	0.11321672834392352
0.0961571540374726	0.14510493196607982	0.06033685646501893	0.10481521971889304	0.13152000053806936
0.13960105368366746	0.12784701253945496	0.0719484961822168	0.1526612459492568	0.10831068927251826
0.11636336400186593	0.11138377050835384	0.14913148067882837	0.12502032648153447	0.11954981843441627
0.12526366872572564	0.08773591772470898	0.12490810690325888	0.11297881791670035	0.09146485594855719
0.14730686324531772	0.10691689987551953	0.16886436541720945	0.10352388491767235	0.13330318556847828
0.12252421029862866	0.1331728062295804	0.14146618305943398	0.1238153977237685	0.1251882173168441
0.09779945075910564	0.1629298540303385	0.14827992614111662	0.137145952834392	0.12368868042000879
0.13610215026295602	0.18589451004103258	0.1399520614506983	0.1458545061017997	0.12747217721024517
0.1503594677456438	0.1066360643959073	0.11696965890093787	0.14678840399621526	0.08246648013853879
0.12645885428335124	0.07883785795552616	0.14366536425304255	0.08202753975252655	0.12112447372669286
0.10526762814408623	0.15588053448734246	0.15545460171388256	0.13965970641337017	0.14085860876012532
0.11961577682111647	0.14876152751062727	0.17936533044201178	0.10820815356843698	0.19337138506258789
0.11821806348782657	0.11667262977137874	0.1229292455329719	0.14442020128031924	0.12978969190739542
0.15126583199546217	0.13286137289881556	0.11455220957840898	0.16899633894104796	0.1524696971246562
0.19467088202497645	0.13799755926681187	0.14685778336963312	0.17746829417563273	0.12669796085439847
0.16255371550053596	0.16707790865481584	0.1848212206131464	0.1741002872632065	0.19705918561656832
0.15771890051431112	0.15387295055542746	0.1220715088108287	0.1456149934849073	0.16920272262268585
0.12354433077885167	0.14527258230306622	0.2118552960811068	0.13674896741790743	0.1607219880543738
0.17615509121355097	0.13277153647478757	0.13142497042651544	0.18950655629660745	0.15620821329124285
0.15668550887053648	0.16889310270986652	0.17213889530561305	0.18944182787903394	0.12146527024710459
0.12871013004061305	0.2007690411028059	0.20464347611216455	0.18357757486566645	0.193596371534715
0.17371022586595034	0.14143029228478937	0.19078767489012277	0.159339897691706	0.16448158003278743
0.15821966044177227	0.20362626641242304	0.17044314175865047	0.2077449649794956	0.178616914610291
0.14877985915211817	0.1917195454282805	0.15592753029546685	0.19558888265265442	0.18434737752797617
0.22166085094790608	0.19287475741718954	0.1719942904995424	0.19599365924607345	0.152742670287292
0.20274913833518127	0.2348058380072604	0.18989879415255095	0.20300611568004615	0.20313825205718442
0.18978654517242366	0.22274976611699443	0.1818302092050504	0.18126743597993633	0.21066676104144139
0.17226866416702066	0.21579004955512388	0.2181190071768382	0.17549418685920662	0.2308739375408647
0.20655605756833345	0.21330560225942893	0.20277746905804117	0.20446817932511047	0.18513104453283324
0.19121259117941497	0.24205652305194159	0.2069767449668388	0.2361675445321475	0.24585256679809123
0.21042124703016132	0.21337231463568468	0.25872601819601493	0.21985051321928925	0.19464831814791353
0.22363045880204213	0.21214007001232468	0.20511322068175805	0.26654489874579385	0.20201752164630224
0.235046852075494	0.23305124712830594	0.2096011873741032	0.2347358423965796	0.21244402097098708
0.20407788420634587	0.23437641375496093	0.23265714855147562	0.2540358634743994	0.21509881196427577
0.24696427847773106	0.20554097445487732	0.22034622613665744	0.2591570047005368	0.22546243357925824
0.17992761027068466	0.2663732937435532	0.26357886614997866	0.2485839485000127	0.2832733345346599
0.2207833252746611	0.25872620683891584	0.24279432625368375	0.26977479621400413	0.2665333354142528
0.27818630903904645	0.24031173803199485	0.26299198219922515	0.2787690766899997	0.23436124200177452
0.24706535750838585	0.2600227749537871	0.22627997861346372	0.2723547159100686	0.2472466194062188
0.28214501743536513	0.261698897746594	0.27197279746772673	0.27873381558383803	0.2971514234511004
0.272243255650269	0.26451720768520837	0.27963244490923395	0.28302680597524543	0.2711722964348069
0.26007013095067105	0.2738661421927697	0.2914267996060998	0.2661873249838949	0.29531229770881157
0.2895129699040042	0.29730360580813675	0.28467327970959405	0.29925272137403763	0.2773482223457906
0.33826185556468447	0.3149960238568512	0.2996099286214157	0.3271286598157241	0.3191898980057292
0.34155210350582155	0.33241609388351195	0.31131729010790443	0.3341540442525545	0.34351962379584583
0.2738095442974152	0.32726926556478547	0.32210894657868244	0.3093243993511231	0.3401780481001648
0.3194033057465465	0.3209943131675677	0.30625006440632674	0.3324593958703543	0.3422410223459173
0.36795236905147727	0.33823129373168515	0.36349585607748225	0.3261431707706102	0.32491892413679563
0.3445120884834142	0.38103805669082524	0.3558087447833118	0.39186133364427406	0.3383131014269185
0.33711991335900693	0.32865143547709047	0.3968397366813985	0.3576132945646603	0.39883563724693455
0.38031397255367594	0.3752873159940726	0.3454475291379404	0.3827442013640658	0.3849210868560129
0.38905875334423495	0.3950764749360799	0.3502077032491074	0.4144164891860491	0.35761199664520377
0.3732189056213541	0.42678419392198463	0.4165306303293706	0.403004776142645	0.4217742913056139
0.4018779961517331	0.4588157864308361	0.38226243831295686	0.4330600312958387	0.4150800408677411
0.4493835118357768	0.42648632561638755	0.469847377150494	0.41592919648500015	0.4400058205207545
0.44157802281117176	0.43162636738042043	0.46365400467375123	0.41233927851003493	0.4586365006970707
0.45726447531445574	0.4505128385875482	0.4705677717597933	0.4382211660124449	0.47169860054913343
0.4427370277209548	0.4784566084895822	0.4819864153439416	0.49636037329561616	0.4662363734948141
0.48371262893064576	0.4792863899996792	0.5098516915567639	0.49824256328555816	0.4851575930659957
0.4994808448261211	0.5442482851770764	0.5367884758225363	0.4798353929124226	0.5295251508555542
0.546676884730437	0.5696985637339669	0.5059537877695987	0.5431116119335977	0.5880847127215146
0.5447527444204324	0.5423130234745954	0.5408471364107377	0.5192353058745821	0.577592667538653
0.5618864367604288	0.5816551962044056	0.5930066060550453	0.589360219804051	0.5519555208988851
0.6093376149331644	0.6036804901688824	0.6081438131368269	0.5734444375194796	0.6148137681881454
0.5857472826634146	0.6214430082227411	0.6159609164986815	0.6304717768889867	0.6696503954442208
0.6247112781611694	0.6458815373787975	0.6732753283352129	0.6751007875281773	0.6281280684462908
0.6600972175675256	0.6626315238776412	0.6828957952509254	0.6650156901711205	0.6975573398600073
0.691286795645414	0.70611727259759	0.6908169121239023	0.6924067457383488	0.6889981010143069
0.7388929100880103	0.7357838633653091	0.707149256887785	0.7538469016183881	0.7476865673900255
0.7456193317596957	0.7618642102462615	0.7581070101506193	0.7775088779881044	0.7864594682393872
0.8173928895862431	0.7689904895083051	0.776646869642443	0.8179266012424061	0.7938662414581072
0.8480640982517713	0.8758704029200226	0.8851836566947405	0.9095517402208204	0.8428468642517691
0.8541621476765486	0.8582104510707234	0.8506695562398736	0.8881046316687762	0.8853122032096088
0.9165363517498826	0.8965511721406861	0.9242191334228399	0.942848369163016	0.972814111097414
0.9025750706142806	0.9725140371019518	0.9710400961864667	0.9954119935671133	0.9782196116913459
0.9996006006721377	1.0049439233156783	1.0272261956481397	0.9562076002759549	1.0148216372271421
1.082551626959411	1.0510373651685334	1.0895252766179107	1.12732834819328	1.1261568539859592
1.108824143559499	1.0939828925834956	1.1414143089415323	1.1400539904003002	1.1493348204515035
1.1454695963723627	1.1939018300010527	1.1480808129227293	1.1850195676063928	1.2207391672629795
1.2134393256505165	1.215385064541893	1.1947094522373285	1.2313176038082079	1.2363057369196686
1.2790064908571268	1.250197616107587	1.2964073542587107	1.3101917799731722	1.3201255483013274
1.3707802507371274	1.3860349453639491	1.3863333719519255	1.3916138579239834	1.4350396472901796
1.4225493168923447	1.4396801738974947	1.4735596889324676	1.470134465484452	1.524877936773297
1.4597364974597267	1.5255929734207645	1.509123759771489	1.5689066630643662	1.6136079356447666
1.5939642542873804	1.6060171700463823	1.6329039871760727	1.6510592179885166	1.6887311898239155
1.680738838322759	1.7140879679491317	1.7055682865875101	1.7556194661356233	1.7519631365996449
1.8150580697818972	1.793817317646319	1.8158647544084547	1.8857544425168926	1.8714319946809668
1.9132241778023953	1.926849933192659	1.9493318919670046	2.0016712495051023	2.017867859477929
2.0179225407212638	2.050112503545004	2.0752542130708993	2.0540332457732755	2.1056558686987588
2.147547427286255	2.1772005472821636	2.1713632646279235	2.2060262246982116	2.195138059577757
2.2778790432042144	2.31112365076927	2.341457891810792	2.323159923394634	2.4014117268145796
2.4031498568711718	2.4292456857696094	2.4736585443593886	2.495405943572244	2.5426789656069904
2.53662503594407	2.577547699756083	2.6435887794148836	2.6328027750191105	2.6611418844491253
2.703198586971774	2.7282633987513165	2.777746562510077	2.8308021663151735	2.8721356279624106
2.8760392489196116	2.9207922226024015	2.931680325523724	2.9658763431966304	2.9759241276459147
3.0631239092146934	3.074445204990218	3.140163411026308	3.1514614684641287	3.2302098811743116
3.2235188171325078	3.2896641175596084	3.3232817567656623	3.383857970489571	3.40706800284625
3.4351780736893645	3.467574210672351	3.533492925049185	3.5422468634974345	3.622009299366496
3.671446277071966	3.6508328089453697	3.7517233531121144	3.752222661356124	3.772402378775269
3.797880127376638	3.872013646956499	3.9219889733703375	3.964285314869154	4.031906631433153
4.054899703712555	4.0712676008104145	4.109336944072424	4.134734678051042	4.174116440621838
4.209045671495222	4.218486165918822	4.289028824931754	4.373364459034593	4.375093593406284
4.4173761716988045	4.431665103216459	4.4715875256001505	4.513636490531859	4.548262295487401
4.584430325170905	4.610258458059424	4.641774102678634	4.657103230988157	4.6798861446399025
4.71895573327929	4.736438325304486	4.719175126707112	4.75021189258241	4.812457426448874
4.814053756672171	4.858799099899886	4.87578423399475	4.916718415142419	4.921389851194734
4.962510158016145	4.962216433643934	4.990213119387591	5.01700967483487	4.99876273441445
5.013319747387356	4.975418867672468	5.010730115042917	4.970111539369645	5.001701312693215
5.0313320446409655	4.996156605390193	5.003060813767147	5.029317993841319	4.976227186246269
5.00625850397571	5.0112166901165	4.963972317294836	4.994534587756891	4.963242121252292
4.91542629062534	4.964173678289078	4.928000813520052	4.937722850024583	4.873236570194551
4.900946929507223	4.839362401129983	4.829441762464313	4.7821970601355845	4.773409496938482
4.711257580070622	4.737533104809171	4.686948219524835	4.678183894957419	4.66128626842646
4.6083752270234	4.590902222368203	4.540884766496416	4.504931076467888	4.484347243365614
4.446150653691324	4.392703614908412	4.351737504797474	4.3005367441704605	4.322395016969487
4.2746373653780045	4.247318659159557	4.209365984557265	4.153776253911842	4.097649282127619
4.102618276414273	4.01852613719703	4.04573967948536	3.9387732314021515	3.9239280380694606
3.8914982113632823	3.8355807235996804	3.7760619661842685	3.73004694616774	3.741857420302351
3.645868723471458	3.6593586000581007	3.6071981955669004	3.5522412121704137	3.488638579020249
3.49525898897841	3.442454010321278	3.412807229458826	3.3353340864077827	3.3334455328546344
3.317864749965604	3.2873832901274413	3.1873583175100997	3.1710994784902256	3.1653608438758534
3.0968300938121813	3.088686138770943	3.0819357263268206	3.007875306521687	2.9626725311434785
2.9255669861183238	2.91640079589939	2.8492964936217673	2.8123138762448323	2.780377476507303
2.7503133688954953	2.7072096663352014	2.702046281208347	2.6930029671812283	2.6563311108684324
2.574513488343209	2.552522822661494	2.5529495101747455	2.540914993534174	2.4853250815069456
2.4503586781720204	2.4729812423128856	2.345494005552198	2.356112938802839	2.3181587619986215
2.2880175275755352	2.289301437906196	2.2783225881048415	2.2503342076374335	2.184790563401845
2.1644919074248374	2.1373610058382644	2.0909558218794797	2.0493354312833985	2.0629376986308348
2.0584491219577603	2.0117227606962036	2.0073597232153886	2.0116112745728127	1.9672851547736299
1.9151937644615025	1.8935161695256177	1.8919916102156187	1.8542288478453253	1.8186179298632534
1.8483902181758316	1.7998666291305614	1.7570279246643354	1.7522674650080428	1.7052886007074741
1.6915958843530756	1.6750200690605794	1.7025416659507009	1.6184086445899948	1.6292787291087136
1.657947671283979	1.6097326241922878	1.5711804283281297	1.581060701077116	1.5468502689201382
1.5191695624165007	1.4912306957863701	1.466593861228052	1.428222730706807	1.4397842080006604
1.4578733214524764	1.4384183471752408	1.4225659900284815	1.4060694551151054	1.3647757002516636
1.3710706140263575	1.3462342456675247	1.2973851112625192	1.3550659748476268	1.3224440277797844
1.2570929901924	1.269796070318691	1.219660541760709	1.2501481834066375	1.2613878836384627
1.2567815094290757	1.2297463152860277	1.1764069995779052	1.1695151904411285	1.1674417733843787
1.1754644579141602	1.1396331847953867	1.1394844227420795	1.1286003983821817	1.1225511345295247
1.1107025499747671	1.0747305639044982	1.0786285803918352	1.0964838764032427	1.0521628351806753
1.0886636545120953	1.093950615548292	1.0717745202085203	0.9908390125695454	1.009765391781195
1.021352155331398	0.9888422130110592	0.9680082467464561	0.9769332696965686	0.9558629863416713
0.9452928147147329	0.9298998747882534	0.9462673724397542	0.9249447950104493	0.9053017457985183
0.9085723287031496	0.9366109693745219	0.9060618831361472	0.863211563454009	0.8819792916443582
0.8695206274987721	0.848005236099157	0.8176276867197093	0.8392750840137904	0.8586070983632902
0.8854949296266023	0.8299319152067095	0.7947797477054047	0.7844517782414584	0.7943902979738798
0.7958159250531217	0.7996468221819849	0.8066826128200947	0.8077239637143605	0.760333828169876
0.7456299996800128	0.7587126674970075	0.7342791809235935	0.7534145843069817	0.7252477811816127
0.7237365338140367	0.7025715745633584	0.6934752816126366	0.7296055505107916	0.6954970536598629
0.6748486402392306	0.7161611654127169	0.683630261940558	0.7180498654081569	0.6583294435349496
0.6862574257220988	0.6582645505729379	0.6481883273020252	0.7112493236187882	0.662327276270817
0.6241009142876832	0.6103362644432981	0.6047400264205973	0.6280202246327902	0.6420916446446775
0.6297303617465152	0.6307568574444667	0.5968660052563523	0.5916596315458559	0.6033805473138099
0.6051728479018517	0.5875084278805089	0.6077390824163036	0.5789804771325515	0.5916940149433244
0.5725219306157439	0.5450366123216976	0.548452633624937	0.5331714250577209	0.5680743700487687
0.572965178651011	0.5541607081946188	0.5186172098896028	0.5455882559850291	0.5314783964491362
0.5100564111267831	0.5400653928498651	0.539702114538828	0.5130681034144677	0.537038506466052
0.4928460916493101	0.5359099788008469	0.49968290179196895	0.4769136599114434	0.521551388147745
0.4466699760275324	0.5269805828687031	0.4507495086653662	0.4523266295806585	0.46837498188359544
0.45717180887666153	0.4505412617278384	0.43209348198676206	0.45477965065244974	0.42461158167519436
0.4736600733377782	0.4289106508792006	0.48389427994443995	0.47668575953626	0.4765918939221793
0.44692651369449593	0.440416463348685	0.4391820855514563	0.42461327877027416	0.41940239659185863
0.44636525410819483	0.40677583572351794	0.4184566482684927	0.43232332269383345	0.4260916494825788
0.4087424572224406	0.41428116813843713	0.364107156229979	0.4052200339050497	0.3562833492375308
0.410509033423477	0.40860192322227784	0.3731066711905095	0.43095959042462645	0.4022241779848295
0.38483192429632423	0.36631417655337783	0.4150655142435068	0.3539771400995017	0.4107388533946476
0.37953203920074297	0.3709575121307852	0.373152048470868	0.3737853883961907	0.3754663503367327
0.38833493278289566	0.3757231894657005	0.3697369737816013	0.3493143367672514	0.3748215747384457
0.3537110898528608	0.33785164154487873	0.3229964804568629	0.35294122992652416	0.356925510912646
0.33816542999237137	0.33065069906844363	0.3504674549169551	0.3288198488456663	0.3404462953051459
0.37748504766702695	0.3033505623525436	0.30796447806270005	0.32157704781038676	0.33524489164586846
0.35406970350808714	0.31799229765554476	0.32381411485225664	0.3086388481421768	0.3266203169926778
0.35309371961613256	0.29215685383842266	0.3106430027661824	0.31095254978632014	0.29538028595864746
0.35023870499389803	0.31286618535817984	0.2950928174132804	0.29085736810306406	0.30008018781447576
0.2740004473318945	0.29967135938835787	0.3078779918720173	0.2981678780409442	0.31794827239264556
0.2770455607352689	0.2868111933488433	0.2683630496729325	0.27652870568228316	0.28056879125301787
0.26828898631286197	0.2825965372406403	0.2834520064413016	0.2921427395924557	0.2851139320553786
0.2561666429262561	0.2507801925058394	0.26396984718787	0.25908393292636206	0.24554819619159515
0.2739751528526438	0.2581500858513302	0.2570689843094845	0.2717850346060915	0.20885462747145758
0.28572388031864887	0.26594546754635434	0.2782519559209997	0.2803076131738724	0.24923355793151333
0.23053019256457638	0.2309994637119551	0.2477225125198952	0.23823456751925176	0.2481242806739363
0.24238812042853433	0.2567549224121679	0.23715619665696552	0.2460015421140975	0.2632555163178911
0.21443258102702786	0.2598407438032696	0.2399926539748452	0.22497416989824023	0.261181806440395
0.24966987778352487	0.20293784506264073	0.26964603766260126	0.25597173284665575	0.22153339104428207
0.1862937016883032	0.20125331866970747	0.24730714386968747	0.24283853674763275	0.23110646600356138
0.19698180192112255	0.2288466217454831	0.23515189821450438	0.19128661975076655	0.19492185224998346
0.2204736720814652	0.21557208438150247	0.2368778750580587	0.2218760379112274	0.1842901889517693
0.21933562813279647	0.16338174032410557	0.17808451774714304	0.23202895846493207	0.2171018087546056
0.17047267025695745	0.20002207533849273	0.20838009448959458	0.2105597110493069	0.21353958997388175
0.23353210843911865	0.20939748643524125	0.17463412597303393	0.22112790843107955	0.1868202949797703
0.2005873739621195	0.20896265029575864	0.17502244916394818	0.19059233059408787	0.19541024591779768
0.1836974436837667	0.19298973429532298	0.21923086254059598	0.15535188381323084	0.20696174154741168
0.17273387253746003	0.17866712539652102	0.17353673396655547	0.2238212752052977	0.1363378386197546
0.1678063946952683	0.16096935508309274	0.17430004186371292	0.14285126367272583	0.16379438530428006
0.2074514790354954	0.2027161809454705	0.13315786285013137	0.18373563693772835	0.1813853063458558
0.15330832438990022	0.20525484224782792	0.18145506985118784	0.17798629117666037	0.18249590994534265
0.15421103298154976	0.13896015204148965	0.18415007696901156	0.1831821596330682	0.17123415817066862
0.17893729001377226	0.16980651008343262	0.17981690470143064	0.17709899164857967	0.18841487847123467
0.15433382949585123	0.1945232786656573	0.19637632099847033	0.17787402571472435	0.19090119375979575
0.12479996783581816	0.15675848866079595	0.1548367935332271	0.14172218761633804	0.1590589372468825
0.13941829886663282	0.17058526883740263	0.16626409412600718	0.12967129276072484	0.13733528975924286
0.15625634112805672	0.15692896384099625	0.1583128548051201	0.13859463995186402	0.11517830137283189
0.1506552432432519	0.16903054233840886	0.13286591852857707	0.13569543480167698	0.15670910286433595
0.15287367790981438	0.16900167471296415	0.11187768268258515	0.1340580283273994	0.17287606824624824
0.1294423429199939	0.15264515829584432	0.10691602790642528	0.13336076794979565	0.16884255331277642
0.1236577210201942	0.1197430131875592	0.1667701744594797	0.136338981874596	0.15362578410043776
0.11871870331141683	0.11202036775531792	0.15826075187952088	0.13240827224608548	0.11451064156267136
0.1154511559973926	0.13818914007668182	0.11233194445002068	0.187926291012006	0.1344413527153268
0.08594692580552109	0.11822308045033847	0.13244220098631518	0.11172868128530818	0.09016071343102106
0.15396295787047942	0.1031964696929803	0.12774003509696422	0.1494075879752796	0.1238915430298833
0.0982897363724185	0.1538397561537002	0.14447072065191316	0.12481111920230721	0.14900878080624547
0.14276506626203025	0.1011150127055817	0.14098558577404754	0.12035821925391164	0.1463107746860007
0.15228499098496046	0.11195309144886711	0.1334674198379329	0.11164147078134237	0.09664764967040952
0.14582689364428306	0.0627871361372116	0.10207975176098873	0.10569867849458843	0.09618875456271288
0.10869826818769178	0.1483386506726734	0.12491675164068693	0.1498304198931327	0.12305955113510827
0.11303646473529644	0.11850877502585516	0.1039520986762346	0.12978822030841167	0.13242187030688868
0.09887855005005788	0.12172275277083698	0.08674504530793023	0.1084204617548864	0.08327420154690607
0.09514371517129794	0.10416265662712121	0.11970053742917595	0.11705785232552053	0.13471704484442756
0.104816285284871	0.09600280345528411	0.13144296416741266	0.10064399245824605	0.11317949145212211
0.09199480210649597	0.11738734465137633	0.11686185440457211	0.1363961620493551	0.10828004250472072
0.06734655389444924	0.14465590322722854	0.09696923226526272	0.129485745703778	0.1666683258896872
0.08340673796699209	0.07624142878506827	0.05633709016496513	0.10344558498249536	0.10719209724663786
0.11650032569604266	0.10080417732525282	0.12252431293529077	0.10681253643774448	0.1206099498888834
0.12773094500124524	0.14700931009367105	0.09062964452381664	0.11119195239932177	0.07243371560895616
0.12478922697436551	0.10136563623745852	0.09696940715245067	0.14110626826447023	0.09983889461677306
0.11093343249918523	0.0500261510141935	0.07624989961838388	0.12261072466514475	0.101320382379427
0.08431611677942732	0.11999764450728409	0.09562849321604829	0.09088995940982135	0.14509953871619466
0.0946714203534145	0.11819159762972943	0.11065832190592888	0.10010046069071266	0.08229595850593185
0.10721535935819329	0.07606741914040997	0.08057790589322508	0.08753074730006691	0.06231948159553283
0.08215164329827646	0.059362819871295935	0.06297758458941562	0.07782404064673962	0.10554122337038727
0.0711556941765673	0.10382471515267265	0.0708540228728067	0.06480862855055393	0.11396354973758252
0.09728935088984814	0.06837213125769821	0.09687045141024903	0.05441481832936274	0.08104519314937572
0.06875580576307286	0.0589386353999088	0.09060454513345087	0.0919782929366096	0.07653165962054646
0.11659102997856345	0.07632621675614229	0.10445769093924581	0.09274596890337322	0.08787005116081065
0.0772060397625537	0.09958339449672542	0.08976738978399812	0.0912910092609314	0.09208148231638069
0.06507855641652172	0.03701091680100334	0.09578293932077234	0.10505702238514798	0.07519200980604966
0.06971901673281117	0.10679778913256441	0.07266795389917237	0.10658415391726106	0.08966460963117188
0.07032957969746886	0.044214179431770535	0.06995235359253864	0.08788379138592442	0.07967337308872077
0.06582547243535264	0.09338339954786323	0.06450828831286193	0.016090732456893807	0.058991777751988654
0.03853130515427951	0.10616943588488338	0.07572899930563261	0.0991894564435377	0.05435067712699941
0.06068423364713128	0.1027215733120141	0.04598171005081953	0.08301110789855994	0.07850944277938772
0.09556926664171932	0.02158847316851741	0.08181678247384877	0.088040130905061	0.056126170905153004
0.05948390446769398	0.11567905242916914	0.039010615482087355	0.06840193340570679	0.09829784559129948
0.08803982729129546	0.050202539390987067	0.08698746183829377	0.12652180404047741	0.049807069377446236
0.058532953261108175	0.03898817445202501	0.07655622071767562	0.0807741196957321	0.03959089616764719
0.05420252938863099	0.06175895944518378	0.05261896764712293	0.08029608489303035	0.05540200451500396
0.02834505897884759	0.09616642256970039	0.07513594078164701	0.08225869877656465	0.04612762494444408
0.06603509036039747	0.08681199658351163	0.06168958467051512	0.036375234108129074	0.062398003916249944
0.0441099999232923	0.08571127019946573	0.06309296436915349	0.09126843162976833	0.07940290503984344
0.051440137046148506	0.05841083504257938	0.07110027264520503	0.09489747053632946	0.03652609069475765
0.06609000895231455	0.0210310149043921	0.1017188246192486	0.0635807120810551	0.07723882298900477
0.09392153994124773	0.08054826292287404	0.056147164829704374	0.07109258702909962	0.05572146324758291
0.0758376051638712	0.0851655226923678	0.06526271062124184	0.06245480546372782	0.0659790335407067
0.07332222750858668	0.06317875195840263	0.04057868626124419	0.0723377718991339	0.07445768044140838
0.028034986054675488	0.07774760719610749	0.07809291597131042	0.0661894552305395	0.029437221225905412
0.08898763500400766	0.05329207155372859	0.0443650905357948	0.08163492786714814	0.07511936547516916
0.06833322078281301	0.04101328861161581	0.09557584005117838	0.06337691474639878	0.07896468265531756
0.11045399254877987	0.03168269139240258	0.1026933805488522	0.060193059408815086	0.04453624014805923
0.054145051532461935	0.03867535834008501	0.06929425929497013	0.05032527000329982	0.07558658724597112
0.024781190879780875	0.09619039771172536	0.07067476156274512	0.050449384798711486	0.05175333695699441
0.03952533516494267	0.07728797241404142	0.04755687571707761	0.03778975982048165	0.062474034709856546
0.08329982986527709	0.061486044248953695	0.04235048829353783	0.09473045693336307	0.08292181634155617
0.08958933283689985	0.024375080290269316	0.02177570885918218	0.04364104919754415	0.0700775076490086
0.05462857582886805	0.06478984912011947	0.07814637818495783	0.047654647787508095	0.060905423723053104
0.061231562183622815	0.05336733350633757	0.03158512781954651	0.018032755136676418	0.05729009177256438
0.06397942444560399	0.06984761763240312	0.004022293295689811	0.05093673401550047	0.07557043879658988
0.036685711322306726	0.09089133900905091	0.040602591800435135	0.07467950490187464	0.039370600316583015
0.0620719468765974	0.04179568366242143	0.04439792367040962	0.026856802073140368	0.03986583114384796
0.08552140119339445	0.08497121472230482	0.02049841210912756	0.04867192478185166	0.07002226861243958
0.01934248308393375	0.07122034599334127	0.05850565444462182	0.06734849293048725	0.06190246427502041
0.03507065961828598	0.04803925374092819	0.05794995128787753	0.08629865433022278	0.028063243424910504
0.014851350204824774	0.008130752522563496	0.09462536707366537	0.06232763721697669	0.055255301839307665
0.04016529242464377	0.048378414349675894	0.045664645132828426	0.0456275362909839	0.06551801256639124
0.06359450240078804	0.06331327002621082	0.036984765107716505	0.05031145078346825	0.0693218634059064
0.0695137332056596	0.031484307679038114	0.03350739806412913	0.03903704063213429	0.07351907409132288
0.08982553985344618	0.03204383859849339	0.06425038782973955	0.04868369466714391	0.06684146038013798
0.02455726207095988	0.07073642469094249	0.04167636594923365	0.015035452966797765	0.0026255623123149236
0.0962628652478901	0.0033285552010704654	0.05784689076254416	0.052803251648301	0.044678532896679314
0.018472939193975062	0.04927276162951432	0.056081437182524625	0.02914620442441227	0.011792888851933506
0.033657850706359786	0.0643998251198422	0.0331115244400928	0.04974337953834969	0.020296732678182387
0.041740918552845216	0.047766407093345314	0.07950271784458979	0.0598674852624027	0.08503221185634081
0.03756741077980065	0.035809475885304434	0.06864076936846186	0.057819293732569596	0.08723780598284969
0.03711339872613122	0.0621186599037513	0.07388041547882092	-0.0006606057620970694	0.07507000470830194
0.02065417382187694	0.012878739441423741	0.045350773027346795	0.04052056797775966	0.02817442149903622
0.08807243541035129	0.03235610804323014	0.04097081275163509	0.04520513120054156	0.049697672707014064
0.035296913944198635	0.05471897737654801	0.07059489624448159	0.05047319218262151	0.058219489883320055
0.04511456041516823	0.07563818393955922	0.053143415095939395	0.00672760564214721	0.04680149150850009
0.04476407618243122	0.0849737904006105	0.02096024090926822	0.032989634372367974	0.035964575952052505
0.02924798791307236	0.039782325275835556	0.06765840605141331	0.042828549109352236	0.05485016333252677
0.04620237973681734	0.06163082579816578	0.030400516376108196	0.09326237129966211	0.06889514140882684
0.06907971675165037	0.0350807405559701	0.03280333260597366	0.030911399663993946	0.02529525931667714
0.04951920324255928	0.059257487611364554	0.06331860168327162	0.023684796526668436	0.024332067223187738
0.02658317311203487	0.06604725412683987	0.07941417735516854	0.06672000502166758	0.020757523045004986
0.02787162864831231	0.03797171148824039	0.01186327583718106	0.05021240367211307	0.03507276342349512
0.07728634328523122	0.042461854412724195	0.06384331461886777	0.04606089700892466	0.07524265630821929
0.02333001452103825	0.030679298602137466	0.06641008961877984	0.038051231917161414	0.019363324235368032
0.010549451092598852	0.030765906273941407	0.024575479730743977	0.04579918281065475	0.03157748494506262
0.031000722842183435	0.0034844100981685534	0.09095756960438228	0.01821817574424913	0.0339054950089172
0.01063536288164963	0.034989345244783615	0.02253574370551109	0.030981338576692306	0.034494616079335565
0.042707871432713276	0.017159302485792734	0.05164008363147382	0.015482895858793146	0.02949720622006498
0.08603325022036704	0.048279694676670475	0.04264232661808282	0.009977514591987794	0.07267884544423713
0.011756547263524954	0.006737665014306356	0.050978127082831046	0.04742604025203645	0.06888059104533681
0.0558486664420918	0.0686207300512259	0.04270852406033088	0.038566151784067935	0.011921495574075241
0.011208108085373408	0.027137064309816706	0.023962244698844417	0.02468235418204996	0.02562868564501427
0.038909862032908867	0.020071987920782013	0.029347849165835684	0.0468477470680467	-0.014068243937797084
0.005765513180613861	0.07192980584637777	0.036137103629362385	0.07245957866021109	0.06141688041070778
0.014491941709322132	-0.017589659907056902	0.029390434667471252	0.049723921342160374	0.06533317244033113
0.006912881016735527	0.022185351677822263	0.04949349563544557	0.030671706305350866	0.06419089500643489
0.02263337506483025	0.049961355557014905	0.053885429460452675	0.027937706405734463	0.03824305240248666
0.03417252945141287	0.005125087453580555	0.01794007515100816	0.027166602967471865	0.058991872821105275
0.02105276463486954	0.047193494749907625	0.06391191835759594	0.014812527085605084	0.057653697179844796
0.02050036933553654	0.06505654346250522	0.018790810484328034	0.02196219122020892	0.041752145682283054
0.05811447101911956	0.03578923926924067	0.027033885449232957	0.030422788618667776	0.02667596608109392
0.06270160033600526	0.009112537080490625	0.04277076986278981	0.034470268226189524	0.022310532265958978
0.03056331195071076	0.04341942754544857	0.029987585591981208	0.0030824945546524887	0.05779307978599692
0.0488178964587376	0.00644553215683352	0.016826141875452776	0.05008293616782768	0.009773336191000088
0.05473608081194966	0.022168218331278973	0.05060259577291532	-0.017316643755248037	0.01559659042840956
0.03934253890864063	0.005250064462189017	0.0248118794561192	0.020377805093071605	0.023994725810443866
0.0029696999796421358	0.05206141840715789	0.04389713135280267	0.06156463047144693	0.004061511830787096
0.04082602249385998	-0.01705451678444424	0.03347268737404602	0.0038432830043000406	-0.014326241343903055
0.016969131188727116	0.03577124472919676	-0.00028435316075995504	0.043832567623378435	0.016067028564155608
0.01266077407187001	0.018735517546791754	0.060878759570372885	0.013086779144362393	0.04345017302264346
0.042309553062211416	0.013532966655007875	0.017775791992642356	0.01942346598153908	0.028588418747194602
0.04624268931084693	0.028787172260816514	0.07035335784415449	0.04297147214321996	-0.008230085635844113
0.05191387095352413	0.014123488343095581	-0.011749153672744659	-0.025444730076205367	0.08413964896941929
0.04457466135020117	0.05480642972594797	0.05737412562873257	0.05163797206848791	0.051102074286293285
0.014143354784654831	0.036883379676354924	0.057316805722530256	0.022871372636291167	0.06149895836152943
0.014783248703209486	0.029226724917114685	0.06488714931494992	0.03602302482694813	0.03557837621764569
0.04919153705439195	-0.0012510382496455173	-0.007681648710480713	0.012608232420016461	0.02710190479494703
0.0410712276503466	0.04409606177372501	0.07186580999758942	0.007630797175852179	0.031732467877733296
-0.006004866012713024	0.05088415503840867	0.01672237265509832	0.05089135599359318	0.05721017155822952
0.051608287350517125	0.02614966911022927	0.05002131135607561	0.035346258534173905	0.030393560534538507
0.04368681684644094	0.01875403155392348	0.027729282178522472	0.050755900811868565	0.0033507915554400517
0.05864776700847421	0.026364451266383638	0.03761155345127231	0.026778318526373766	0.008434765292395657
0.024755069599406584	0.007799922617787939	0.02329368774825207	-0.0034940237234079353	0.02326252538195143
0.019671259162839867	0.040048673454093055	0.035143384326779395	0.006016955195506789	-0.021838951496337036
0.024318826259070656	0.023015905063211727	0.021678406518379933	0.007404410284657315	0.056555804739846414
0.010874272687042452	0.04341234343887502	0.02422178418863327	0.038542492716739214	0.03179331272410725
0.03897419571199959	0.04434500179825395	-0.008208238184475953	0.04491498964577348	0.042857520902121575
0.019810969196731726	0.0072298528409841314	0.0004088012436281761	-0.004517140249009782	0.026511604825164438
0.013140354944467435	0.05415576723284486	-0.008836310018486147	0.0013746039423469204	0.042770019695855775
0.03883274380704204	0.06836827042496726	0.04425598452426685	-0.010059278485856742	0.014322815130743427
0.053908705317015346	0.06562625327093727	-0.005543012323605973	0.011406228079606617	0.07941298329762427
0.013961702238683227	0.026567930084473123	0.006395369063627797	0.018053581873243414	0.04167047950212871
0.04535467566145653	0.03199106941759005	0.05298708141228237	0.056768590604791426	0.005266153201836463
0.009935249139849778	0.013469780442761016	0.0348073660420071	0.014838274866316909	-0.01690932699731389
0.009758240252217455	0.052433863664045545	0.03719544356486828	0.019826106272673005	0.030466703442092027
0.008742617534676578	0.05055569134311446	0.030617023317119716	0.00706955456942647	0.04156616921879498
0.014168713051984763	0.031328206655041525	0.04604911197477413	-0.01714161228263873	0.012576219146130463
-0.012552373284339894	-0.001266369223148418	0.02195460821684317	-0.0020079665055454544	0.06361546100742314
0.007992034939742517	0.01929756655345561	0.017738830516882114	0.02971237085457392	0.027867899209365058
0.04290549463445517	0.014886217079177925	0.002930270004156782	0.030405753059824764	0.03472534338703749
0.0633987937767289	-0.0027728363907860883	-0.004600524558095821	-0.008976808094249946	-0.004412811015054955
0.0001596674543765681	0.027339835806797767	0.02960664488294357	0.0050978563330458795	0.0045546002113325355
0.012245647535958155	0.03662206198475403	0.027419795358126185	-0.0174324500601758	0.02606329503480113
0.0398354187221807	0.022369053444570422	-0.023395695356125883	0.021745372487575482	0.04693917656799912
0.030127847254100757	0.033322861654132556	0.024106584958066484	0.03521608742203249	0.031547878429728164
0.03266033224272156	0.0015105560539603016	0.060927298480908526	-0.0017710614207044227	0.008299724090426903
0.023676469802335932	-0.00907489619270342	0.015086751725677049	-0.04246414381877583	0.012016160388832254
0.018585083015066384	0.026445071669530307	0.0015176844888460331	0.045334537184648055	-0.014727260198230892
0.022971350152782146	0.024866085719316876	0.049159283961636324	0.036131051206528646	0.030583115297579747
0.00982118878249721	0.01414111506224142	0.031988797852137055	-0.02072521376769396	0.03422501694445524
0.03067855854443402	0.018653849897098906	-0.0368251690353468	-0.027850458642027405	0.006472392168754519
-0.008903934814152187	0.02073749432397632	0.0234020660464671	0.04103368014494826	0.051864172511288706
0.007615591139859017	0.031135421205377982	0.0540593908845067	-0.0037730019328408994	0.0031173263103634573
0.002434569207802768	0.02489647142814993	-0.005912826503484986	0.004326184559466772	0.02561723267287142
0.04618073377987219	0.016133326582900415	0.013116983142202636	0.021166873487733624	0.041586442484628915
0.05064745583770748	0.0489541983015734	0.04382243332505809	0.05793093454468533	0.015980846369584596
0.016101279477359478	0.016461799675372153	0.04587489533084352	0.020359050232885215	0.05407548449889865
0.011786614141525235	0.042726138797397874	0.04954361204724034	0.0645264373011527	0.0038221387646960566
0.038161335599261596	0.0006062539236650673	0.006747158427084444	0.030704668935688857	-9.196049344717232e-05
0.018959204528587056	0.0005315620714624464	0.03454388103354284	0.06673899918233926	-0.008758605698397185
0.01386957332003445	0.03955878664169018	0.017292013733093647	0.0021872587415576374	0.0634164904689883
0.01818529317139144	0.03720830508200578	0.03890019615034538	0.042891374604874674	0.024494466651287274
0.01832437243093232	0.03446481176617086	0.031833697803413885	-0.01014361463480453	0.02650808494072912
-0.023533769767160956	0.00016372122084798608	-0.018184759803625977	0.006318953365944342	0.013095963680689254
0.02340148685889899	-0.0012269592248958646	0.012551959232666322	0.025916510076628423	-0.008723594020456736
0.014103711743354836	-0.012923230152899517	0.018532543605943266	0.01620822715644116	0.03855049598817108
0.05162322832296588	0.05356881838978694	0.04059073494597474	-0.0014783727508927876	0.030664891305369105
0.0008753712747859481	-0.016530505167414212	0.010935995460803724	0.001410626617681713	0.018572533339161437
0.039431407871415414	0.05342141818553987	0.03166553965438542	0.04210441574421091	0.025204386449853643
0.04712881320793801	0.029019117439901217	0.03267087776622732	0.05236085717685777	0.015221970556102901
0.01729836747875335	0.03735556615640097	0.03811328789156442	0.012587325470952707	0.018667445992951226
0.053739886799616284	0.03225942221250394	0.03160279147569122	0.027363218303469255	0.00859083115762452
-0.004176977465498585	0.012015656336747076	-0.007575624857486735	0.03436635938456162	-0.0044171889028651705
0.01156440642156207	0.008423927931290102	0.0220545757260874	0.0023227066306835157	0.016358795249722374
-0.01778702948971197	0.031675726047506736	0.015648092932407202	0.016240496737068413	-0.007479809621589858
0.010326373786280561	-0.025886162756023724	0.07751829500601196	-0.004675073770920386	-0.0074725861473723025
0.023858637873632533	0.00761009516015713	0.002887714665546047	0.035081978375347746	0.020898182456742555
0.01503135489109628	-0.015688653128822356	0.0029791215363913254	0.032951085347804866	0.03026741304897673
0.003392330744435671	0.05416153291772387	0.008474683219701903	0.02719493233095202	-0.0038630508084278492
0.0054151959533075885	0.0007974839669293503	-0.005636303374922488	0.008597823734399823	0.04306779065354314
0.01937019940944524	0.034290185244337267	0.0398316565891874	0.024694588408283445	0.01144950560771652
0.024791423624199196	0.018395161223004657	0.03118373073831195	0.022779333124710366	-0.02030612317251423
-0.01354638688651442	-0.023603029641229265	0.018415243106404994	0.050582845148355246	0.0006548425207271906
0.022139155515098187	-0.014055016476571968	0.029043305296522656	0.0048787405537894695	0.027369499618871265
-0.03703123349260939	-0.0011821005041690348	0.040545081658243956	-0.009876087795623305	3.1560482269179374e-06
-0.005006424031561877	0.006541054305106442	0.013173458399310223	0.010385108771021577	0.033750761917496847
0.03364659071101449	0.027142979680322837	0.012342489026989327	-0.013056516702611522	-0.033578090636416244
0.02088427336721273	0.022341479100979257	-0.0006803332498533272	0.0337433305346814	0.06637747621096197
0.012451130508320815	0.0385069014635598	0.027555615949751637	0.002594707902106393	0.004950774803663526
0.028903312832970037	-0.011553410587122122	0.011168366181047995	0.00360803893847554	-0.020645861349244163
0.014137658832009029	0.009414442090200535	0.07974431771317957	-0.006808729506996231	0.020411473447945517
-0.015420320995545935	-0.008948400281874408	0.03050890688940089	-0.00634287967094097	0.0025847811371255015
0.02882857226799127	0.02313306743038675	-0.020767963819437418	0.023564123770652617	0.016146488794487622
0.057461191012587856	0.025916283229698814	0.005071117797128219	0.017758652792053475	0.005514894485139698
0.006440560578684188	0.033789205498283056	-0.006982653412229696	0.013479071796683392	-0.004084412320021853
0.022514868933959657	0.03729943026092405	-0.009323701428313952	0.04329028679319579	0.0484575410794974
0.015561871299286014	0.036312954123994094	0.027388266606325817	0.02744809589163117	-0.01135911665888227
-0.005608179090033926	0.020615522138340864	0.0037964770830386987	-0.002644615488465651	0.06215514016927842
0.030172597132329483	-0.01618072593929682	0.039215756156085205	-0.0039997364018721044	0.018608402796333162
-0.016483018117488903	0.034652072661662946	0.014798575259710308	0.03946953339508865	0.019635952461291985
0.02724621724272069	-0.00530668497673153	0.005706720521807033	0.025302412328069276	0.011979957259417102
-0.022011887185674112	0.031100063531604452	0.03712116556273475	0.00970118997929113	0.04619587282036882
0.03313555420878678	0.03455761072654221	0.02759302739368558	0.03734516005251922	-0.037381395775166616
-0.02736177865508995	-0.042848940295896774	0.03239098777549181	0.015434360850348489	0.004641231529470052
0.024631867619659024	-0.011988597186192588	0.0235471704239456	0.009312440891572071	0.007222820290016913
0.008401842119006405	0.029452774041495752	-0.009935976377634763	-0.006978211266566148	-0.018313741117023604
0.036593501065236116	0.015124961495615501	-0.0253472432403001	0.012736327315234613	-0.030797546078167874
-0.015497482427158909	0.05853142108048471	0.01708433517342596	0.025047594910361088	0.00883717951189699
-0.003387403225162988	-0.011753100621833873	0.004068381723631239	-0.008497314529073034	0.029119314071506162
0.002635069933610427	0.018534227944679585	-0.05126476931259659	0.02673300396501445	0.01350906353863342
0.014372772742890918	0.028931794709152706	-0.003427540844857019	0.011170477765246904	0.01906048201554769
0.030183079283780043	-0.02226887942726834	0.010101540880792641	0.010527432536603354	-0.00494622047823214
0.04122905700829923	0.034094171528848326	-0.02402691858049083	0.024135005231493242	0.041382932244158274
0.0077435035363164	-0.005633694342253569	0.012695477980063197	0.049458370329635945	-0.04334064666048095
0.0605868505405944	0.00981262070197781	-0.02649993554033745	-0.013295723910230414	0.018729975829853984
0.022662426707461953	-0.019958941551360215	-0.00601981267449055	0.020198465187909118	-0.003160518692153242
0.013277601849002254	-0.0016518226911923749	0.020341887227008013	-0.055014470194244276	-0.013943017907048182
0.030483258148883606	0.02092912230515289	0.020965961552799464	0.029597575043076002	0.01060615020705356
0.02107025211296767	-0.02432857926603152	0.03254871563882712	0.012261624068720306	0.027572010414601583
-0.01830654461542171	0.05088435774659883	-0.020092308787888088	0.004030595555779294	0.04391450502235285
0.004430737766713299	0.03978534960459142	0.03628097682558497	-0.056981058351294286	-0.03197463493404703
0.020040915304193337	-0.013043693122944103	0.019432085004428758	0.016758185097145353	0.011442048114463334
0.005622571988204551	-0.005050404389258515	0.033430711934015526	0.019885259562223707	0.02544716099404224
-0.02068166974354063	0.002411965446739615	0.01927525943343273	0.039314923904893107	0.03532419878660432
-0.01663876441935795	0.009517158997700996	0.05143159149679166	0.054958813199541094	0.013165088127619882
0.022683259119177474	0.028128930297291566	0.02232349732813759	0.04759058864393547	0.043197530724974335
0.015605818728813248	0.020653543295825624	0.027310573754464017	0.045401418134474326	-0.003422253399457896
0.03944833832716939	0.007971472293488362	0.036599566284739496	-0.014704864852084578	0.04558092197281033
0.004449703429755458	0.013745076914642307	0.02603892616831583	0.006909750238418369	0.0431883329516396
0.035675191619534655	0.005213369891711479	0.023654585379038973	0.012915832887553769	0.019874089244871676
0.018068774493679336	0.011090744961597388	0.05165025200148717	0.0024342626769057636	0.010767348487464017
0.00907117353913494	0.005034874241770685	0.014889686028268583	-0.0002405721911292384	0.017965684141070425
0.04293210952301535	0.025811641763062686	0.0047122575411884535	0.029760866265300286	-0.002590809346583303
-0.0008596653874753182	0.06193787357847735	-0.023982068492069852	0.04622975061775096	-0.005051736837098024
0.06937959283052861	0.016279970287358003	0.004491923567159717	0.009079275519480037	0.047236337128820305
-0.009926231951188746	-0.013298271727609699	0.013190382351910508	0.038197525852525956	0.07228180554205808
-0.0011549976806103064	0.0016733689323993883	-0.007887428192860368	0.005945260155270339	0.038811208014868384
0.004455223561110958	0.07041369998578506	-0.011983056062879017	0.030675062138559132	0.035611427722691616
0.024365346628138596	0.043585639885471546	0.023222236004797073	0.021044257716843096	-0.024037304056799567
0.012502266857981803	-0.014879890732218279	0.0005410079331266276	-0.0015907646088029487	0.03453493168404125
0.008111825768897355	0.043747514174783196	0.025194893625980194	-0.01679994086712855	0.006899470191331485
0.015529966894701243	0.005712847573626756	0.008503443904394302	-0.03189762163192683	0.004452743888228625
-0.008838180479480668	-0.009267084226838475	0.03508052207278535	0.00350168483941364	0.015353519796749319
0.04087629804336247	0.028676496049936048	-0.005724447962627237	0.029487905928797752	0.03707468016127392
0.0453138575735042	0.02176757715070441	-0.022883214937723974	0.013895420226671593	0.032150976157919675
0.011650019874042761	0.018940995744199975	-0.022491829702387563	-0.0046340524674612195	0.019902817232161685
-0.006962757009768547	0.027948009891866302	0.032158630479175034	0.025151808038709485	-0.009196374588202423
0.011467552094212243	0.014372118499828283	-0.004356674268324544	0.06735993317265815	0.013265327395986699
-0.020249766480704732	0.025076216390315608	-0.004868838720139278	0.009644331935689756	0.00785117638242354
0.031747313600716594	0.020586096990602813	0.008902900935746937	0.04198177657584308	-0.003936861267554037
0.024692010089299568	-0.003041281629250393	0.0300027177631258	0.016577986076822246	0.02862728884135277
-0.01365329704804572	0.029912549573417255	0.041651943528407634	-0.005954145155961373	0.0200486869226426
0.029842578254512253	0.047946872339129996	-0.031165592184464373	0.02125245996208101	-0.013090227142862792
0.011505157721571051	-0.03028662905643703	0.01929662000544511	0.043403241122638124	0.02900195111891047
0.04477228028596755	0.0087442842273	0.005421123422127851	0.007401436105766809	0.004963596933895378
-0.00520536691611308	-0.01918152242008832	-0.006156674310387646	0.012611256522536307	-0.013596551019394889
0.0034437339404274287	-0.033155693580351774	0.008608090456927724	0.01689663860852778	0.03108587918918691
0.005079087953621875	0.020867081058179276	-0.009261958119082883	0.02095732212316852	0.00028031103988745455
0.02208035290981747	-0.007769325207906973	-0.007391254100923488	0.006044330182418644	-0.014240145456461987
0.057842034798245866	0.022259765281837283	-0.0006490239653250719	-0.010634734066940722	0.020405925818649355
0.014747021689689645	0.0029663976839363814	0.036262003948939595	0.033265607319092595	0.005699930152205575
0.0012731990027050957	0.017353466501984553	0.04948773297476602	-0.001447858551986702	0.022623701764799387
0.0012796053898376846	0.01293584797993074	-0.05202757101419957	-0.008548743021653139	0.03586423929931713
0.03900992616660508	0.005512375126831124	0.026143858350755188	0.02189057964865886	0.02143624302981289
-0.008903086690393972	-0.019555212693330846	-0.009204518528743814	0.035580025688470886	0.016593460084025624
-0.026645958384081136	0.024041896657125528	0.03849616790105599	0.011615969287564622	1.031831995125976e-06
0.029382800975287896	0.023475809895448875	-0.013879734495798091	0.017722444173694646	-0.001968618512096407
0.011489398323506098	0.024295387939165598	0.04942770298313441	0.019869212631404475	-0.006407612095881611
0.01291207232892331	-0.0067491519629272485	0.02015133715864406	0.0014004150711347	-0.030485289494002955
0.06759671439607422	-0.015174168680516083	0.02432753792915986	0.04391364291515628	0.018285475279280105
0.0073055181657460085	0.009416387579600288	0.003445840876540967	0.04112713467877508	-0.04148825042275682
-0.009888879952535519	0.023682099793189	-0.0250143118930935	0.007142002613291804	0.04099157546326425
-0.01952428757109602	-0.00044633244585454666	0.012416085417991907	0.027109120585450078	0.0032890751967235136
0.025863188190365625	0.008115997867843576	-0.03157647079010209	-0.00844931776091172	-0.0046879067542870915
0.02596935860379072	0.05346479726258067	0.019158186746152203	0.012803773722713796	0.008875479526523039
-0.011971683787935734	0.01742004892331757	0.027942850825551296	0.034413053177923314	-0.00023402659619008257
0.010303365859944895	0.032513728484108204	0.033475360645251404	0.010429276746412681	-0.006792137441395963
-0.013694724198701222	0.02957529614095223	0.061704006693407566	0.0343234832819794	-0.014020578058729312
0.028466966010289474	-0.0135769404249054	0.01986306113225124	0.002623501100231086	-0.0019923878958691
-0.0032631144437050346	0.01833060189119851	0.024040798957508044	0.01796055406205387	0.015468741810204146
0.007257435319712967	0.018791512416213067	6.180327791348132e-05	-0.011214990787046185	-0.00672413090552495
-0.003139041952549112	0.026162052442727114	0.0017832688683707444	-0.032222389802883965	0.04310123095420158
0.016160781993006954	0.012990199529584107	0.008696980653967694	0.011112404714339259	0.022810654706462034
0.04593344747630087	0.033018800158211715	0.008122199909161285	-0.022674092604557015	0.025518727710979343
-0.0017404417381681634	0.05420859490226477	0.002393903354700467	0.010856515780572276	-0.005596255379024215
0.0098344014617915	-0.0047583772209017355	0.021071806500962964	0.010250282337432377	0.01222390646526512
0.025606098440390006	0.009555693186306675	0.027659994434568937	0.014320067179364545	0.005051878849489488
-0.0039575889058915785	-0.014411328418976	0.047086560273369625	-0.018368341646398743	0.02604384172980176
-0.0005342859776353494	-0.0004226033911702583	-0.022930991829677026	0.017916140535397838	0.010565055247470374
0.044485718323950506	-0.020016248196021606	-0.010526626629239899	0.010853960236271196	0.0031899413396819284
-0.017748248742100424	0.003104605674029067	0.006251064306110129	0.0435292784662656	0.06079866037605465
0.08107735357522639	-0.002991589267436625	0.019716762782482272	0.034400981864354904	0.020785486033420536
0.027267458367242328	0.0060219426949193	-0.02343671118961125	-0.050728039515077115	0.02729045290402897
-0.0056363539767696706	0.027021208197130282	0.027849707200827162	0.053349932602554856	0.0283803760365083
0.06400577250983702	-0.008150441858731237	0.03458940538473214	0.01377193976134939	0.023636163558405907
0.009942815653090792	0.033092930092143015	0.02308506437473123	-0.0018640037723375617	0.0165614518051309
0.014061020284152265	-0.020899660467874476	0.0187465113474682	0.02011316605202084	0.021238982766139884
-0.009614425163743175	0.029869711932652365	0.010487917539550695	0.007693167660977261	-0.024406661641470505
-0.023167764237565235	-0.004043696613647745	0.0011323604927138096	-0.00852063761420708	0.047496334805639195
0.0050122220258593	0.008302140458381443	0.0017971379089831896	0.0456019244848222	0.03297656609130145
0.0011275884345568685	-0.0031611253774744986	0.020432991977251038	0.027634410310183773	-0.02383257094873229
0.012127153235881236	0.061116756840050974	0.022699620262079633	4.642669661415744e-05	0.020305439465508696
-0.030669999298635172	0.01932301264350079	-0.002445536189817703	0.0007704537895060889	0.016568461315032944
0.06183919359149655	-0.011441214661145052	0.004639187039117543	0.011102277905062678	-0.0023237006387074
-0.013383342621861073	-0.017045482204251318	0.024929392015926845	-0.0017284018333637516	0.02388148693226027
0.013574231898571732	0.011325566400516572	0.0033613415743530915	0.03719101215842727	0.0018828649882958685
0.00019129428800983977	-0.008594960669947744	-0.0037210480951451875	0.020973318080991003	0.001139195970163286
-0.014319453540188699	0.006524092698270605	-0.012430798742910136	-0.013126315292425184	0.03611838888003102
-0.002156161541178946	0.025770706384388112	0.01462122014613243	0.008969039794464954	-0.013383198569676687
-0.00028612583731132436	-0.010229704354825692	-0.003483428173166151	0.018403104823520103	-0.0038230784541296342
0.008948834320027636	-0.006148721610628707	-0.01284338982699184	-0.01063698335637611	-0.018106135738342584
0.01927728590253807	-0.0024854599280185238	0.02631313731093791	0.01225435437507041	0.014160465038952503
-0.03243731546296405	0.04795407037833356	-0.024440731153058465	0.029726915112348463	-0.012314073738703923
0.02219023360605051	-0.007859232765632551	0.02259050655434979	0.0049851273835808535	-0.02204623144698396
0.018801623543523785	-0.007447037105480248	0.002381929658297593	0.02044905885497765	-0.0006264328606623926
0.007706294077557862	0.04362153846741962	-0.01655843119267607	-0.0215310377775391	0.039409205245079126
-0.008229672795249257	-0.009085999446941705	0.006252279106074366	0.04417935493629315	0.003437323601408665
0.008723522752516425	0.020525531817247943	0.010584016069939051	0.030082110308055958	-0.014508988533373091
0.006943538693181664	0.008922412668578827	0.021108825839000093	0.01726157851963527	0.014385391094920416
0.019392057964687296	0.027704652007336565	0.0249334860329659	-0.036965940509064064	0.021773137785595437
-0.024433211317519694	-0.020207448427479242	0.01599505641235512	0.019085723059810825	0.03058189411401337
-0.05045316981151028	-0.003187813554196276	0.01770427326812868	-0.04100310114443302	-0.015959366228729014
0.041649027670909264	0.010807896696314436	-0.016615917615373968	0.0038119106306415207	-0.0010097158887764583
0.03590582177736797	0.049274684464827696	0.038050043414178426	0.03831388654618051	-0.03141165689750741
0.03538087995193422	0.019835924800615017	0.009341890603646937	-0.012342592686633682	-0.009379984619396943
0.014236248583706241	-0.013273538326086227	-0.0005231666089657253	0.01651860405292708	-0.0023185879282091987
-0.026531102024787152	0.011038673368159252	-0.0009555798413955372	0.01597719273641752	0.05745869514757991
-0.024836852538613643	-0.0016139866586339108	0.030744862686040812	-0.022526667194524976	0.03164305252981709
-0.013613463950978849	-0.016570254167233872	0.03163506828719459	-0.015213605160980744	-0.026390619331922105
-0.007934065791888179	-0.034363618750146076	0.003267310537046297	-0.012641280279048725	0.02633559174706872
0.02278424980166331	0.005734685817120194	0.025830429269891507	-0.015600600168408798	-0.0003361993020664525
0.012654849723208505	0.027951521130048146	0.010723210100859248	0.03841559713211547	0.028707821872126026
0.014742385783595484	0.0117813148684246	0.030782791190388833	0.01339240267128261	-0.025285465024943762
0.011001253563516795	-0.005106332726760268	0.043629789604671836	0.02805314914951094	0.014522056926328707
0.053980824592536204	-0.03022752189765175	0.032940975533860654	-0.036053822336726216	-0.01458350556871502
0.027067032271543986	0.026159867753536105	-0.0005038851178121536	0.005348903773572494	0.02224764942052624
-0.012440737528379963	-0.017222240090699278	0.01791043715957231	0.0316213019205292	0.01009800756056267
0.017469575905855215	-0.004251359432812082	-0.02056142062461464	0.005508803205926366	-0.01963470905779962
-0.0013575133474343197	0.04979356135502515	0.02635845609505383	0.005909310857412722	0.03738851117196885
0.0026062571343189655	0.04782279491773194	0.014849805844114782	0.012797372890427632	-0.0015455471140412786
-0.006293952055755973	0.02153228732611466	-0.007863349380643338	-0.0150461072735483	-0.009138280798380428
-0.05033145880705073	0.014695731590296449	-0.0034566202079853343	0.0013367070315430307	0.0028754077291624353
0.0178195485002825	-0.0023098100737923817	0.013647748651498927	0.012871951586697834	-0.00412511786611753
0.004614450272563873	0.019929705967092145	-0.0007705409851582021	-0.0013976828262523902	0.006984525847193996
-0.0007872678579863603	0.024306798831887248	0.020205401535435256	0.05273036410124167	-0.021887473672690817
-0.005101423575487492	-0.0014488170115965508	0.01592661270099358	-0.004215504444997517	-0.009163898774364613
-0.01374040341707804	-0.031345537090116685	-0.03169079277258045	-0.008110313137613992	0.046804565416096844
-0.007808291364942044	-0.004889166886082161	-0.01608292438400287	0.02335814567210073	0.011344963479855825
0.024949658120924683	-0.018587059100951715	-0.02706955748399054	0.02657567524548677	0.02654796385756458
0.02406448935383763	0.008042809076985066	-0.03965129736553953	0.017021371692330894	-0.011445374028253848
0.033493660062668906	-0.0006357192957258586	0.014996213094973829	-0.014864712371329195	0.0480412436769839
0.018614014784716935	-0.004977686527543423	0.019114820800656233	0.05562678042932148	0.02627706400366274
0.01996452661365357	0.013845663322580238	0.008269971183298181	0.04788019829968622	0.009437484973386978
0.01632534486958978	-0.02200183031207864	0.04451313898726381	-0.0019671594167013137	-0.03598977292284598
0.013067185922400144	-0.01889757324262594	0.03514635720013579	0.0004945459965753447	-0.021774458125924084
0.01439322364184827	-0.004251858883894026	0.006765995309461338	-0.03313859763580014	0.004520741042542701
-0.0027459555788334773	0.0012689734333066844	0.013876315578075142	0.06510491269164106	0.008505861522891345
0.029463312412640975	0.05762252595943776	-0.00727741901008473	-0.011257344326957188	0.00205274033643225
-0.010988712532571294	-0.03468019384116129	0.04060370833454296	0.02642422785743582	-0.010394413075878704
0.01647873746136972	0.023502321177984946	-0.0314582572406354	-0.007395321236508088	0.04148574921659056
0.03736583839495019	-0.019514564200284943	-0.014978879087046898	-0.005774301213242895	-0.009914812134335456
0.0010011303416310512	0.01540635520851539	-0.01702052879650615	-0.01017055322999038	0.003491821012485786
0.00293707758092892	0.035611098831172514	-0.0027520354506641023	-0.03325037996462299	0.014994613938743871
0.001248461469229991	0.025532369830824693	0.029805224919444498	0.005010348372392293	0.0007494069890620326
0.02029421890497765	0.0278990237050903	-0.0038897020212404114	0.012559412263887343	0.01039429781731818
0.017819351464172798	0.010725197837658039	0.010293645784679107	-0.002687756241432318	0.019093154373121382
0.008474156263815511	-0.040373328671899425	0.036137133071343086	0.0009985728020603518	0.008435300530414675
0.004731363950476643	0.036482470041189735	-0.002237723217573634	-0.01272760052503357	0.0266714794409108
-0.010378056802462874	0.01442773523241421	-0.024052059553520404	-0.0025816206762964418	0.04269845372476085
0.008750916781562312	-0.019121626446086237	-0.00926927672927657	0.01837560525090652	-0.0017038377003079034
0.016681762215016965	-0.011781565099369354	-0.002979950999032424	0.02051858893611101	0.019722325627502285
0.007681666322906724	0.017167351337025998	0.0416361025941043	-0.0023146492426589886	-0.0011215951487581186
-0.02048396313771409	0.05726568279333669	0.016517601259920606	0.0016677639605474134	0.015129246064827406
0.009618458447401688	-0.015271704883065633	0.02937545382955951	0.020266538020732486	-0.03953064127926006
0.026561254476998364	0.022390650122731042	-0.011946643058825066	0.005191298246577905	0.03588180105946589
0.04166166088936431	-0.014336360626397074	0.0005123218406213599	-0.03781145170806625	-0.02705503085826745
0.0025856061748586534	-0.002634816663336031	-0.0020739677648328987	0.0217870551408102	0.030279824519364062
0.0283928314395364	0.022773633626435932	0.022776863489577234	-0.00926316952261818	0.033901796313742544
0.002450685417703909	-0.010525884095384276	-0.0044095459997657415	-0.012113225829652153	0.033000938252493346
0.028529209335917335	0.009603272799539715	0.026844333722334683	-0.019191883830326613	-0.006902826147984676
-0.024613877000145088	0.008624541643796365	-0.005240095424790956	0.020946833742552948	0.06127930097405534
0.025261113504270266	0.03293152415092013	0.025354825953218786	0.012401194731951004	0.004692067501001525
0.008878250793216167	0.003995557955671515	0.023727181073175382	0.03027597975643679	-0.0020564570593528397
-0.023391264878166833	0.028200633619301037	-0.00824879846671835	-0.027523252789825578	-0.02276796035005723
0.0025230837034585034	0.021651815810600404	0.029844270143107754	-0.00520830979752109	0.028832987170489904
-0.015560286477900163	-0.012404062027739925	-0.01175727570587191	-0.007354549464359917	-0.02655225148399159
0.03062851390968835	-0.006229404682053321	0.03188741540195719	-0.04767193818846231	-0.010431840430876816
0.01958068898859852	0.0069978469524376264	0.02279292347888779	0.03198434466480209	-0.029161278869200113
0.04736219581387802	0.015817153655683668	0.02746862334127887	0.010971348106725065	0.03454858540589728
-0.0031553196718774185	-0.009361325993535797	0.0354245896629044	0.0015551812263046227	-0.016004572817645422
0.005132120509883064	0.0014394830747552177	-0.01916724499586634	0.01429596764339781	-0.006760295237504424
0.010344703175408625	0.004687619375850377	0.038461557181676126	0.0066778433722011225	0.015566704314268355
0.03412753538995219	-0.020842770112490017	-0.02049247657925455	0.006777963931376715	0.03656640315905534
0.011379544883014708	0.003851325094288147	0.02499322589786286	0.005913339927637975	0.05085371824222349
0.029343230431369667	0.019244300415258587	-0.004713732850353825	-0.0448751626789989	-0.0015009875760995457
0.01895570121578842	0.049196603596699945	0.020548850765112103	0.04279802967428034	0.0015312701921087403
0.008900792659700597	0.00607990956870543	-0.024699034096226327	0.026441151671161976	0.017801194138944345
-0.0017233619262013262	-0.01319310648742606	-0.0010687221649176926	-0.022673596414588104	0.007350499078667766
0.01100196603641487	0.05969348625057751	0.01329752321320476	0.02807561810565561	0.024672126156217812
-0.0015137888403848193	0.024800185468328562	0.004753293665581512	-0.022986109117508105	0.0036198832404241935
0.029857565584236294	-0.011441964724994548	0.021846123139999684	0.027902037990187346	0.031051896341685405
0.042963018044689424	0.020629177760752345	0.03135483752717332	-0.03883866863483563	0.008911629715896848
-0.009205446699084534	0.004736640104456079	-0.04564930338485372	0.014046033046161178	-0.0262329383192706
0.009076691622197628	0.01055609158197011	0.028937353701496422	-0.01001779911692104	0.03617904928624354
0.018402671917888316	0.008056814732691491	0.028750170513508987	0.004372505115110433	0.001314197327535965
0.03436004634621431	0.006578627829427121	-0.004575289983391968	-0.006815338482939175	0.008869814598205331
-0.03360539957748016	0.0210015138507325	-0.0050648824253397215	0.0013628106276296088	0.008158986554674261
-0.009217939265865548	0.026637231343209295	0.0003472215230435282	0.03679417635904598	-0.007675365178586518
0.018610575193676718	-0.02672784274596713	0.052269629443228376	0.0037807933543976234	0.03154631407494544
-0.011027916234810526	0.01671570142549058	0.032041395415067446	-0.020995892030987968	0.026981562515683795
0.0068245304980003325	0.003600795033401348	-0.01737982049926369	0.012273019385920785	-0.004399540754907288
-0.0013884219612108908	-0.04782722627435922	-0.008163204496827833	0.008406557800355898	-0.011316547436736718
-0.022729500715141394	0.0014484275857574228	0.013892776803553705	-0.0006802936175737458	-0.0015400323363594366
0.043672786840619614	-0.037083121053874554	0.021160246671139797	0.023563237288446757	0.01703778738254953
-0.008285702315795588	0.06936553926918523	0.00891432755881074	-0.03529803092305309	0.012174362892877356
-0.0012446721291199392	0.02560268714975984	-0.010393066411506812	-0.04930769165587054	-0.04469720620053797
-0.05152448812629662	-0.03020029731320441	-0.013162425117373004	0.02768129806988957	0.0034620632267182245
0.006437089115316121	0.01513892243411983	0.01425913315369964	-0.05128696044715939	0.024862731266387935
-0.017983505002135355	0.0406032744374302	-0.027900620838384606	-0.02540260518952952	-0.014930362224175507
0.02694692397777147	-0.0013305950596799957	0.013272169298958473	0.01919224874662008	-0.011614604024008475
0.004719646951157318	0.007467748621006911	0.021759404610180902	0.0007753784355989928	0.020599740243133578
0.0035557809616671068	0.032896428997232635	-0.047214567674670985	-0.0064388786496541025	-0.001121337370177284
0.025375955313889174	-0.021302007706118075	0.016284963082063737	0.027715980142996813	0.03124376249945567
0.023460933592635992	0.023328653768416807	0.0005069928239380302	-0.03799413253762297	-0.01190401729151005
-0.0016900040404882223	-0.02304028482845765	0.04835794557280258	0.023797201239932644	0.008932770326656483
-0.008389268414091757	0.03925094863377761	0.02109164889998063	-0.01084821025600362	-0.028334609132569313
0.014271555039197182	-0.03357156388177502	0.04751047243260447	0.07189814585272541	-0.01599099474065918
0.0065197593309724525	0.0005719185199349664	0.004547013338799791	0.003064628699139515	0.06268631982993032
0.02736425088529979	-0.01578406972213838	0.02372826971094008	0.026770390447201628	0.03927783753901913
0.01124519805776274	-0.0010417282734284262	0.0511012806596611	0.03136863366108022	0.005735335711170972
0.009519858279634655	0.015758009496279604	0.018495148142993453	0.0020594072992779415	0.0009320156315688975
-0.03101676934214132	0.017494101738896813	-0.036443503820686354	-0.013623074617494879	0.001739123438854494
0.03051692249065924	-0.022959644479752097	0.02055460900142395	0.020209986273678517	0.02547531149476944
0.025151992181040583	-0.04494224365695711	0.025598613670639148	0.019199390359956076	0.012715561754960622
-0.021430746536370133	-0.047249883600980154	0.0008640186469052952	0.052156933741905054	0.01308352637484054
-0.043987160994173824	-0.00291047052058991	-0.004301763755204845	0.014735221144919762	0.014054195852021861
-0.010851083601503893	0.013377046838380627	0.012263426381575883	-0.003539321168206388	0.026099950113493014
0.021033853042362858	-0.030550815267130695	-0.0061205500959580295	-0.01746463944393583	0.012084249426339684
-0.00967069021271553	0.0041657895622476985	-0.012522506123891837	-0.011889543963682666	-0.0001190917494221554
0.017481731666645905	-0.036309424515558415	-0.014356541534821604	-0.01994797352718618	-0.01612501270625908
0.01091460376372309	-0.022831955812083242	0.00708530568812661	0.024363466890764802	0.013891705087795594
0.002196843393113563	-0.008439744245340032	0.0057581340800624044	-0.03047765551790827	-0.016665798224167264
-0.0017748532730359227	-0.0001879374834890832	0.04716003648032224	0.009574733885479084	0.05340315109663681
0.009470744070358847	-0.007345720319311912	-0.02466532784528045	0.010357436624134672	-0.005049675999808137
-0.029114164823725003	-0.0025218361017215474	0.02778758399369471	0.025820554646152745	0.002845564451234965
-0.0025788541846902403	-0.0022710616705699425	0.009420278435388917	0.02022109021200171	0.008053969636062044
0.002849954878537937	0.018279272639424464	0.016299228905186352	-0.012402878656778391	0.011134119543964592
0.004172558397622125	0.008094200993478406	0.0026856369629751266	-0.02155511945217313	-0.02543591541752683
-0.0020088961311540473	0.03885435999954189	0.04132777921335603	-0.004187583381151265	-0.006319137887577786
0.0030703901959869464	-0.016954518458979294	-0.014525614746198543	-0.028175599124644422	0.007893461995862735
-0.02000891671943264	-0.0005131497037295409	0.008924700016531232	-0.020099442574813303	0.014249457042062175
0.01805101669867514	0.014156855476581779	-0.03619615196719661	0.02913391692241966	0.027152342882371464
0.0046641988945383475	-0.011365481446678066	0.02208830835150334	0.03029003314038333	-0.01784476268887538
0.023877754979414346	0.025646010957575984	0.01181961310427595	0.032712433023174996	-0.05627765395186723
-0.033624592793470756	0.0008632856090049238	0.008950266348101633	0.0038153785917121145	-0.00583764071705629
-0.0039996848226179675	0.014676182325389397	-0.006116626856347575	-0.03358669600987423	0.02916396839725012
0.0033786628312390877	0.015198164606038818	0.00540940724864782	-0.0016874551846910602	0.018485177953964017
0.024922032766106775	-0.006978986236669439	-0.009511693618911304	0.021927824042513214	0.01088995817817511
0.052799497988375174	-0.029809558279868663	0.0183551427404932	-0.008437606279746566	-0.017313585517966933
-0.001572444728928534	-0.009842098217378442	0.03905327680554613	-0.03340619866301122	0.021809533373149524
0.02550965787572865	0.021658098740994326	-0.01620902607536815	0.01051878226215836	-0.021632498114922443
0.002253071790890135	0.01563951841354826	0.013552558250643753	-0.02433861593164334	-0.022511986626430208
-0.005847527559312497	0.012427603440701766	-0.022961894839836263	-0.024437423085393085	-0.04296859055791433
0.0054389166791199775	0.009100771687614159	-0.0011070719133078142	0.0038676496403599677	-0.014641085094187286
-0.02498906958711354	-0.022474157127245802	0.02175096067287831	0.041778547651103955	-0.022639407876464235
0.007567604042495433	0.02991905415795744	0.03803760845622629	-0.01806911017705786	0.008696511783795989
0.01820769246420468	-0.008000082615858405	-0.01767391492913407	-0.009932027892417126	0.011002927037075774
0.006861005838723282	0.034153441742263736	0.0005555944992043111	0.05592187416734081	-0.008260743203562244
0.018919108213681344	-0.02414259193755146	0.037271190841139994	0.023075093384082968	0.023697212006179615
0.037413951706861515	-0.005810017792173602	0.001837062436101029	-0.0017439298362119018	0.009008266898615044
-0.008582480535022056	-0.006671661473676236	0.032473996384084505	-0.0643065680533744	0.011553496915008033
0.024085549110884747	0.032413760799980304	-0.013431487863125173	0.029982451082648985	-0.005143909550970504
0.016008686354476255	-0.012142556028147667	0.023139229532739516	-0.006299191017744997	0.027620853766893202
-0.007002852088983934	0.014645550479435714	-0.0064848899897886544	-0.019213720771110214	-0.0005948069800634781
-0.001812008871392148	0.0017853916786569968	-0.02260682786466487	-0.02577642921986931	-0.004212883493133182
0.025711880363417886	-0.018245461157023083	-0.0019014746580154505	0.008485165687137336	0.0011547382046064618
-0.01997708282753997	0.030400095325279725	-0.006369653265386244	-0.04235910432874332	-0.03080794854105946
-0.0036421733982584946	-0.03006562838937154	0.00716297605218426	-0.004301179408543842	0.0020382947503773115
-0.03149814738134261	-0.01752468953249362	-0.06976748800402263	0.020651069590932963	-0.004443675981512932
-0.010781566686677981	0.05146753328142494	0.006379500285638794	0.043669985030304385	0.0005567042998450523
-0.034315936730417315	0.021111365416498093	0.03972655002638803	0.010072073090651418	-0.017944422498803028
0.008661298864130303	0.00052701867773271	-0.01919598829766697	-0.03601750158114997	0.001978040705817386
-0.005657995519122473	0.014465344640179142	-0.016823446953471537	-0.026158035800422093	-0.024129876311762173
0.00022296742644675304	0.0693242230633582	0.02061806281702372	0.005851836920693278	0.011438017445260129
0.032742905008185	-0.013620512684751637	0.008583066732842475	0.01352236809673656	0.038164300108556946
-0.02384371470666177	0.0031231322284063206	-0.003742719703088649	0.039927728035302146	0.010270064343470232
0.012439477719414295	-0.029587962140097138	0.05631174158085255	0.0031755656837786084	-0.008021576175156269
-0.034347804504305024	0.01738731965443181	0.01738790536528781	-0.012877070569652458	0.017951843853548498
-0.03230878141792766	-0.0049396739515338685	0.021601296098942985	0.046812766785179045	0.03034105753487258
0.005435406902825259	-0.008412975865065734	0.03786519821767011	0.054180371892284265	0.014963975478840236
-0.002802896859856887	0.0112184226099932	-0.01780743010718931	0.00708730195970507	0.013967501460385709
-0.007571947011660846	-0.014410480023579126	0.054104182018369286	-0.012426949071851788	0.014556232924198026
0.021806379116524235	-0.02729791272509496	0.032670840656931995	0.004340291547586188	0.0215114965392781
-0.0025463523520357773	0.01782337739737455	0.02942698136847953	0.011748970315657775	-0.007420573110853132
-0.01456393989325323	0.006830601960845376	-0.02581581338712549	0.061500922532137826	-0.005122794099836335
-4.3595047535035375e-05	-0.004478031863507949	0.01102336660309437	-0.02745084424280568	0.020699228014671993
0.001121359792975946	-0.012712773597486071	0.016556579576933468	-0.020976103304345243	0.010615210589704176
-0.007528669116745877	0.009971722385221555	0.0037503348824619084	-0.011069675663448537	0.05578910346110448
0.008780907689521474	0.0010635028861461912	0.004001844156297356	-0.0023109123147401307	-0.02323131494451343
0.027768620987063133	0.014612170965589175	-0.011085682113614152	0.021058397358338112	0.005681088615821784
0.03170300092593406	0.019906977605105104	-0.002768649328045435	0.012023683897839744	0.017140556095197067
0.002195759900935502	-0.014228809518046483	-0.007461923781557183	0.0019555382514585247	0.008772145842479203
0.00015265048417018555	0.03418671279221144	0.02824845011072225	0.00438533820749782	0.03730708082292371
-0.00944240662561056	-0.029236733853155387	0.00932189977277681	-0.01611826102479498	0.03013691827157549
-0.008753696364738012	0.011653935885397555	-0.0005400400000876921	0.011495988278879321	-0.04970213270582311
-0.004132633699745731	0.01146084120928626	0.008114849511923473	-0.011182386444888911	-0.037438468945078594
0.03481223757545437	0.01211415287783309	-0.010122162528662184	-0.011966803419504466	0.017352160405246796
0.030657120444134815	0.009272782283433926	0.013368639813054294	-0.00650043825814026	-0.015268388729180639
-0.0035797966242617106	0.010166189055255952	-0.01249672566693268	0.022329944297790297	-0.005032265585625302
0.03203797341331682	0.016977568821199586	0.012427966619980212	0.03408979282659319	-0.008406327602884503
-0.042592443735772485	-0.012158931848147356	0.05346054782218694	-0.04675720974467851	0.0028924952422286383
0.030124139691203887	-0.00035971510508183216	-0.020733584779682013	-0.0050319127901842405	-0.04153339922942807
-0.004338676369085092	-4.137315690889119e-05	0.006648308400980104	0.0026353903731096903	0.011204104054482078
0.03070278041968163	0.014785107552843176	0.006541406047644022	0.020751679079102074	-0.007913496262469656
0.02426844303949033	0.008056625794593137	-0.012732738418233476	-0.02500739658558239	-0.015027335494220338
0.00567171097153375	-0.0019202681984726829	-0.020608880489264604	-0.010689554590574971	0.0025692579793154336
0.01957368697529514	0.035791319553709816	0.04044246134086804	0.009182830387740098	-0.004103763246619859
0.006829517761692527	0.005382350429590009	0.015676124783813257	0.01358214605019035	-0.004134075003745094
-0.026047321726453784	-0.01937327855376268	-0.010211050001628062	0.021037811048110398	-0.0030804305944917634
-0.00682411060353064	0.022831790583915115	0.030363617682884543	0.0015316022332176674	-0.026596135526294952
0.0040307181646568775	0.00826292344698797	-0.0182962956584951	0.020747311174112174	-0.01965048799904664
-0.04553194011003631	0.0009339682325094378	0.0010128038557342348	-0.0025861421851558165	0.02841372477188763
0.0067675642800785	0.021947512562611585	-0.0002294277276056779	0.01686710117790166	-0.024115838559654094
-0.009031345527913471	0.007109481235297095	0.022065744590760696	0.018986395646624268	-0.008269125804371792
0.01888803683767968	0.006112008457396541	0.017635253987616163	0.027859841787248926	-0.006238990797562123
0.05152325058221542	-1.039938324862719e-05	-0.007058963603794317	-0.037020062430988855	0.013437246641544286
-0.005970797728187694	-0.01715336445280477	-0.008334293411282622	0.041330301033295325	-0.00633280717881096
0.018312021731281127	0.00238882753263702	0.02136585941853794	0.020792014661734477	-0.0367527728452457
0.03190046010191451	0.015093717892269553	0.026385211272876265	-0.010327306090170733	0.012106970483931868
0.025891438358728806	0.028088680633595847	-0.006500551418270961	0.0120994283574237	-0.009148863357953162
0.034686981264726816	0.07053178073535935	0.005342983779150152	-0.001643720690782622	0.011305000022535218
0.01218205674496342	0.012511558971092032	0.01024374062873852	-0.008060715889312096	0.006716497699457564
0.023855124934148143	-0.04968893276381201	0.004796826533163747	0.002494197615977997	-0.028084612955945134
0.05097816219448442	0.006359856386025668	0.028277430561401536	0.006739490402998374	-0.016062481473045523
0.027588432979103242	0.02748580979503611	-0.007520824218220702	0.012036603062850053	-0.002004401466752752
0.025816932423691534	-0.011847527879841918	-0.046983780674304886	0.0017416686626653159	-0.015143056116105585
-0.017964423123561286	0.026135141034839975	0.042530398870596	0.0011265045812414581	-0.006348035868579018
0.013583544280327667	-0.002087073406996794	0.011272955728852398	0.015691427316851136	0.021019535881403175
-0.01823678864198422	0.002263165105103942	-0.017945765258558198	-0.01629927752978376	-0.03035884119685356
0.02270500546857563	0.010634452742073652	-0.00638236241756439	0.03750423374545439	0.030827430345312
0.05702288490242146	0.010456151541939959	0.004566192981242588	0.0002307055146042791	0.027870119903898947
0.027619904478753645	0.004538686159332612	-0.04269257675139952	-0.03416158228159107	0.021834717502209867
0.00034641324721410385	0.006247949186127703	-0.04397238033460601	-0.0069465002595280505	0.0008134202577117205
-0.011098017339404574	0.01585915553732965	0.00010978385838449935	-0.015445366070498968	0.004017069946125792
-0.047065042664916686	-0.005267540291934511	-0.018369069634365805	0.052416037171096955	0.00449807654473496
0.03078214944491449	0.0023443008406412577	-0.013833239263375258	-0.007779077598521012	-0.030265321946711242
-0.019670243587525747	0.017711074815705406	-0.04545010538243037	-0.010426846724684673	0.03485604005464732
5.2170441673903e-06