UV/VIS SPECTRUM FOR UNLOGGED COMPOUND
INITIAL_VALUE = 350 (nm)
FINAL_VALUE = 800 (nm)
INCREMENT = 0.1 (nm)
0.25027660097451176	0.2644605374521196	0.26945884156801164	0.2890797545467233	0.27907123996593913
0.2835567099454796	0.28546608902025455	0.30254236402514395	0.2856462837983989	0.28136611969068764
0.3075701776519707	0.25518526503247296	0.26945734228134355	0.27100959329093904	0.32821828177571705
0.3336041538365029	0.2834431561745941	0.27956097398731566	0.3081399253654524	0.34143418269310044
0.31639047634797246	0.3362384047561573	0.35034042091198636	0.3140735529554058	0.34954630125351216
0.37772020769087716	0.3736887940394951	0.33695265729620405	0.31616280528924545	0.3383517149146515
0.35102591581723236	0.3562767977142543	0.38436808945923295	0.33458451203816464	0.3679205589465335
0.3378281526534782	0.40916293802772635	0.3956849536816011	0.41910235766361115	0.3968917127265146
0.39476287015776707	0.42373295512055076	0.38871125276497537	0.43340424276433986	0.41673810022651514
0.44414466540644154	0.42833560233670126	0.4533274417934648	0.41795042129140425	0.4316613919766444
0.44761544928974645	0.4230717405694515	0.4426301503781368	0.4463287171710574	0.4924762795657993
0.49402181609827506	0.470953082743147	0.45898641426773784	0.46039443679538605	0.4643658506635751
0.49600721148613314	0.5223652150429423	0.5029362361355337	0.5185892497741207	0.5006408476672579
0.46560570297336884	0.5447863386349873	0.47745251806789835	0.4684246640603778	0.5076974839886454
0.5177162751035772	0.511872731995834	0.48778825332160786	0.5321599904620213	0.5261701632792984
0.5134462924141657	0.579802845459757	0.5063507387006767	0.5711639577864478	0.5458789770483712
0.525558498890684	0.5526431249256358	0.537182387081364	0.5626455681324146	0.5137252394494358
0.583071004663078	0.5569612270969078	0.5611723380103738	0.6015310802862213	0.5568031459038029
0.5503782957560212	0.5682720893429459	0.5652790693330155	0.5252542404619375	0.5435766849168099
0.5634982167254645	0.5604164420484391	0.5639906419390931	0.5690892873506479	0.5219975321769431
0.5295500524290222	0.5075715451100493	0.5691830080102905	0.564661057840691	0.5520456832258517
0.530455737631284	0.505303115053997	0.5192755308863998	0.5616288768910329	0.5225725986364356
0.5082356266330917	0.5553832972360042	0.4852707091631505	0.5555311446658271	0.503623723498182
0.5336755095293596	0.46461863691564437	0.5032185191782681	0.49610235296817584	0.4760736518723758
0.4798029563069973	0.4847941096318762	0.5026753684543188	0.5018282169397914	0.4685453994910559
0.4387144461388916	0.4794538338430055	0.4810349255435257	0.48976903071446615	0.48047947349160847
0.42357025713498914	0.4892228638838617	0.4265335092679978	0.45069214818540676	0.44937743767757604
0.4183736430173388	0.40327674295142496	0.43451393160917173	0.4041661950869115	0.3750075665227714
0.4175079374248022	0.4400987606731294	0.4135783603049195	0.40719668949763593	0.4367479895311713
0.38498559066802684	0.3805489800783505	0.36914660309575087	0.4070332707012934	0.3698615869653589
0.38919160352116494	0.3719499200597221	0.3388423212424321	0.34346971298979323	0.3707644559391298
0.35578939140179433	0.3369002555817356	0.3659787293898642	0.3272572155836406	0.330172994827927
0.3192835108498887	0.2976422456665444	0.331430407819246	0.31417942894467427	0.32316547602819296
0.3243667751374926	0.3106969457944831	0.31097811275992876	0.2848440946573807	0.2593446450352906
0.29999517852656093	0.2910599347096752	0.29799825814269665	0.3256064492981251	0.2860806714281978
0.2764871081346287	0.26309772456378666	0.25448869074440306	0.2760458270606587	0.28151870985752364
0.24519163077753248	0.2892179224977825	0.22339545047495582	0.23186812931109757	0.2605194118123191
0.24238231137120236	0.23830177622204604	0.23668616569005088	0.28499258073233624	0.2721503442129732
0.24960410072682163	0.2857591621662791	0.23682526981780194	0.23826751687134676	0.23086079028778766
0.22598992120284203	0.21547974632004033	0.1937132788967169	0.24051628555601814	0.20823009640183862
0.20439843559887494	0.2233101683509028	0.20002872683541426	0.18405634910183505	0.2120188282129057
0.24352769613814693	0.19783263369391427	0.21408371978175034	0.20094775152930838	0.17457762216685055
0.23527105555814568	0.19714650059406522	0.22537533082779823	0.20887256028019843	0.19828634509309695
0.19426794639248174	0.19112129930789717	0.22019948544584622	0.202630017664825	0.241271199712042
0.2214078518757391	0.17593676343771733	0.17754736403887394	0.17240658476537393	0.18460079057685896
0.15291320519133833	0.17477180248360033	0.1740451589043568	0.19356518826689803	0.1901252264871486
0.16179079844422417	0.1918082862685866	0.16854349899985444	0.18264288432500883	0.12233534075061288
0.20688778094998544	0.16532627844744563	0.1564091160041996	0.18023439876805963	0.1490850849589145
0.1525641362592432	0.14686504587169805	0.19690960726485202	0.1692043653514025	0.182402567659713
0.13088097879846347	0.15485930078407384	0.1407531450337521	0.1485958421880233	0.1806353263604088
0.18447412498469826	0.15352373981876774	0.18994915687654343	0.1443942999003153	0.11932336339229623
0.11056468654367761	0.15404920039593226	0.16432663279946255	0.1477095966655796	0.13531893103006024
0.13730045235516045	0.12274670957932875	0.12884198524821028	0.14995742222643146	0.14121823509714967
0.14520244593276788	0.1765622602536269	0.11515034134155643	0.10692452730223373	0.09971016681111793
0.14955005547797143	0.14369257704495136	0.10352246485276545	0.13387961415704083	0.15655923625364038
0.11926532069559415	0.1141862866366737	0.11853982090901405	0.12151356111927869	0.10489084534180973
0.11630042366433607	0.14682647752874314	0.13708581315788848	0.16075738404535003	0.09891389379361597
0.13868652155252417	0.14347728541622218	0.13560349817743947	0.12689230877890362	0.14311809394520736
0.12026237754361244	0.09254660530986562	0.1140066787431806	0.15565030979244635	0.16967700411416864
0.09840350748957569	0.069695396484035	0.10917856501847616	0.13157860826556592	0.10227745354813199
0.13772669137698476	0.10171615289368999	0.13437793822680044	0.08691243142310665	0.12053477057873993
0.06585925938697713	0.10399225704923157	0.15138632962685883	0.11508535846346384	0.12346840774152774
0.09833242542876891	0.10489205265436315	0.10196545873819558	0.12008279926790943	0.11117233697258505
0.11911020319625447	0.11384354333204146	0.132329422908869	0.10285242915206026	0.11791249714941503
0.09730722390364548	0.11832877130343414	0.10601218326590274	0.10052345951996743	0.11058311561283418
0.0915322243149226	0.15428619806756425	0.07873620187602592	0.11012411889287005	0.0748485467426961
0.1529732135696119	0.1288933310537183	0.15007429549662654	0.09494376229771281	0.10121220252437006
0.13281183904447375	0.09559620223203012	0.12566437384543877	0.10149422679373299	0.09652537896896159
0.09179825986626268	0.07559427740962908	0.10181256537384593	0.08577705809060303	0.1359078899975436
0.08648273347205757	0.07754623323950587	0.1350339196361572	0.09138599854314257	0.13188624921308387
0.09002042143121763	0.0767672762864909	0.11257333103903944	0.0994250235903553	0.13159931525296947
0.09636706548975299	0.09058546677448544	0.10536583000161794	0.12179279354808126	0.10754882277889974
0.11395836103973739	0.12523817738705065	0.10999034925497721	0.08451529024082778	0.08720851765622098
0.11250624085291955	0.11990593984737866	0.09052916627877505	0.1058736864235156	0.12113249836209831
0.12227127131813846	0.11748006679785443	0.05690114080408769	0.08617089071836802	0.1107009024377014
0.13563507861940977	0.09791476063474626	0.1187263914752726	0.137313279103903	0.10193596883430373
0.13165227633971396	0.12602549651935027	0.13564539734405762	0.1025761269938588	0.11005217129540883
0.09018533616894547	0.11911608806575819	0.06646468439054597	0.11670647785619102	0.13412789396195557
0.09340723086855846	0.11118542018817874	0.07367660116738477	0.12872337053915486	0.1273612775332221
0.09638402456305409	0.07644859256366247	0.10440589407706635	0.10511087806192063	0.09323126724125343
0.09156635861504149	0.10223911026857875	0.12312676586827724	0.10778880995849832	0.11643961645974461
0.07316295939954005	0.13976339066581858	0.1117915034744333	0.14350347282706544	0.12970517543686752
0.0865273949546519	0.1576503082498924	0.12996790906827868	0.11491212420025236	0.06242408284162896
0.07441328196689578	0.07962793317710218	0.08790606565237402	0.10230457638894208	0.08433458418395566
0.11372501302646915	0.12313884071306637	0.08979549722208259	0.06323818980999066	0.08802546801428296
0.07544552872370999	0.08292293585334183	0.08688854709245643	0.11765713048103739	0.10212535042068757
0.07168852222025257	0.103716927948314	0.10718349419287375	0.10203181205993668	0.07953087974819847
0.13541622459684896	0.06954726502646737	0.08804984467590805	0.10940553566217803	0.1398643428253349
0.05958640947901117	0.09916106497033075	0.08861508637715636	0.11494204485715434	0.08200548332997068
0.1118828953755449	0.11090014216376791	0.13199824035696653	0.09664684340517268	0.12831963715064862
0.0721755628547334	0.07675215664295074	0.13430188834893683	0.1389080543096075	0.07703279150951454
0.08667067440749836	0.15291913750801625	0.08527866519306446	0.11085342737075315	0.114927281913366
0.0981615782339129	0.08987076823794857	0.06685225043527854	0.12984915877990247	0.09627617652577332
0.10802527318965192	0.08729311240958877	0.0705312572319503	0.13980154546085108	0.09502052670785202
0.12525769381712204	0.1215356396679195	0.1180557466524311	0.1352003891691112	0.11611611823369979
0.11648499368312422	0.06405303456810896	0.06783469945772655	0.09768536616941825	0.07420320807865219
0.09305120102155451	0.10908633671567579	0.08779276980942191	0.1106956905767756	0.12183615198436329
0.10944319098603385	0.12770430808047564	0.11447439334565274	0.09749133044991082	0.1271754703669856
0.09080050669382274	0.139226913098675	0.08158786604293432	0.09427898431083384	0.13561769861216233
0.17308830357009936	0.1074178222413187	0.1504553483598224	0.11629383036688945	0.10674190336425043
0.10463649859743027	0.081848054698865	0.13969084147390634	0.08571419675631732	0.07693683071430488
0.05325939278240028	0.10430047414972667	0.09629022841530606	0.11934565016005924	0.0956069510197111
0.11278025537302114	0.120039246188889	0.11475534396102843	0.09295483107003784	0.09541402743104486
0.10250281117179084	0.06661312445378326	0.08612380248851202	0.04849246458719995	0.10142277453950757
0.10207074725983806	0.11322786204930708	0.10812415978457103	0.11829671617081038	0.12521513055360164
0.11955304837933656	0.14537476956888473	0.08997247219274464	0.16267827672325516	0.1001591957837707
0.1583631429360251	0.127727631143154	0.1015235019390825	0.11269731449039005	0.10317619907913479
0.14167881328843848	0.09882891906563608	0.10653907447778661	0.14583931886626056	0.15668371005455295
0.10899782459245515	0.11950932002354576	0.14130227078867538	0.10958715752343454	0.14142458674549954
0.1450567532627238	0.11995199760991399	0.16752888172828237	0.13104521476633174	0.11092998080969901
0.1131362553985791	0.12629279126752718	0.09416887255523848	0.1652692968357576	0.13916441759485926
0.1522855710723867	0.12425262412564896	0.1421281340590265	0.12142361655872941	0.16461334510930964
0.12301792766399612	0.11251145455284516	0.15463109733327704	0.08137028634915863	0.11732244323231532
0.10202744124778786	0.1316513924129557	0.13546082073332444	0.12762915179656423	0.12137001022059889
0.16735826672357157	0.11663364790971427	0.13809692014466515	0.14178112984880806	0.12993278962633342
0.1227422115172762	0.16140352697632027	0.16773375253708717	0.12722790624745817	0.13521919878578897
0.1350867099887605	0.15842893765633925	0.16144434936641874	0.09942755742369695	0.15341268867787913
0.14567202828235293	0.1839896053769367	0.14952635128370328	0.10680426547531542	0.08780824952303468
0.1644161086436879	0.1388877285215186	0.15544631425730607	0.14101999610380297	0.14879733092070194
0.18775412157617527	0.1960599563087584	0.14114179076457745	0.16087314001098632	0.13668673591403868
0.1661126457265424	0.1297675300268024	0.14519523850307542	0.1449789893822222	0.1573011702844435
0.15746846637273698	0.1657324625582326	0.1512005611275828	0.15057161896698332	0.1290131164841737
0.12586374127043343	0.16029841638876863	0.19145048774001264	0.14971456873930217	0.19079535601589
0.15146971298400166	0.16345971025120756	0.11177870219645489	0.11831026534341693	0.17558152629660506
0.1768881430554273	0.1432771891565998	0.15367526944754945	0.1561413539362992	0.18718843833030638
0.181617820409277	0.12419702981829835	0.1774507620266093	0.19046224402999026	0.15602053291181772
0.1670811861684228	0.17582575329541256	0.18905834848074543	0.20897922791431578	0.14289762339429424
0.12609917138501267	0.1762411240692853	0.15585659028815438	0.15256218127515161	0.14187116594010746
0.17241287252477724	0.19186708060645186	0.2091784930927196	0.16377563179864982	0.19546697666178006
0.17570917289572782	0.16214552649585975	0.19526894571247888	0.20076523727205647	0.23563583035246694
0.15772121591891866	0.16853479425182483	0.1759566791924516	0.21310192456913346	0.154499777315204
0.16537929646795882	0.2374867163941416	0.1817539491712251	0.17052242897409353	0.20931339386892764
0.22175918104828235	0.1644225087994092	0.19706127178237684	0.20868871376731724	0.19668309116625537
0.22814552737037155	0.24979472153645557	0.22603649932905834	0.21568609817740403	0.19428656123458043
0.24750881492632004	0.19712850294451337	0.1725134760767575	0.18379135633966992	0.18447039128314496
0.16248621419262932	0.1774417184139523	0.1871059113946851	0.1496318818912793	0.20601437038351034
0.17737047283825763	0.1926245808298663	0.22220590549210312	0.2256759445235009	0.25626802900316525
0.24059316956407187	0.23805106503297427	0.21602432634366123	0.2149565459164106	0.20323668927942065
0.2161543444428038	0.2538422229747635	0.24227762961810484	0.2193742479551116	0.2303358052084934
0.19508812980704246	0.23632449067378988	0.19096133472004467	0.20244355673532483	0.21966510781902993
0.23849630644539613	0.2563119373606602	0.25259111430944464	0.2478351307276004	0.22207886506135646
0.26489279047280945	0.23363888138355718	0.2295134512271228	0.29730820505769956	0.24215325637438442
0.2773816056644065	0.19492236839679927	0.2318907661935089	0.25063895550043636	0.24255183816220316
0.26037559194499593	0.2731168917050741	0.25842496669984355	0.288698870501443	0.2921604501765
0.2651519329667163	0.27131759872223327	0.2641510774208635	0.24959861480454815	0.22059401991433514
0.28664801025981557	0.29822718004336807	0.27934773295256765	0.29602195972268297	0.2767004244604626
0.27628743143942475	0.21791685318126516	0.24237968341539376	0.28676799952065873	0.26034475410290336
0.2872648672623279	0.3000984970055334	0.26311002411805606	0.2829513460126025	0.2780050630237045
0.2984693599457461	0.31994345559575016	0.28170126176534943	0.2898751624828023	0.28252368602428773
0.31843919960571937	0.2778161032690212	0.2954050594229478	0.32382272668552053	0.3114552466091279
0.3574583080105365	0.31192176419054135	0.3283295013501521	0.30401290443905254	0.33717441198659703
0.33375929273998867	0.27835670499659115	0.32841078753795516	0.3152376650384812	0.334758039655651
0.32743994697358	0.36114465919335526	0.31657654999675083	0.3336895462101202	0.3346816451640121
0.3112839608140052	0.3512586004082054	0.3063330279422475	0.3481792519415713	0.32299955551827497
0.3517718646190406	0.36674880381411823	0.3490863372017135	0.37846273656596613	0.3645289236697382
0.36466747769339364	0.3579727785444836	0.4007399534899947	0.3429119931584305	0.355350905594592
0.3550167533829515	0.3347778709557241	0.391613079892134	0.3715951447222221	0.3901792759067248
0.4097028363505161	0.3795976656852994	0.3993330140747438	0.41203068082051614	0.3740269149274483
0.4443426041478636	0.4302467465062215	0.37147513835917423	0.38976135967179404	0.4373427547253851
0.44717749831865283	0.39465659464210123	0.3894159817063225	0.4590912398529581	0.44469111222127955
0.4259662307118998	0.4463559026230697	0.4376320460450932	0.45439881995004433	0.4592505418855159
0.4583583928863578	0.48030244626079804	0.45649268071392785	0.44234534477810133	0.4675554823418948
0.43138845520548624	0.4616050640757574	0.45457351935465673	0.4754523505653512	0.5156168133653081
0.4481602787854804	0.4683016117673057	0.48906539062163346	0.49703533835054664	0.4906312827950002
0.4898401308930389	0.4961508452856289	0.4992692732258932	0.5239382244581104	0.5580854132096247
0.47677233595412516	0.5555387483810099	0.5149381611716217	0.5151495630178644	0.5195165526044169
0.5257316768515811	0.556452681922165	0.5476963888925406	0.5691741167285472	0.5554223200064173
0.5743026094129479	0.5386225230621167	0.5923221682724488	0.5729447946968931	0.5568247487049249
0.576058698274437	0.5817861978492183	0.5884042282177316	0.5845649321264772	0.571204912335562
0.5928370998429243	0.6557427981629472	0.6165911164784804	0.5837911811735919	0.6407350466730232
0.6371731475787704	0.659950400858116	0.6515416073576348	0.682472215386797	0.6363658613059057
0.7289396681620856	0.6859023298700332	0.6994973315282986	0.7018966755153747	0.6850570861681369
0.6782942411479217	0.7096352476449899	0.7009182914792352	0.7522978352829773	0.6841379016021166
0.7421444647561266	0.7234474729514335	0.7937036579250101	0.7683121176604253	0.7205628687174381
0.7896780153718432	0.7698648863294711	0.7852937391308842	0.8110637047279029	0.7828402625095536
0.8280572746719436	0.8101805186822787	0.8488036712607518	0.8001600822386247	0.8245367259723828
0.8204918704032187	0.8397110871730588	0.8725513636846953	0.8286905303490228	0.8869043170080109
0.8929849345064682	0.8943274168765691	0.9378299262234507	0.9063043613322269	0.9270550944191411
0.8959015043312843	0.9108757023657984	0.9428365372031547	0.9779050605094908	0.9662749044090162
0.9717505827092716	0.9614593441536871	0.9975745154950815	1.0026301273535645	0.9970736427747343
1.011754228796502	1.0307561679071322	1.0232397532679482	1.036217523662727	1.0888841673736558
1.0774206295580464	1.115465686227549	1.106560090108056	1.1269549237782213	1.1410594437646757
1.1076476653314435	1.194580881804737	1.175514203167702	1.1705610072422359	1.1978102459273086
1.2124831941350411	1.2017493439417897	1.2193849526334273	1.2183003158133345	1.2306848248255602
1.2469308595319417	1.239916793903317	1.2748189914941421	1.3014215160439992	1.328701132500042
1.3469485929172655	1.3382473599807532	1.322319125999617	1.383893820252885	1.3753262253232021
1.3808801749581514	1.4054339475760227	1.4042754090102372	1.433233549367207	1.488108752071408
1.4725437747784227	1.51624167815453	1.5072938884951135	1.5116885393565835	1.5343591351441717
1.5913747434903625	1.5472141177827028	1.5561898251267263	1.6147999374462225	1.6547504082006614
1.6284315341394855	1.646433786919763	1.6834400732844872	1.6486137757651989	1.6953940158107956
1.7099726652071328	1.7632731547106166	1.7356169711286926	1.7549264113763596	1.8090231404988248
1.8482958104443177	1.8358687967127936	1.8087805077750863	1.8631137508510858	1.8918277571353916
1.9420001638592626	1.9629240842750104	1.9833483339030848	1.9369030159983274	1.9841937715471492
1.9879725645772164	2.038753642966615	2.033569637074472	2.046433441162594	2.1148968974441753
2.1034395227822924	2.1138882746888568	2.1557206467678154	2.17604790253846	2.1772517772060342
2.23734488813845	2.2201729636890764	2.238735463692696	2.2822669798111015	2.307314945595119
2.3212696493137996	2.3332263470620798	2.3767731235984875	2.372091678091294	2.3990473681197133
2.377965229563107	2.393431711284613	2.485828353707847	2.474394259698722	2.4841613380642262
2.503095707831658	2.5058584662092915	2.5244512831520782	2.602202607087189	2.589710321186828
2.5697305982387406	2.613621236346221	2.647000688340937	2.6679311184108108	2.664605490584563
2.676666067706448	2.7310510146217037	2.693823759864987	2.700734128998789	2.723861294672273
2.727492218978677	2.799208838458699	2.7380307103558708	2.787351994375257	2.807197955840561
2.811787279068852	2.819995382879417	2.8193378125058413	2.822732024815956	2.8505755549763023
2.8531960011179986	2.8903669614379752	2.9021547891993524	2.9059134465695085	2.880924018866686
2.880017908557287	2.879556941310438	2.8879158819581003	2.8841250223639316	2.91414586097558
2.9213476453712555	2.8989179389593347	2.8709390925197598	2.8786057879954967	2.966797250940713
2.914362844601364	2.9230010682084004	2.89108553917551	2.914635729831087	2.915338100521586
2.8854263180284963	2.8839904688150955	2.849747565908424	2.888982159494918	2.8373421654833026
2.8432267013922177	2.8447702290007646	2.847742674397844	2.833998863465208	2.824543888876136
2.798019557406288	2.7962868308910065	2.7892062852102955	2.7567391951016784	2.7530122273376576
2.7174026130139466	2.7071809507264937	2.7456368086475162	2.7433544155590237	2.7105898007256646
2.6847982998920497	2.6406557697243307	2.6276806658158987	2.617604483742767	2.6037433497367104
2.6185356996672255	2.5870544553996795	2.543870013694388	2.5449939967732735	2.5235572203688146
2.4902351518256314	2.475253588584279	2.484426717124497	2.4379294167443177	2.399006855370882
2.402030556324686	2.3975734567882316	2.363493159292464	2.3519792805098665	2.3360053757467445
2.32161951518464	2.342583036790457	2.2920731718907925	2.2492026284030966	2.2353555392508944
2.1971463651437917	2.1778837229149794	2.1880397564923584	2.1465870113871848	2.112040134031028
2.1174035273995604	2.0618200783003067	2.0777553057350056	2.0455709126981176	2.0025061890227516
2.013158732967787	2.00972900515088	1.977443694502386	1.931955969367744	1.9632634755646743
1.892358455496549	1.894067793624129	1.9255806980905354	1.8621007757098056	1.843641114991517
1.8459855681695798	1.7323399322995574	1.7852116873159585	1.7896206340571041	1.7162430459807068
1.6973394298572304	1.6886073061022886	1.7468961087435806	1.6539455646018502	1.6454214320135945
1.6458725899215803	1.623020110271439	1.5680911862892841	1.6168647772886835	1.6019615872126947
1.558130672111787	1.5083331450083597	1.5312574578086335	1.499718041185619	1.474916500805626
1.4588310829370528	1.4592280394073167	1.4373755210236971	1.4503518497261296	1.3941263466680773
1.357426404571565	1.356161228899195	1.423354880122869	1.3584629509452502	1.308042495604407
1.316044304936216	1.3188434842626415	1.2761650312009711	1.2455229958280871	1.2788312306901968
1.2351140523107638	1.229740958396043	1.270687140725939	1.2001384763653358	1.2502734648209062
1.2015751172541496	1.1908400149982532	1.1566541096771974	1.1707678112950384	1.1735047534771603
1.1369037494757457	1.1351818995592309	1.089342565625354	1.1147759552499261	1.069730459275236
1.0796250606328024	1.0509802276547755	1.0511628444163097	1.0060359422584804	1.020434557478344
1.0712912147746567	1.004753761944802	1.0255970219334702	0.9801473806813645	1.0257805333951677
0.9925421838946432	0.9780601885755285	0.9541878107671464	0.938254184424864	0.9617627944400943
0.9411847777457281	0.9108413817459089	0.9100006445550306	0.8731801969448074	0.8469063478019783
0.88620858618646	0.8635004767409307	0.8427516027753726	0.8530400432837226	0.8773998608125384
0.8125946252706348	0.8572578790649049	0.8107897497911716	0.8220322416824626	0.7866301326759025
0.8235519917437767	0.8032372186207706	0.8046077883821852	0.7825806477954843	0.7671053643183497
0.7608181396185736	0.7312913621852861	0.7709779462073986	0.7461933871120272	0.7475430512606744
0.6992986620141887	0.7395252634440926	0.7355750382419396	0.7306617808598723	0.688851733251933
0.7118263187864814	0.7138546513046421	0.70501235629837	0.6630629678117098	0.679870810533616
0.6293378242580168	0.6750715823375691	0.6501801721141512	0.6546689244188159	0.64872547255412
0.6405872432524927	0.6271493895640785	0.6338056802362182	0.6156876840781724	0.599469932862938
0.6501555596304239	0.6147894219699287	0.5656100340754129	0.6085103498988618	0.5750100657626165
0.6029890438090639	0.5717120176393216	0.5415631697558729	0.5750437869871559	0.5669879373791483
0.5588469950493855	0.5519961976315635	0.5416520991275391	0.5220763522735954	0.5225483034531884
0.5038117912871469	0.5095396778756036	0.5402498084557372	0.5365104189504883	0.5121754068548352
0.502883008289027	0.5170657923965165	0.4960975405171023	0.5202618652663802	0.4876314109505689
0.5097175900988054	0.5162227814676327	0.48297250948583603	0.5196125094573713	0.4218918552619655
0.46980685352445617	0.4655148687689621	0.47009310146168864	0.47820721508859904	0.42992538200634584
0.4315007601422558	0.4554051420538077	0.43229705062966023	0.4515472099456301	0.4322356626372845
0.4623200861097052	0.49091404648931664	0.44822898058299904	0.4445086742827665	0.40035620152461976
0.3960285382698264	0.4325889180659477	0.43047996423712004	0.4273694474901285	0.39904839720581453
0.41032652516891344	0.36752691724615333	0.39997414123187514	0.36757663381923006	0.38564974852910816
0.3646975657437552	0.3981487655150904	0.40552176213797253	0.3948152381108653	0.4055286500770844
0.3633480922683541	0.38118046931000105	0.34365588497011185	0.3777993349664904	0.39749249506705076
0.35034744513248933	0.3357395000927924	0.37140094187190553	0.328402576207024	0.35764582081654284
0.3693362954085129	0.3650686795126235	0.3545295314259496	0.3739677840648027	0.3463701141552451
0.3606911762251616	0.31521298177274226	0.3822136242423168	0.29486863906189853	0.35665827300505487
0.34431532973146206	0.31856079023579886	0.30558709271461953	0.32799139975742764	0.3083107308007059
0.3259267264684158	0.3125992660963422	0.28133580468145497	0.3348688810041828	0.28544750708605277
0.29499552361373543	0.33500957839582457	0.2811746242704367	0.32122201852746507	0.28054896236783616
0.28968548132111327	0.2686815151307391	0.27868649379954086	0.2570367370142847	0.2704331618793212
0.2988232399740816	0.2751665136681091	0.2681658722216272	0.2595962546846964	0.2820240738587377
0.3097826403417148	0.28440451920624704	0.29123975132690283	0.25218041794664603	0.2691892533426113
0.21937435775862643	0.2970502131410583	0.2615686243531055	0.24336293055689925	0.2779004462295183
0.2550681855309631	0.24141177987196422	0.26906294424790606	0.2720974544237058	0.28838192773239074
0.2771385979727138	0.27247418206183927	0.2761086301072816	0.28241852005285534	0.27983723978759223
0.2455818160443253	0.27539851732313486	0.25572153958943783	0.2258375454331087	0.2945714809296211
0.23751273363438685	0.23647255491031324	0.23010116266746	0.2217250894420153	0.22354293736834402
0.2520158433172223	0.25531726048195996	0.22063673877220824	0.18940540922860702	0.2404263119312968
0.20272493448491577	0.2168165381684532	0.18627070907866117	0.2263742401797744	0.2147486409356587
0.20758409495686145	0.21155381505486076	0.21608968966204045	0.234943823469224	0.2586930744587416
0.20170614405810908	0.2301350788952692	0.20785403122735696	0.1868576171296148	0.22274810261435302
0.20505281593649688	0.21523610272975066	0.22656483051735862	0.14786968373950998	0.18909101805262352
0.21573026360565842	0.1883731738420912	0.21356606423631178	0.2083559275287022	0.20946565221189292
0.20310846351621728	0.1880205968896323	0.18177336149375406	0.1710341813967882	0.2204221995478671
0.14257194590713979	0.20219416779479332	0.2155097392788984	0.18769659954351378	0.2133152450089671
0.1733714731799421	0.16690244405143906	0.2153146531744598	0.19922535626784077	0.19378419869593871
0.18258266145849963	0.16816450839505254	0.17412141567664471	0.21000966759471482	0.2022807549431329
0.19407868554021637	0.15454852917796924	0.21574437135626381	0.19711160065997285	0.2111953971239464
0.17457321857224384	0.16903773310466474	0.17743317935729389	0.19316475366422173	0.16732866045131536
0.20826256339354332	0.17586685540215324	0.22208484367933276	0.2067586332881422	0.15214563586466406
0.1709900159320444	0.16875731192035998	0.14957009844405597	0.17352764928053083	0.16861185873713225
0.1895513873315854	0.14109806083158957	0.2108079948369789	0.1715958560537431	0.14037985874511769
0.1787998097769064	0.14239857657637817	0.15100610727613026	0.13908667321740883	0.16618287467821116
0.17160015481052354	0.1669974014293471	0.14101349608534633	0.17702056485750345	0.12796807641565397
0.14135469241657722	0.09762175336674875	0.18580235807703677	0.16736642181016959	0.16713983403786992
0.12931833087010958	0.15482417807568016	0.11574514487210652	0.13689476086072663	0.1714257081380837
0.18200856560723205	0.16503484784963113	0.2016316958426577	0.12041651130201939	0.1686297763880927
0.10993428100474649	0.16551748113852358	0.0991859475071612	0.14748236515062552	0.1388505826574605
0.15064723607640204	0.1466356460975067	0.15272165133032878	0.1592699737980317	0.14120902669046842
0.11024629322664137	0.14140938909337816	0.1747129733909938	0.1674887610093782	0.14294652485463993
0.1575507875368747	0.12092752524152009	0.09326892419507549	0.1370379640382836	0.16268788759572583
0.09987072364419727	0.11661077257818178	0.14277790477030483	0.1407918218301359	0.12928963991780826
0.12231975095840236	0.13822022897556896	0.11717823133715859	0.13956088830564	0.15176569339986126
0.11136637227093683	0.13335203217152186	0.14983112235537419	0.15321405849226805	0.11416434482658072
0.1426239342094167	0.17243927060746084	0.14655472486436422	0.09483094380703481	0.09564600978623375
0.11793283502149036	0.1138098736601739	0.1007009298907796	0.10005498900839768	0.11968788328937786
0.1272714311575408	0.11482149959069794	0.14191211535371226	0.1285039039303332	0.10404351579497227
0.15826633896675638	0.16159653527946502	0.07527234886893151	0.10067254343252871	0.08200165772111656
0.13102065227559273	0.10460757220087803	0.11023375790846543	0.09130287091098377	0.10744510857821915
0.0766085270414024	0.09068074058936895	0.16101293858040552	0.09123204287029812	0.09386108636078265
0.099877438969769	0.13515954144323905	0.10557773829036947	0.09299774585542464	0.10909360656202426
0.12694280628985571	0.11303112209551923	0.1401492471276372	0.08871111620202696	0.10285131847167837
0.12465620575307651	0.11058698765107813	0.12402254553133378	0.1112994899138632	0.12470474169738964
0.12878456055772108	0.1068340099413154	0.09140209661613426	0.10259629767104642	0.11463840268495111
0.12809923626820519	0.12255298333913704	0.10367279186398168	0.07084592542108109	0.10406195256957504
0.11900439687070359	0.11864322547722438	0.06073837123382278	0.10553134600583375	0.09403307524570904
0.10000419034347989	0.1361214350810081	0.10503786795206684	0.06774486688758712	0.11216115477751026
0.11713701352024143	0.11507302064941204	0.0831686500832797	0.08498309703291676	0.040830409028652204
0.13382356472028983	0.10608931818699047	0.13707211589257737	0.08256636779155331	0.10633722499905796
0.10825860703792527	0.05473120899247666	0.1068721688179827	0.09143575128708485	0.08518885375649879
0.07428695401722048	0.10060040984301506	0.1284186881091966	0.04925045784833368	0.10079279065561057
0.09712013374818755	0.09418474920086882	0.09711544454255525	0.05829589142073849	0.055339804064275896
0.049131395650699926	0.10123877563043654	0.1332366913134096	0.060123632966825075	0.074778020894844
0.09909062280156392	0.0935778348553433	0.09397268928718815	0.05671697652348838	0.036943598865542056
0.09237784048101289	0.07128674751679505	0.07353489877132116	0.10284283605662449	0.04975117032721143
0.1090812002289329	0.10480384125921043	0.07640244409821897	0.11179439510664559	0.09141049398533937
0.06136818558461779	0.06759860160053374	0.062751673014301	0.10172677180955714	0.0909207914403593
0.07078867963044166	0.05680828498506759	0.10291590390385917	0.13233275491019406	0.07127042559709287
0.07122862889957773	0.06781000358739885	0.07172943448182768	0.0730977847534532	0.05750569138663179
0.11234080482950148	0.07359653803034688	0.06356336283662513	0.07182784361158236	0.08580955911299509
0.09618138327941893	0.06017780598283164	0.07290731241353164	0.06797744707392098	0.12224516206378064
0.0741860004724135	0.06353439974348334	0.09474496024095515	0.07668533313148204	0.06442498145901131
0.08341599474851501	0.03731171434566189	0.07230891301706152	0.038764307927391294	0.05220912221494769
0.05508840509536643	0.09106065968197102	0.05416153045186512	0.10513319027028896	0.08591521008751306
0.09101436878366176	0.07654762188190825	0.0991325258867295	0.07223104477499304	0.07126899222345595
0.04241157259437056	0.09336716890462636	0.0606683410353775	0.0447803226523446	0.07930141433380171
0.04096416768685187	0.045821397530421575	0.07500076405908082	0.06528332416660684	0.05442635501745824
0.0546634247420775	0.0828673930768299	0.057020757453717055	0.10757681730382278	0.06570039000670658
0.08758052060850138	0.02441116363420614	0.08779019754674104	0.06069627196278779	0.05964244284912844
0.09396922889372122	0.08745099267338	0.06589225743408789	0.032384404747589024	0.07337033531248091
0.03921590253842485	0.060615800516899326	0.07932190576264542	0.060309222033864844	0.07131575715259929
0.014070887386055792	0.06184554933617486	0.09526578135303969	0.10318707964712569	0.06485917583329072
0.05941784843633745	0.06607973807637475	0.0552857955424599	0.061124936768763	0.06486062405956457
0.10230177598581022	0.086353584025291	0.07881020077721684	0.07931727002393171	0.038233531499938384
0.03509519755533544	0.060100561193258614	0.059404996819679194	0.08461325139627791	0.05316123352335944
0.024589138451560588	0.05276069086125028	0.049206957219507526	0.08730030702635737	0.052595161545488794
0.07455672714522575	0.05769798468883797	0.05894585571019929	0.05013507812867993	0.07231758937191765
0.05621527466819789	0.08798641433915562	0.04916987510109735	0.0996663850304808	0.036627647763773696
0.09861686246844863	0.024410297764563944	0.07911724170875378	0.07457060105929199	0.06688645263266199
0.04891211095111887	0.055973498057297906	0.007827796535878733	-0.011736273947207054	0.06390199764154943
0.07830932893011576	0.022024107098298475	0.06144248793073388	0.04608155439493149	0.12361414932533922
0.0762148584257812	0.0780663668006602	0.058425541576270945	0.029481816200961693	0.038641304217024906
0.02402804661476227	0.05902357866342027	0.045872197475644305	0.05087444081014623	0.048052597009003974
0.036509614953792784	0.04298501191329836	0.045676201211071854	0.03732047527107003	0.03425307121494377
0.06724488858983771	0.07376583422431186	0.05292189964317389	0.03926587540777236	0.06570505028921961
0.04016998261152286	0.06098447125899212	0.08005774717467921	0.0791216970591866	0.019215014434748955
0.06671189158738142	0.04880246013735699	0.015463267464029713	0.05891625161451256	0.052419223359180575
0.028325740868778038	0.05985729338759448	0.04482360423632278	0.028631166782247704	0.06396075560583261
0.01913716286650654	0.06634857142868106	0.027592884474429237	0.08461065841307028	0.0379498363311841
0.037294178509119515	0.06508503304769407	0.05252421975620465	0.057522403451042044	0.05737363232051504
0.03375618478497074	0.03246596179190244	0.023691372115029363	0.0744494733139302	0.030703595871088306
0.09390103570244614	0.039628042146889045	0.08386832809509662	0.04100137296404405	0.07341444176124302
0.07315711899882871	0.08943123143781416	0.06864136001554846	0.0394163753454457	0.043534259059446634
0.058175408092439894	0.032401161668067814	0.02464435394304149	0.046337140418562094	0.049525385962507475
0.06083064939198157	0.07201201021498348	0.028851993263340463	0.03168038682451864	0.0180907392161413
0.06909004902342487	0.07695822578257588	0.06333619116016626	0.04998472524751384	0.042029271133165305
0.0756622447230147	0.03938464806414749	0.044816227900343494	0.03927577622510046	0.08158733780290013
0.0309139260289511	0.03203202912421223	0.050628106170288165	0.05970008735073207	0.02698750694383418
0.08512556991500576	0.026476258664293907	0.07342714570653511	0.07074793488674427	0.030749382946178714
0.03226318120078951	0.04571197090447969	0.01241923506354344	0.03799105942745744	0.04251176784763109
0.05083720067829936	0.05284753231264902	0.022794637700897364	0.0807594964840202	0.03140790150242877
0.027119565506113035	0.032082055475148016	0.021042030957519116	0.04225159818656092	0.021974809152120387
0.04042501805639065	0.026068773537157162	0.0575521564188662	0.017873781129565218	0.035358090978564606
0.011503135500979247	0.07090897500120158	0.0827419499183948	0.059919251770633265	0.06539804321093452
0.05530399828690758	0.016586474877502408	0.037181821607272646	0.040154162644849625	0.04644826408409408
0.055326626539854186	0.040947807807059804	0.035501003493752306	0.011100099227833947	0.030814027602256572
0.06286441586673686	0.03595114198340703	0.015043109173114062	0.046407817657512215	0.06766411548899282
0.05664998304221974	0.040588002439035535	0.042335525415341704	0.026386520396565465	0.05585353953583206
0.0697479962189227	0.03399523524382469	0.052210852026556766	0.026613049164981584	0.016587644664742263
0.032077433646834366	0.02513443341701284	0.07656889879473926	0.04329606049994758	0.02559332533169758
0.04047165585876647	0.037970678954750335	0.062397361187649006	0.04864700783805123	0.012071223599424627
0.012706355159225281	0.03171991575804803	0.08328358769903725	0.049013721343743655	0.04502063955979993
0.06495252414534661	0.02861467015033175	0.06548945143907617	0.02805641968276796	0.03510000586556781
0.06933168991477026	0.031354125894711635	0.03805744497843599	0.03582193918014425	0.02292322140481347
0.04345530242981558	0.05579375626648154	0.05067386644819194	0.03461727913993129	0.020377178915525623
0.0522501475612488	0.01553733317845548	0.034507189927071774	0.017252999089077913	0.03932361520363284
0.036503480163264615	0.0030373674288884205	0.03911290275329848	0.08373287089095174	0.04416124852034492
0.027956526470328234	0.04150321379279358	0.0401151801980307	0.06327215411705672	0.034032456174686324
0.03774589093291332	0.04172664440666639	0.07284976836892461	0.035867094177710515	0.0507396055303049
0.03835094940514512	0.05172961992724449	-0.031342390377162785	0.03702084343050175	0.09509961475616552
0.06170587981205814	0.06271671649935374	0.059710224933631414	0.014856437041428677	0.08892056051801363
0.033522955057039255	0.03286415270105637	0.014006761831132945	0.06491765867928397	0.0317853662294197
0.00894272540805854	-0.019847216731563925	0.008285518192255327	0.06771337868219286	0.02761602961157148
0.03295350498498175	0.03004489917283808	-0.00016380809310760115	0.02225862261116414	0.009096546468615753
0.040457878124168345	0.030204613769114874	0.02523944696372664	0.03067567981509582	0.03146229814946654
0.05822789645000746	0.03722576253474004	0.039309327755290405	0.0299406835563589	0.026251818915591505
0.018903179886893117	-0.002576417116884826	0.0644314561540228	0.056846941308740316	0.04418361983087946
0.04661569517374388	-0.011078465967125712	0.04129960588163782	0.0418821575981261	0.012757470551901774
0.007948437821152695	0.04062530228295355	0.016319449718567105	0.027200207978588086	0.00269178965016763
0.02671353407863674	0.023618289535641046	0.007091823690155803	0.0021776743373551352	0.04051263373617753
0.031114455696976257	0.0490204665902645	0.026775403927627724	0.07626956893187703	0.045072686573661314
0.0004744193697730167	-0.01324714368811108	0.06297199358736641	0.01577026792369593	0.052765876628663166
0.05634979612054443	0.014399509263123904	0.02459527823253658	0.04022351107597392	0.03904188689263559
0.013079233739467143	0.02812091502741381	-0.020486102615683892	0.02072405372836471	0.0021393671887770483
0.0015949983543272275	0.038175878143199136	0.030905527213988586	0.05241293218823817	0.058661988086236364
0.016825136550442984	0.04055813314119818	0.017649087711632712	0.01349555087598793	0.04123949726484989
0.009166844315178974	0.06570668552738428	0.03648137311068756	0.02488368266743903	-0.0037011833784423706
0.023614300336590753	0.0017616648408043988	0.029042075456534158	-0.0063093234121402615	0.046252373650129915
0.05537741661328843	0.0363027082390356	0.01243159985051362	-0.004908326820583897	0.05310714869679185
0.014877841255385025	0.01417123653365119	0.04651687921136744	0.029255395131550312	0.026425808354158316
-0.0002003581371273909	0.024527351774929696	0.01816902157322335	0.03826613169927276	0.006449519226892027
0.02413274965739811	0.036338582205512095	0.06078022253840362	0.05361432029101103	-0.0027209880041896197
0.026563547279700124	0.003671075102888239	0.054756738741343146	0.013999993562510134	0.021603829221640374
-0.00028518294641244335	-0.015363321764042072	0.01404950950828526	0.03665370562499702	0.023225888665315907
0.009434056671456208	-0.012242467187291543	0.05750756870939851	0.05396013921932749	0.034751982720862586
0.023047629574756097	0.02200381602661883	0.022187461442331986	0.014747239475675428	0.021784793070259503
0.06664145277717384	0.04632819548940729	0.05696768874954274	0.014508807490646734	0.0019272648509141418
0.04650001933424314	0.024795123107399154	0.006155491004899597	0.0628395818202958	0.005926808087401827
0.02519943029936617	0.03180867800468176	0.04107606093719301	0.020956701705965666	0.037465474458299015
0.02125032333192794	0.029233244507253158	0.008953354155179918	0.016400554584767427	0.03770096295765853
0.02491299410535235	0.0222343075810692	0.022935899538507658	0.03304388676908926	0.03122216129812196
0.024979714001328385	-0.019099605187839472	0.027342277801347674	-0.005266878519458975	0.04496864496471118
0.0060727674810446535	0.01021657024971806	0.02043693640765138	0.06095982669442374	0.009604921548552352
0.06834971993183367	0.030211447683817207	0.007745927763441632	0.02190475527549407	0.037632889487904594
0.022116865649929363	-0.012287853742865862	-0.016415867609570065	0.05008427938873173	0.018110216743028512
0.021040007207651975	0.02610392794532769	0.0054147226882144475	0.03518769486045518	0.01464281128027067
0.0607008128526121	0.041740541548107316	0.05888152710185848	0.005395730445139182	0.017135101471203673
0.0391791352049948	0.0033482631491278817	0.03929038552707708	0.019898949406377715	0.05417506228753038
0.03697379432167512	0.006033715293990296	0.032555804778912574	0.020408335182459825	-0.016667995252879323
-0.003112692066983053	0.055297122064057846	0.07035547881435028	0.048522571228684204	-0.0038033702235577816
-0.03644754496348133	0.012169541676234772	0.057125702435951664	0.05257617571295143	0.035057639856831795
0.0019424427755757494	0.003561535483444839	-0.011853008332090017	0.008827914142947393	0.0508129071808235
-0.0028993204359197083	0.032150715244518506	0.00958787823007271	0.0687551254405643	0.013499408545482258
0.02469674521071058	0.012836866209057891	0.006464939563384828	0.017813771803358473	0.0478785272728825
0.04287946349114755	0.018218098365928633	0.003139395246764532	0.006254044386994507	0.046932435134613586
-0.006827816031651928	0.02914357414187365	0.03173882891534745	0.023118188817294837	-0.010377528981537047
0.04933468154640107	0.014549422963973062	0.04619980089468462	0.02308756584537571	0.010407465822049955
0.03659392990040903	-0.007864467478794912	0.0548507132541476	0.025489993674307626	0.03947913498396511
0.013198524265110746	-0.01694313607233669	-0.01675988310211965	0.06141137795385097	0.037603696850053395
0.048437916431652	0.025871760907556576	0.014214029472126516	0.02362916867416753	0.025741090121350268
0.02843247298294029	0.014468383334288197	0.008310607578409344	0.03713474315559776	0.01493714272253813
0.01654181010422639	0.04572275619562541	0.0074442778526324195	0.0008842419679508913	0.01994901179065601
-0.011829089767409276	0.03996258717999128	0.028798414093309452	0.00035047225728086946	0.007191595181725659
0.06320176333250431	0.06431973214070474	0.018097224760675143	0.012099378708347723	0.020425325529602894
0.027126334313198847	0.05496720674680382	0.008307500115938858	-0.02532101243352975	0.02020420122022892
0.03468611827610872	-0.0018216924741044308	0.01458149839707958	0.022293254112037777	-0.0019472435033422073
0.03894996322604664	-0.008146074444314443	0.012504737320604281	-0.0006405499550263039	-0.00628168644755474
0.008426463402731767	0.03905834290946659	0.016390494076586944	0.034373497619691495	0.014143575701737243
0.020657838856804518	0.0058716262260735605	0.02826273304903395	0.042715409245248886	0.022954878316544195
-0.008895689162787304	0.021961588691031333	0.01512645170847306	0.03999747602077812	0.03979353580224902
0.03505130762485846	-0.020751218954467084	0.007517453028823319	0.02057007831518281	0.018050196174575622
0.012673068644109256	-0.006437715911682626	0.012821965660284191	0.010753623926565327	0.01693497655703349
0.009681099775737492	0.0041876998607620845	-0.012287741128784661	0.008415841760558275	0.0004200371317208433
0.03675924025110972	0.00502616451604741	0.010085670917681828	0.06386256360050654	0.019189362447672224
0.02006905048154524	-0.018098710580058873	0.020030876163832294	0.04018521913050143	-0.01760727909947958
-0.021757597633104947	0.012566211310848561	0.08013838667640341	-0.012490170445215037	0.05608262823276411
0.044188592649411766	0.02181060860215282	0.035019846649136176	0.0031032073058181306	0.02916937327395023
0.0392720621176126	0.033681185902295144	0.02585375792070752	0.027363254798585437	0.005034076799763756
0.018065298381732424	-0.01643175255352184	0.014142351314975873	0.026829557916661285	0.006861568246939622
-0.005715691888829625	0.029404321854919698	0.028410478183299198	0.03652790460054342	0.03263667222498004
0.018607706623290206	0.013980936787807898	0.002794650951620922	0.007727048805340186	0.02947132479444526
0.05718072328128299	0.006606884700558193	0.012836184575194679	0.035666053917844685	0.013721351036624394
-0.003248339948707675	0.0014378664205693201	0.03390874307255529	-0.03978337119525636	0.018301913810248108
0.0314525601792497	0.028263366386147137	0.033867326849055426	0.005410104110311697	0.02913602352070203
0.03708397163440487	0.016184364240634266	0.05392917528063311	-0.0007032848405098182	0.02187342689310315
0.0211333488205419	0.0030200645539508113	-0.004286246775879649	0.034140605386650064	-0.016860698735647144
0.045320138252060244	-0.033459251962453876	0.03604481816565813	0.012518822347285827	0.02409109462647944
-0.016798607251731802	0.03714339955774184	0.030776801876618957	-0.005280165471131217	0.008013085948973812
0.024642781617423552	0.07035475304736716	0.002094692228404412	0.029144826506816778	0.01839769230920385
0.007617565398701101	-0.028938125358917266	0.04286888610940067	0.05123607474742001	0.014495020763570458
0.020835335054590114	0.026561080979698948	0.0040195049929929545	-0.022746793210407887	0.026811379660076403
0.02439715870213891	-0.018670394662352017	0.03263584825223566	0.018389508205731604	0.00972140535252759
0.03895019377711068	-0.003937369620187843	0.030854812318143337	0.008159040833242082	0.024540732652683063
0.0606381621528333	0.03804956868786062	0.018791685846586165	0.046581640194782434	0.026182259533587448
-0.014260354862279421	0.0024260535439292264	-0.0015641501087343126	0.04055451704444097	0.033512820328089006
0.016497753794245635	0.03137670475228127	0.01710811049624659	-0.005463460841583349	0.019566857488746984
0.014353406605265955	0.02493779988105597	0.0005018174724914712	0.008069054193429211	0.05411922450803162
-0.0383357455187211	0.01649307907243097	0.034807562424366584	0.03156993884354505	-0.0005996210805262981
0.004185624878716767	0.010218056745896384	0.016805044498595063	-0.00835742752238289	0.02789494168192075
0.002215948357192727	0.006668475672548968	-0.0029984506999568873	0.00787562153224694	0.007894047360853237
-0.020291395756701323	0.024979919239866134	-0.006913531296320902	0.04454957645512243	0.05003698349760885
0.030196102942331673	0.01764102630252657	0.040833986157003024	0.0591414209966482	0.01188184100842183
0.03431780349497217	0.005767478307600556	-0.04320189669438116	-0.0005147688732611132	0.0001858169464549796
0.014185326868270858	0.028871095717550938	0.04932876422704344	0.030445124384090635	-0.004752424197692567
0.004047269578743663	0.019006886853107696	0.005603362059924663	0.003078387383733351	0.007648813915880971
0.03840839136758395	0.024020048268791436	-0.006070802833407821	0.022714277407184975	-0.002449200499846981
0.03575768696187344	0.021595450512739634	0.024425296914985593	-0.017692877703642786	-0.0007054033112192607
0.0381194314285331	0.004381583885409313	0.009692622493159529	0.006575206308679045	0.044025666201361634
0.020305263164191626	0.04189360191133073	0.0006701092264174728	0.048450339575922347	-0.00767841799024498
-0.01594999968163294	-0.016317335584279682	0.006231209989326837	-0.024531098808608296	0.004770934931281632
0.034513792389763084	0.010307177100261867	0.0354409520414042	0.04641514501319746	-0.014267670790596607
0.009955157827430602	0.03168872859249273	0.020064730958794665	-0.029952330998179698	0.03150621406343711
0.026116979114091367	0.024411242551958624	0.03376746515235165	0.021758824753095	-0.011495502412700219
0.03783869060367996	0.0091699912144663	0.06087364750687632	0.012948737527909752	0.027974053638996146
0.014337833541574424	-0.009262520845273643	0.020478023507078464	-0.02338293912819882	0.0066406973185363155
0.026220921007029115	0.018551052359345246	0.026113532953499025	0.0024797456010260993	-0.022178466179090826
0.015361780442248469	0.024668450494778296	-0.022736620972528945	0.03938778292595139	0.024495100337727203
0.034315560034640744	0.019310347861422588	0.02692186107815562	0.0032930478068001	0.000860479148563971
-0.0027553574370581687	0.031223251301282257	0.022186281679111016	0.0015270186891090595	0.016933500507363634
0.022229419354123797	0.0001831154113226454	0.020613196359001745	0.049961251237120675	-0.009462079611006556
-0.0024519397465877202	0.0011964980958388619	0.011599262935109041	0.03359073039844543	0.0015257135681677266
0.0024870983211661498	0.009169526829007965	-0.018931254072928044	-0.0051063825029502305	0.024597575354870387
0.028138338583680814	0.03630528712604975	-0.01996832667971478	-0.006047315536862179	0.02438127664861834
-0.015340607396826945	0.020295656542048422	-0.020086974835791888	-0.0259670849352973	0.011361693469746031
0.020145483777662624	0.03097382315054406	0.005868294191863743	0.0012781870006140306	-0.015289826034954749
0.028007738932316374	0.020771330903082218	-0.022465249947298975	0.008184142918883097	-0.0005142841773251479
-0.02251411914230822	0.00499056562160319	-0.013696592344746902	0.02252055225894226	0.01444639111304154
0.008189095446744232	0.03583838286632615	0.00282654230901311	0.010152453967433537	0.01744690671886423
0.03636181706906437	-0.006506484587333159	0.007444124537960932	-0.014737794248035252	0.006912109157302497
0.01345483848986079	0.05994251621004831	0.01893021931514692	0.02890393159715785	0.034102769661833815
0.02212358751514199	0.005346428672999061	-0.013874841828066985	0.05395265925809349	0.025593252603826392
0.028097131118333236	0.06607566784265402	0.021365949955652868	0.002552837583999535	0.03746347652145759
-0.005334805089801525	0.01221568460052879	0.040034907264285345	0.02698311396691898	-0.007744353655213063
0.0038279014343150035	0.02368018088452864	-0.0009008371404186223	0.04354594919943071	0.014328825088240047
0.05076557183579852	0.02373358342744775	-0.012075930022040476	0.0037561034584986316	0.005718181971065375
0.008056738387573334	-0.0018198210024844641	0.011475354333878817	0.039617132685419	0.02576244535414092
0.02867641826767816	5.808725145787759e-06	0.06585865182075057	0.031661292737268816	0.05499232948863404
0.025800944374278535	-0.03228719459888365	-0.025409098229616855	-0.029966769456288945	-0.025211493898428784
0.02471427432521194	0.007011899510206819	0.04418987348526102	0.02661118314548524	0.04551587115668901
0.015549786663807772	0.03389008569974182	0.017868795199281265	0.04333763791762983	0.02820619587250645
-0.01963652098152623	0.03395720337428014	-0.012575884468468874	0.03670753817358768	0.003769618877835095
0.0325147063577505	0.00011939220343385945	0.009290277695329566	0.04195021810516154	0.03079439298905135
0.039021342517688754	0.03569117902797667	0.040422950042110495	0.041208473408101506	-0.017223576051003088
-0.018049473163347828	-0.00037076772989495365	-0.00825950383765758	0.03822608225758871	-0.003109661966465333
0.052183768195786386	-0.0015621810963472463	0.015084755647264867	0.006730759127288459	0.012293277692860372
-0.0025472851158919218	-8.583372223711777e-05	0.009021559596087003	0.010310587354194115	0.007438944481451984
0.0168619137637439	-0.03236719245295744	0.004634806847824706	0.021190866802161683	-0.0006744604868204572
-0.009616279497469439	0.03974385407662362	0.03634358762430411	0.02953671103578908	0.02017920260564554
0.015098869552345726	-0.007881705680364545	-0.020158654230528886	0.03275919979830703	0.03163266356419083
0.006531525983464415	0.014525062899685833	0.04222347802384167	0.005905403860570465	0.019375346622288913
-0.006814233418738075	0.03865855338261726	-0.006245122485166091	0.04899277615977142	0.013583198075331161
0.024152570506541435	0.00982470639082605	0.00776986736952046	0.03599484422712332	0.020070367153800426
0.033837380230176184	0.01841928960485243	-0.012444831307092704	-0.034464983111475236	0.01749791554835825
-0.018830255644541247	-0.039071970846456826	-0.0025226928791837033	-0.008828833850288252	0.015628907530166283
0.010989911323860591	-0.011689699417077266	0.015751165597173968	0.04037523577863462	-0.012511970239037214
0.03291441468808737	0.01755867392334616	-0.01368603597199022	0.036123268524559465	0.02878375137876592
-0.04250514724664138	-0.021928937933610164	0.04154792231713117	0.06064815320484267	0.04641831647908036
0.00976020455385979	-0.028549408202639844	-0.013061313167154713	0.014540707501744177	0.00918609643994894
0.0081738317079901	-0.01833598058072762	0.005409680858429495	-0.005825970229288185	-0.015269616510984772
0.026089276020537816	0.015504501774966414	0.047317024571345276	0.0008811964958472353	0.011018652821900007
0.026257347062422956	-0.006722810158870774	-0.01300926369113509	-0.004559291365377721	0.002028517027342013
-0.01663926514098431	0.02303571953658948	-0.025500751247420402	0.03331378871505093	0.02330695568442681
-0.011938185519282581	-0.005028777825251804	0.0010711420679559804	0.0660724751427795	0.029936002648479863
0.002373944324354112	0.004140130771286545	0.019114430684605006	-0.0012680227139449532	0.023992361530847862
0.015585594313833797	0.06328231385383695	0.01398081715262651	0.0026124722066207043	-0.015228244922672874
0.005860605058679815	0.028184825448121897	0.020485786895093578	0.007135411281478987	-0.006805685966881602
0.0337600518992268	0.05433612064919724	-0.03247694372364155	-0.00016864849831174514	0.011987126737971365
-0.011332535449777546	0.030043043450525185	0.0038444493040680743	0.010548998813563571	0.0075285830848786945
0.010002261022875623	0.02190313352258122	-0.026982468932911483	0.015264543097330961	0.006199605234178602
0.032362245700663164	0.017315292673406167	-0.013050315877778617	0.0030658160812994974	0.016991842708033843
0.012669911743707048	-0.0012252361802057047	0.049655990961131144	0.02968021046390472	0.029775738954961155
0.05240169781474764	0.0366149441033346	-0.0028063299144837845	-0.0077515583218733955	0.009772351637970977
-0.0028701936017687373	-0.02066707244929645	-0.004564966452210514	0.03443431566707568	0.02091352155715049
0.05985773185034888	0.04803472283521741	0.0020394431218121196	0.0014928620159214648	0.011816515616136763
0.019194179548167992	-0.0013277193549157797	-0.03274638084896034	0.03730447317055911	0.0189078115118863
-0.01817296503475172	0.001117617923389316	0.02485770950639822	0.0010785659270048228	0.01948189575660402
-2.861501987025134e-05	-0.0005552801340904618	0.02351362494835775	0.0157233606739642	0.03067532140493903
0.01794331902915196	0.0032303297025120465	0.006156858016979224	0.01940406311767325	-0.030333891598268752
0.01127470923249596	0.04562800370949065	0.009393928163055735	0.01759044268976765	0.01745792801573096
-0.007267978076075871	0.018180820942445303	-0.030520246743344148	0.054392444188396366	0.008981680834661672
0.00986595228455573	0.03636011346415391	-0.011846009632579063	0.004487321493904649	0.005850486206754893
0.05576930405048759	0.04907193129864943	0.031193166970913087	-0.020057187116759252	0.0002653407627336527
-0.030741669298871597	-0.019119140434012243	0.031362656854338956	0.03247871499287305	0.03430293670594253
-0.01731292522796735	-0.015192337679430738	-0.012849684838833857	0.005306716125471374	0.041255386236765
0.01774379044917578	0.04261989912321433	-0.018371817581731995	0.002217102890871226	0.043398371667347856
0.034683338364505115	0.004246894318723182	-0.0024397617729629553	0.019422505508481687	0.026655239316953787
0.0036092210317776262	0.00793685449172956	0.03554775125949287	0.006876668093224542	0.009770597313907607
0.008020061012844347	-0.027004022179095602	0.03281655153353511	0.02346521400339937	0.0312725119361043
0.03566975281551235	-0.017177809826035454	-0.02913873562512164	0.023346305258976772	0.020157998415947842
0.027949815773264074	0.01839405196967133	0.018938361205755098	-0.0011124832108071105	0.01331986116930211
-0.02671550869735273	0.022307665886333507	0.03084169180720705	0.04037055107118244	-0.011290464718190988
0.013274224687296391	0.030617261465861332	0.007646147818683014	0.009264918438937288	0.01833204717407466
0.02674363576435096	0.04568094861386504	-0.0014134857137818348	0.027369474306574684	-0.0009263943284338553
0.0037870638173676022	0.01484401348969016	-0.03104196239962311	-0.006175867882612713	-0.0233283062392318
-0.027274152382377854	0.00017790459898310646	0.013346931257038678	0.04654806963799511	-0.016777133712216636
-0.0107781122070843	0.04991840673212368	-0.008764705638179687	0.022695472068168604	0.005401283623080589
0.022529357356973295	0.022914293267913687	0.007593184173783523	0.03437349588639341	-0.007384415329880715
-0.02015016210524526	0.00783287665902364	0.04136925423449481	-0.0037733613914697414	0.0185219706133802
-0.007267136904093524	-0.025367886420173166	-0.02138486459147465	-0.018096381201384373	0.023862556202501033
0.02384198179435338	-0.004636014953077497	0.005624858642345394	0.01846548267096944	-0.010058134570236042
0.012926179176718311	0.04992104499131366	-0.03415847821263365	0.0012473693586170826	-0.0050836893695002505
0.05227681087025412	0.01498847570776451	0.010729825345860849	0.01933973203068686	-0.0020815035149783193
-0.011849487714614217	0.03439913696874594	0.026159788681989857	0.005644829807576737	0.03800300776442644
0.013092638966804402	-0.004210444985894617	-0.008470668946557744	0.010940912150679568	0.0028996645974152663
-0.028469567249601015	-0.019797133848353285	0.010122222608720817	0.018211647920855636	0.026661474968103116
7.385392042882476e-05	0.014064194805425142	-0.016277099891210674	-0.016488836281828612	0.04619945787308273
0.009982742717923336	-0.014652663488593348	0.051077039423289616	0.012265618545894062	-0.0031924640394283745
0.0199354395649107	0.023406536893034197	-0.015060511063586086	0.0004921457425276533	-0.03329450577718166
0.024564985439208473	-0.03255675991704196	-0.010347878891435049	-0.0017245681885509848	-0.009358788582195198
0.020264488462578327	0.010087367574916697	0.0023865219483917063	-0.004809420693392107	-0.005560469381412402
-0.0007913443864950385	0.023978397653601158	0.020009218696119747	0.02583975513841727	-0.004923164547327833
0.01897011554097632	0.01632025602529387	0.03801732349769579	0.02935287542655402	0.02325790561374696
-0.016321677176194947	0.018837680904210972	0.009299590668099801	0.009675618832943392	0.010837213483209745
-0.022712723671507534	-0.026536407360387725	0.0270687701892209	0.00896868363890817	0.036138421816821115
-0.008634903452195529	0.053000663731977364	-0.0036821971396083855	0.03773674291023687	-0.0034390266634071317
0.06303506474875914	-0.007026176332586911	-0.01616798509350844	0.01366320246255839	0.013853220231909368
0.0019267365790030548	0.02210317079355861	0.013029289412393053	-0.0038298352817412087	0.020139164650052797
-0.011569625965164778	-0.030337298012475887	0.038991981113283246	-0.033576419261868815	0.02373139513081572
0.007433413696570143	0.02490030266998093	0.04594718800073885	0.008761050642253873	-0.0039693913452988235
-0.038729678631310244	-0.018134580507774792	0.03870081970009536	-0.02885840730653322	0.010086013632629565
0.0006818194859681687	0.02281435872772388	-0.021891243611077665	0.004353571557168586	0.018852945946053357
0.010945644230472054	0.0011868359111565953	0.006638937610608934	-0.025749854242713276	0.019631940838450438
0.04156537388191807	0.06264548990996999	-0.03409404932657859	0.0056168460102486995	-0.013285473681631332
-0.00789820449080743	0.0368334605939363	0.023973375156559076	-0.013833433920160534	0.014377613941257928
0.01489589288729467	0.03928031093510111	0.020805895111409997	0.022052702068841516	0.057076632739297944
0.05532730437939769	-0.04018356272176438	0.02283254572721142	0.05780753587399059	0.007471569385128424
0.026746242060226025	0.011733174697687058	0.04834297580923023	0.015093729779343817	-0.0067557742543612985
0.012339955990674374	0.013044139660402741	0.014218101615008315	0.01879975299593215	-0.028945433067607464
0.005763379154979564	0.0520676247567974	0.042797047149325945	-0.006732245100972301	-0.015764459597585465
0.01756062659574824	0.01263577837788068	-0.019976097915481935	0.031217748735148064	-0.012963629403793763
-0.01934950645328768	0.0025483434265294687	-0.003005965317458577	-0.02562755002593633	-0.04160815504000323
-0.012258466353560558	0.01967217591847146	0.017421542964715066	-0.010761273076853123	-0.010858568571095207
0.020452084142808413	0.004584030184028796	0.016596299970047745	0.01968727668747334	0.02299121180137684
0.02733567426013063	-0.021680538427189297	0.003341655506914262	0.02080373808606585	0.036360784501047586
-0.01742448936357415	0.006747374261071281	0.0163942302587944	0.014518373320303445	0.023055717365826338
0.013728563682078778	0.007204761710204305	-0.009736473696022922	0.022752584675003455	0.049419206997042685
0.01753714109584961	0.0003538678230213064	-0.02166128557625066	0.002262784224625552	0.003079567617583102
0.020062724257038776	0.04201922537471102	-0.008364401713234023	-0.029098299471963365	-0.0029278676852673006
0.004247514107129863	0.0028665618037361108	0.011417277994324654	-0.013187755505501494	0.004224213066208755
0.017448347054300754	0.012905835255671206	-0.03665722201210102	0.009009751760817902	0.062179345742184935
0.021419367482280034	0.03249763268408872	0.052428207758267203	0.008996109168555066	0.03738858367050491
0.01979642056282836	0.009203763076662751	0.03802453485159819	0.01422540716878376	0.009796315121706261
0.016286148719946526	0.029048141003390808	0.010758461440193755	0.0035491135721593984	-0.025670742351329795
-0.03150190484515321	-0.0063111911489669055	0.0006417336900794626	-0.028564077775800674	0.03164997705601327
0.022828446554472876	-0.006425838667903503	0.011130754759968473	0.023309010838201666	-0.03010078059091555
0.005487475990519227	-0.02916593578759548	-0.010472601948575919	0.018794236731555704	0.016136907457602954
-0.014056055490583221	-0.007035380535083244	-0.0019901576633018867	-0.009112526924191167	-0.009336834533635218
0.01949146860300967	-0.008372303165826567	0.004070516810703063	0.009256372111163553	-0.008329300021435719
0.04367255740786369	0.032806510513596836	-0.00751043829006232	0.009470115505736202	0.018626229396388815
0.06274344894909241	0.004599115264287773	0.06221622399759796	0.008718121574418062	0.02153410014571694
0.02726971108342685	-0.018651375966139	-0.008951369477847599	0.015772820292145367	0.028544510544898122
-0.034993881629257644	0.026695975658760036	0.0006656287695073915	0.04382450149706457	0.0226609215368183
-0.020712485729310913	0.02853692397390778	0.015226217262170692	0.006778474458612338	0.011300606177490735
-0.0014641020114138262	0.0046429342870150875	0.018244246791333497	-0.005937978303943615	0.012510859646453152
0.042854685938904465	0.0011464663828803403	0.002738526898682606	0.028901570253444572	0.00828945547457514
0.01075218179624305	0.018721673402380037	0.01866482615673951	-0.020382696633507356	0.03754307278974298
0.036807997218892455	0.009269940758062874	0.020804885085699516	-0.014511826251835471	-0.020919417364079367
0.026986211253785263	0.025778646034702025	0.03367351626734963	0.02000856692729837	0.013973227694637606
-0.005623811645531309	0.02567792296597146	0.02155406723848441	0.02381209407813135	0.042587650032936124
-0.05426439349247886	0.055761183460936614	-0.0023771188298823084	0.004567906442036667	-0.011596766096947552
0.02509440691145358	-0.01998157286259965	-0.00030512738023529646	0.0036247400029792006	0.02078922129100244
0.0017280119915904892	0.018479659167977842	0.04365085370591529	0.009961392332323247	0.003717086719043983
-0.03675168261375077	0.024764628376469935	0.010849682244776344	0.004005283331450346	0.03454295356020952
-0.0030782964623094623	-0.017615557871753423	-4.0514715967774825e-05	0.026181460689030635	0.03412671829852432
0.008922445193638908	0.0039215202697825274	0.01814301475284777	0.00978233844023761	0.03115466808604553
0.0012988645065319234	0.0047107135607184145	-0.009407272870273336	-0.019545464814508345	0.02999621995660016
0.018643731299131414	-0.02025915686016374	0.009550454912674412	0.016597774363233904	0.04010717254339321
0.021508400400291356	0.050768555901798997	-0.0008403748937983197	0.03589814312843029	0.0010447133097539092
0.015759725388343856	-0.021625890944163423	4.113846494081157e-05	0.0054874449705463	0.018054455186627082
0.005525586777381418	0.05310004708885285	-0.010996165090779617	-0.016089681052655336	-0.028169030918240415
-0.004504716617593944	-0.0013814556713359627	0.034299632741374805	0.030950829442454926	0.023201689111921744
-0.0018631922115621763	0.0022392111661890413	0.06032037331097976	-0.004888992966200087	0.011213565750132392
0.0516607001356646	0.016446194664323652	0.033848509319320846	0.0006330865720416402	0.03445214556939566
0.004375323903875143	-0.00810636404038309	0.01826059590681271	0.0026011537472869846	-0.005716778441245378
-0.0015349105903144779	0.010738845218375237	8.115872491554167e-05	0.03997149919556629	-0.01758909231605891
-0.009798754093609991	0.008865192519969851	-0.021479936367356033	0.03300680428905451	-0.009264734501084209
0.018282382056589254	0.044917614885584344	0.008125074280120116	-0.046534421990990914	-0.015213436151355772
0.050703721227690034	-0.0007492943341506526	0.028283329127212976	0.023134498607230186	0.06668462167623482
0.008109115516480827	0.02649099559512378	0.00591396744130483	-0.01730453802754537	-0.010026408268393384
-0.0018606256394820215	0.03274489195229215	-0.02176306925754057	0.012599139820729102	0.056183134687751726
0.005813574709403562	-0.028063410505233997	0.0188378424357432	-0.0008392872443976865	0.03709134186748634
0.013297532203345074	0.002449807335884976	-0.019002583301071588	0.0003525175730659342	0.01261069429376392
-0.004676285823380678	0.011648497437619514	0.01870068176840557	0.06569465760562299	0.019115193226361262
-0.0054368108374320875	-0.012570861621145898	0.03326011271734665	-0.017628536090909384	-0.01722420630575967
0.018677995249375395	-0.0009776930351671456	-0.010318304765353954	0.011749640001403725	0.009742964044914752
0.022892792010849067	0.011671325286849575	0.006962803667572401	-0.026047913510430933	-0.012335540747459234
0.006355502984251813	0.014606693362557304	0.03975251527485929	-0.01385041244551792	0.030321671122485832
-0.022849013423189492	0.058132430358033095	-0.03949251594246133	0.008956134732161633	0.0037080789553635626
0.04473538792475382	0.04841693429563319	0.02183607175287677	-0.013283277309060357	0.004075979357799388
-0.04421079913755035	0.022846993604769706	0.03075137411919065	-0.014044641522842743	-0.018502576437602426
0.010648632940956169	-0.022421147197039255	0.010214879434746568	0.02399588780410264	-0.013298299379662083
-0.006039504135274995	0.0342343590404979	0.021879200200801897	0.013389900493240538	0.01039275786441456
-0.005437107189286487	-0.019379088361771896	0.032780612379847765	-0.03853223763701141	-0.019747582636463607
-0.0018934161120742182	-0.029100512705895098	0.019133907071155334	0.006361271020312294	-0.012684820509780703
-0.010286349012248109	0.013853449689518292	0.0027178502065415824	0.03782566124461562	0.02979314564657908
0.008178511576767824	-0.014844449659084363	0.019860282498650357	-0.004605231904159726	0.005988552212156427
0.0169044207653856	0.008363884102529967	0.018063666151524865	0.000601689603772846	0.020876610586538096
0.010474692471838673	0.034763773300453674	-0.012185605615093631	0.010466760426153273	-0.008398590172260814
-0.00024695352955656316	0.0015347605835537839	0.010126399920335788	-0.02044847929837984	0.008208117752137279
-0.011320288248316565	-0.0027707578391234786	-0.010890293564380999	0.011533241016722035	0.01257872429367948
0.052050461172034566	-0.0015422430892125388	0.035976258648863016	0.007511958064494985	-0.0030365644852182344
-0.00047111180130735616	-0.011334912346178255	-0.0287720920065609	-0.0030470451082025667	0.01842372754205185
-0.009268578137455581	0.015456293839079677	-0.023015855083065022	-0.026469567623709486	0.03164649479049459
0.01756420694469471	0.026405974086854925	0.040166683790569285	-0.003133137089645058	-0.002498910712645047
-0.039103946184224456	0.010532098926952473	-0.0024483972596525895	-0.01681326882632731	-0.05205744583814606
0.023346823274987872	0.03272371626460496	0.0035676886262314485	-0.013041337339171705	-0.003896190859860593
0.002655143368557442	-0.02095208925283402	-0.0032148502110863836	-0.010850445729961942	0.011735809655260781
0.03088091109539414	0.00272801854149535	0.020801040074553488	0.02044081269274132	0.01493204588582313
-0.010614666494399516	0.02001363398227573	0.04427067874834359	0.015283519265100836	-0.0066475010244661965
-0.036000978471451166	0.02458603057584461	0.009140038819445109	0.020320850880201427	0.0075706275039727974
0.0050588176110371395	-0.0010783258795117124	0.007914286961331446	0.009840033387661653	0.02127895313800698
0.0036549284298587744	0.004962106885136162	-0.03140920483370004	0.028492358169509603	0.0026847960888495893
-0.008226598139905117	0.022086412826036093	0.010654505132988372	0.029782018385615634	0.024084570453832752
0.0015823993132113691	0.003603022737451088	-0.03294297234023588	-0.016530624174303843	0.024464790119876335
0.04738787011467124	-0.012665485269637526	0.014189222964081682	-0.007827748529952685	0.0174937496773385
0.018890476031296944	-0.024058088721114323	-0.017755695460914617	-0.00195300715561731	0.03111156478646439
0.01638242006935374	0.025617601232022013	0.020536222907007694	0.009667669619270198	0.029557697418934298
0.012473552154537736	0.015502925459957764	0.02096485019438421	0.008486137124765113	0.004755950449995977
0.018777525421230037	0.005552706428680649	0.029778234997043584	0.014655210572714458	0.013193287324584252
-0.009041877433189733	0.01393061849851962	-0.02811738262670546	0.02203755256556945	0.010859982018630412
-0.014073224352383016	0.005305688499433097	-0.03335079990998392	-0.004841835376834642	-0.03391039289543558
0.04448735304922127	0.047368908494778206	-0.02775966912412524	0.008895833791775012	-0.009416008589684527
-0.021175918484769827	-0.0195453101417039	-0.0017601102791670836	0.015812750386375685	0.01900639658178063
0.010825159365855435	-0.009554645824500035	-0.0025126395017665247	0.024665344499187926	-0.010326953686776654
0.010513796638318262	0.021779532571530265	-0.02558231187373869	0.01686671542317153	-0.03302774565815615
-0.021989061159224645	0.004640928906844574	-0.01973736721375398	0.021698480013640505	-0.019703404194573622
0.04677935456923036	0.01418761430202303	-0.01485291568559343	-0.010089089232592168	-0.0005831065448952677
-0.026313035587084584	-0.020940908382387227	0.011038357906947138	0.010897108707544468	0.0033364303482535836
-0.0022068467206060333	0.03346961022831269	-0.0030040518550145633	-0.010689801723933136	-0.010367783022822742
0.02178998323143988	-0.024740791270835998	-0.006143341762361283	0.023900044183258723	0.06650917698010465
-0.018965711448136465	-0.008847669282772273	-0.01473324436983948	0.024366759973514063	-0.04500265239111497
0.007540618199032243	-0.005210140269268951	-0.006391173579277107	-0.015044656034570432	0.017941239770860623
-0.01887454036563718	0.011382648565050937	-0.009852051317056552	0.0405296722887017	0.04802251385379756
0.0012620973465431017	0.029997814117453128	-0.043477503622660306	0.029233708265279434	-0.0012954532460993928
0.016809585416898195	0.029884302290772678	0.038862310319290945	0.02035450632821316	-0.004515623704486604
0.04013537012455909	0.00417162018635637	0.0012640492452779513	0.007554969526036782	0.0002794409551940052
0.015441986074542436	0.01141635891429046	-0.016888967381179117	-0.027795337988466666	-0.004984375901186139
-0.020492574843902024	0.0003478383668666877	0.018586171816701604	-0.03655545208264326	-0.02400109909236093
0.02837329969889859	0.032211935395523604	-0.00673528942470764	0.026989723036061238	0.007818064115884826
0.01576527506872947	0.0152865078819872	-0.005989520310517827	-0.0007680938934818598	0.022225200020778785
0.031802393630661	-0.0002455037633178627	-0.005312052168674869	0.012797121628802605	-0.002896621164771072
0.04912315291116106	-0.008025198978129576	0.03180946872273533	0.009823711228417232	0.012192750021842681
-0.004196192853303464	0.03339406046402878	0.010100246646008832	-0.013259052724197081	0.04189174467364489
0.010592092789276971	0.0347377183819655	-0.02491416634258719	-0.011769582497090017	-0.017667709189640425
0.06018474132028142	-0.03476954230129708	-0.007563778520076427	0.05624879721517932	0.006543898174199921
-0.0061522513622902925	0.013622646602621217	-0.004338529236675187	0.007023865256549578	0.015196732476693304
-0.02561227139180096	-0.0006719716148842958	0.007974185915110095	0.009787638848927395	0.02724249960197875
-0.0034902094072230723	-0.037563903133631296	0.019609357891643878	-0.004201055886511398	-0.015901330012369562
0.03045964513451787	0.00020130907401800374	0.04373476267734249	-0.012959298763582568	0.012029415592960767
0.022150005703032445	0.02147491642054861	-0.013874022115264137	0.03806021092696009	-0.00465923401315263
0.023395960369613687	-0.01456802865683087	0.01525228968320056	0.033261945995959115	0.012199831491833294
-0.002872952337615791	0.005033849366295737	0.02363498867363564	0.013077374952004624	0.022254495004184863
-0.010093006338190201	0.03921246359170023	0.017806361484102355	0.0065390404974296976	-0.03064333456438114
-0.02229939843922574	0.01748501009302062	-0.01368460637292042	-0.013933360322360335	-0.0002584065487305316
0.044435842884381314	0.024563251647466963	-0.005226052985277831	0.015553397629587263	-0.0045657947133877315
0.052866398062171964	0.008450578217566241	0.012666996931471556	-0.003646446884944595	0.0042444728685825505
-0.006674225432655675	0.011685061439256926	-0.010461809589540199	0.003871264999740164	0.0032080891392228883
0.005093965061856805	-0.013060082843052559	-0.005045350887661921	0.031243119034618714	0.006225806440493451
0.012820956747409778	0.0393990104345555	0.00996461431267763	-0.006151258843778601	0.03441212789272269
0.008119558806108134	-0.020472892720953782	-0.009730343060001468	0.07397739996653274	-0.002880264976281784
0.02617873076485811	0.03248481834193818	0.004065884913430696	0.0050724991313611184	0.010964265005040202
0.031957136031834386	0.022691396439434016	0.02715172926252732	0.01169101614216881	0.020343764351465107
0.0011461517844020518	0.03042264691884668	-0.023225347008516993	0.004737164612527082	-0.024013751341854968
-0.004804606223059609	-0.007109194881798972	-0.019959058311566392	0.03849914290647894	0.028738495520596957
-0.0018136375237053333	-0.006204501512607924	-0.018925142753464224	0.007015472324388713	0.0076226513412726415
0.019898649776794865	0.02171182106196036	0.011699130149605894	-0.0048556477663590876	0.011569821398629805
0.05919111190972046	-0.0033993586722266206	-0.022062255010119543	0.01236127291711342	-0.010731578541854705
-0.023471033006790654	0.010139430831684004	0.02327343105975266	-0.009350190605220578	0.009794036053154792
0.019751552815441976	0.007209176092298732	0.02358129903087744	-0.0256774688742914	0.02715232717358532
-0.03013718931007336	-0.0056573104199894595	0.0018940667985323633	0.014654782871806115	0.02477756489243957
0.03801657828007717	0.007417160351867941	0.008757320717717256	-0.023763308061595448	-0.002898829272970995
0.03964682846976475	0.015643621637888294	-0.008057767681472342	-0.040914063835712396	0.0031932883550358226
-0.013357604033847089	0.003609449274482762	0.02855604316619641	0.005377798466133213	0.020289447542002702
0.0378826574030518	0.005947979766698801	-0.012121556853473511	0.00959550969001349	0.007370657048145186
0.03135547236444348	0.0027525603002159626	-0.016883189846367334	0.01817490062237359	0.0036733128144015624
-0.0394114962347263	-0.009809428744176367	0.015318149747983316	0.034253647982313784	-0.008532194203287784
0.03780569867486188	-0.011982035187646763	-0.014856569083105266	-0.03135648998389318	0.010329680455340596
-0.0059227776842638805	0.026284852328868624	0.012890234910843328	-0.0014279130594127415	-0.023099077866724865
0.016047400810556924	0.01854044126281288	0.016515608954814194	0.027910509015270486	-0.004080680047643329
-0.01202520097884507	-0.010015723531845998	-0.02027971798232	0.008152347025274979	0.0009841885762114921
0.013502667164022318	-0.013295127220496989	0.022094481206561153	-0.007866586158172324	-0.004511613688087031
0.04166231088426285	0.0023210837995395143	0.01611024868211632	0.007075910972205382	-0.02421691390059829
-0.025267955108075627	0.037163118794559476	0.0181848894890006	-0.03637128796645368	0.042763767142830006
-0.00672655305939969	-0.03893143880835444	-0.00885747343617312	0.011102445210281062	0.01107218611111957
0.016133917182947672	-0.03591447165554058	0.028523941323598666	-0.012667592028842257	-0.00788032484965204
0.007793434288274473	0.020339113978948005	0.03827317634784586	0.044337483798783446	0.017184735255856575
-0.026932514520854645	0.011896492466792113	-0.0035543955923793245	0.004362253218193606	0.024589386341721673
0.014272712936472531	-0.005103056405234678	0.024999493334289573	-0.010914633094485034	0.03844739745382877
0.01293484678736561	-0.02092872204311699	-0.007895705169247298	-0.024179362366553735	-0.0272047172906921
0.042708928382789335	-0.021042596858166597	-0.0265570307471932	-0.004303465912014371	0.010471425474227686
-0.006750957507112673	0.005831088410959296	-0.0008444232651226031	0.026939702575539834	0.05397019255523928
0.010265442695506794	-3.2961038208328616e-05	0.00048737128313389817	0.03350880733714185	0.015260536138534798
0.015259310434081227	0.008912882483695395	0.02543090854145071	0.0008505383620068963	-0.04805104734220342
-0.010785044505561479	0.012681128973270707	-0.0038842706462640197	0.026035237206826125	-0.01817430845416199
-0.01574904214106998	-0.02072180353822871	-0.0014033103274753707	-0.004969078162178984	-0.011197567681743004
0.01207893697455994	-0.0026897708489688754	-0.0063706056960472855	-0.03775846667068523	-0.03591102755800787
0.02598170005896989	0.04094028877263808	0.01836646504525798	0.008917004985755768	0.010583939756575591
0.014446882621512298	-0.023407659198500366	0.004649303710035123	-0.007434076873196653	0.010022062730560735
0.0021155561486876353	-0.026189027035430548	0.02774945329675856	-0.025828802730526543	-0.004071745443594976
-0.005770138321910801	-0.0071805398908528235	-0.01019842342485926	0.03201604936914739	-0.01376424997354683
-0.05034066897194846	-0.009725044223928676	0.035642580856245665	0.006656822413467368	-0.005115325278624004
-0.013145007883668553	0.03537565391495195	0.015235950067699826	-0.007358916256045792	0.006681490555254256
-0.005709050525797494	-0.017081053264244923	0.028320845746898388	0.02608817603007746	0.03954453707940238
-0.0032448901913601823	-0.024824136143418746	-0.006101216143350631	-0.012382900196226067	0.04576704809066477
-0.016599137507802664	-0.013518067140338224	0.01905185065603351	0.003949379586632546	-0.022929819042769035
-0.030956575798479914	0.001726712832186287	-0.01452110696061125	0.013346270592610728	-0.019851786149927726
-0.008001163078692548	0.017802133106103495	-0.017098391753068598	0.04038204240612764	0.014672199020577436
0.022343491658887982	-0.029298290626562237	0.010398749529599384	-0.01159694779868985	0.010571347773410948
-0.021875868773686927	0.04761868514099005	0.01933529119505579	0.028069997674304056	-0.015685481753515723
0.002270632901893859	-0.01909964508895139	-0.004456796099092665	-0.016027709043279964	0.011498691945688193
0.012860541208198161	0.0022964799867352635	0.01087571481169568	0.0009391779920794071	0.01479939810720842
0.0018742791482039044	-0.02114476638730414	-0.016180411916133255	0.029903451998988285	0.02976552334036909
0.005648982291458032	0.0074484966688608475	0.006540660383333263	0.027897320148141544	0.04520856804629419
-0.01784543027264147	-0.0184090876922959	0.014292507741406474	-0.03375833917530512	0.02593861331641556
0.04026455483943149	0.004778444654741458	0.025573371323972346	-0.0018827033210420249	0.005897441116415762
-0.04173074957542662	-0.007532510704775931	0.050882790437254494	-0.013305542004664305	-0.0031611450903036293
-0.0010310758639673926	-0.014965115859878298	0.036816999234938086	0.007355345586798586	-0.03272050225630995
0.030293174161084995	-0.0035405633255012796	0.011822861980653453	0.05144179344603017	0.04086990095209728
0.004978287685978782	-0.02182305775467241	-0.012467244298646672	0.0010344085500156668	-0.006564277039460963
0.008400229086502932	0.029697383189725937	-0.015123117081086816	-0.027712900950092437	-0.0021776658149211597
-0.012606267349063952	-0.03552461861044513	-0.0006018752717886593	-0.025788271830880262	0.0038052196470753676
-0.021987065952192554	0.0014179130912629159	0.031997407877865716	-0.02606413606905472	0.016394689138358474
0.04222378898080286	0.00611753549697994	-0.021672052517658417	-0.0036372003913029637	0.006310207910138544
0.0248783213775502	-0.004809932594160173	0.030288830231306626	0.0048747828875471645	-0.010935742160592617
-0.019377865664759013	0.00941394007715796	-0.019684980339050737	-0.030496804548190537	-0.03356640085604538
0.02690874889541778	-0.014334164910031706	-0.018207418818266888	-0.015323235801991412	0.00985602156713816
0.022418145429811274	0.01848045626604524	0.02227721050265488	0.027279506298308706	-0.030940933953708078
-0.007095080318918761	-0.0014872350472455807	-0.015991112502738134	0.014839872592823638	0.0018403634636697114
-0.017017509039823856	0.025649364169387588	-0.04631473572168215	0.0001348508155821727	0.005760610599464655
-0.04281478527437868	-0.04429980653740016	0.02355705068619661	-0.00217167895302949	-0.01715101111006513
-0.003952095501486991	0.037078481511746995	0.03274780964249349	0.01049336473284377	0.01672055285842581
0.0201926408430617	0.007357637942647972	-0.014629554479942724	0.028619420766873044	-0.03085141602210425
-0.004996873124950289	-0.02011008566561366	0.024911483536157134	-0.0052692131835761	0.015125891800858902
0.03941005797222395	0.020583691795619818	0.013421911138910185	0.024883630517795918	0.02622117121659657
0.022802340380774725	-0.018319111385931314	-0.005650072631533571	0.04825077009480207	0.016296132471719633
0.01868201636713613	-0.01884319737484874	0.009185715337290911	0.010464863769843152	0.017097281346498763
0.040511849349944215	-0.01545159233028127	0.031299636760127966	-0.013742563705242421	0.006472126484208124
-0.012294112367289911	-0.023053726130424272	-0.0054165258344044225	0.049041987738733854	-0.015876334098420222
0.013118626663403667	0.0032801140190029474	0.04562225972494908	-0.015088777289324791	-0.003849282176197978
0.020264133814620472	-0.039270443087025	-0.0011334187144833065	0.021269698922715248	0.031247344920105165
-0.004267008424017885	-0.012019424597843255	-0.018993171878803485	0.02217109423343379	-0.0016933777884853053
-0.00046781725590082455	0.0043988006730879565	0.00938702476955602	-0.018725236156611928	0.00430963525792199
0.02013091311948841	0.01837104692983721	0.008200414031688889	-0.0026537280166283317	0.007834634561059328
-0.024187278501865896	-0.01855294268852907	0.013566040206642795	-0.027003590054657727	-0.01364235880991392
-0.002187196967174683	-0.005284275873086163	0.006962753536903832	0.009276478040756635	0.04932198544665535
-0.030753047954939987	-0.020498929383687914	0.008069952233882412	-0.025560687076446136	0.017676866558403982
0.003429048656724104	-0.03361910479866844	-0.03407678392887426	-0.01936954946869886	-0.01335411271207531
0.007500929788707415	0.029710931604560956	0.01939684857938584	0.025814885359556585	0.024207051826120977
-0.0010758720281022656	0.009940081223408488	0.022414081462757474	0.0008936426375611515	-0.0018686943460576007
0.0018292514992318785	0.009087498041409485	0.035983981366569356	-0.0032901824927291804	-0.002491218241460383
0.026017438912331332	-0.007398700087922391	0.035727974245521876	0.03339975031668465	0.03831476289702744
0.01583799360306891	-0.026402397312492755	-0.023958854013356956	0.0015720002412211755	-0.03706775317919621
0.038336136546844375	-0.027144821789648752	0.017138134354202524	0.0001483159824945176	0.00731208020211151
0.007633837505052862	-0.02755212519292853	0.006788396265513679	-0.020764952136632868	-0.002823297276757491
0.02421814120692275	0.028230242262337234	-0.013762864266250861	0.015972022718828457	0.03931914981762997
0.003601202101314557	-0.017052926691445418	0.024005833998007958	0.009728547351343408	-0.03937944527155479
-0.006870134051463783	-0.0281334472117089	-0.0012890465532020938	0.001972611090817417	0.03108647206540902
0.032193387835839624	-0.012013831799732392	0.01136157431463217	-0.02875117532245337	0.004213972199821088
0.0016696567117184622	0.008135802844888896	-0.03718395910981025	0.028982460026341673	-0.02832163118726575
0.0004433652150618655	0.003293077395449314	0.021560015797120788	-0.017052223179051626	0.0242777828832835
0.007164144139116068	0.02198295704343343	0.019718707985044333	0.022429093353711658	-0.03335438821235691
0.021449353080961284	0.018922050316274152	0.02412446253658602	0.017074129985482894	-0.009684386032774099
-0.005414622669043668	-0.01241387239260524	-0.008165942458057872	0.016045550428355926	0.032860791233639226
0.009742159436807611	-0.03525133517657714	-0.0007086839879507645	0.01385830611481276	-0.008584934472647979
-0.0054770786133149455	-0.029021161032109555	0.020559532200723818	-0.00016752217673120804	0.00789938146575101
-0.012611928649953716	-0.030749795839190856	0.017445484538501407	-0.04173145055322852	0.012060459612601767
0.034400729030216445	0.019502808085685393	0.011421434015441165	0.013328793784399676	-0.021953473040648607
-0.00930856207117899	0.006000945615896246	-0.03234960195205877	0.04271914397493525	0.029198046697561875
0.019344768969280786	0.012139351688987669	0.03883551873932305	0.009104942921661426	-0.01424359392628167
-0.0015224019839092948	0.0036349952741083404	0.0228184676443638	-0.0040709198124408656	-0.0071358298113691765
0.0024631478582793557	0.011546507320094407	0.031231384334501705	0.02056689777196657	-0.003673441570909775
-0.02083120831185535	-0.01598618480660944	-0.003293202248583094	-0.003444004915928129	-0.003133956473650012
0.01673517037489297	0.019639227978810347	0.0001739899003235755	-0.01936014632281787	-0.0016067860781252153
-0.002968006886431302	0.005042301548292396	-0.017649648650521568	-0.02270541030908383	0.0036613322454079594
0.031090385015637642	0.01444709582975886	0.0034915027853673437	-0.0076095673097125015	0.02793751735949048
-0.011068801994235032	0.03707735005525015	0.01950413568596827	0.03733692397021197	-0.02399982898011057
0.004117806577942259	-0.020634110461742933	-0.022927975705252946	-0.049560441055699525	0.013928023284202623
0.011513206965868834	0.04191278187184759	-0.007874478827186374	0.01192718867822911	0.02575876822123181
-0.017854997548942528	-0.0012250033094666508	-0.019005741762862922	0.012409703224008233	0.019354786877326557
-0.009510559591748222	0.03541741889125518	0.027987217050264794	0.04369083963866619	0.01669109725253637
0.004188190984036543	0.032585313011003404	0.04716313065972151	-0.0044151267790334126	0.017169609698540873
-0.004055220589414819	-0.013995808989715508	-0.01897417588817389	0.01784277155718356	-0.028506390140750938
0.007472809848263927	-0.03497957176305939	0.03952682189162956	-0.015204327527734802	0.018973586230273096
-0.011488551190310328	-0.001505002506517494	-0.003718430605986263	-0.011627434244187712	0.02497898109989867
-0.01312664086733524	0.01950548902704715	-0.0033757724914802185	0.012248957749623713	-0.004107190483956991
-0.005220241259038137	-0.00014425692170941164	-0.024442772345777086	0.022021443793674364	0.029392408243071388
0.014993657008009144	0.006300588570129207	0.0025599830201460108	0.0219383096144701	-0.041013852699514894
0.05743653002123311	0.0032980482639383057	0.021977306558526373	-0.041192646561999856	-0.013097151792487972
0.01614540479897307	-0.016159311321404562	0.000634567581840863	0.020413147333025433	0.02330975105726509
-0.002074175001197761	-0.04433033441930754	0.015768952660528437	-0.0046042920170844305	0.030631789170972517
0.011937853845622551	0.019595618185515074	-0.020064510439130687	-0.0038434482837262952	0.004968006926942768
0.0185641574573977	0.016464363141251773	0.0023495897384882324	0.013316687449272707	0.009477737059602297
-0.007799829521802213	0.006634922928216028	-0.013605098553975455	-0.016149825529830072	-0.003981420504387583
0.00590226620541837	0.014372618317637215	-0.006737362766805033	-0.00950482217274062	-0.010482061106251349
-0.004602256216722079	-0.016602996156699516	0.009233593512653309	0.027699329755125176	-0.0436968118602648
0.03743918024048063	-0.052269778357554066	-0.01058360867841673	0.011209555238894255	0.025047492901346752
0.029035627835473855	-0.010283670312051511	-0.010495993471080616	0.03068027893526417	0.009315384555540604
0.05020466429128634	-0.021143695148457056	0.007236523707525878	0.0002108466388972257	-0.012344963151233526
-0.02029385191060404	0.0015227003339262817	0.010095618346768552	0.02401610394322868	-0.022447987651692716
0.02088527226618169	-0.008708942907442277	-0.011338279193535337	0.009021370243508511	-0.003964060434683979
-0.021454632942098078	-0.010761467011926542	-0.020853596051656133	0.028672209758635478	0.015672224763832787
0.007826323935980876	0.024847928485778922	0.002944564602994005	0.029602527744486816	-0.02004745969942226
0.027193598492113155	-0.003180869496718133	-0.027562894341987734	-0.025369204217508396	-7.181420851449941e-05
0.0022790403452082053	0.05972212488436284	-0.023886844674495422	-0.021837330885375754	-0.018576637190745534
0.06079029435854284	0.041511430164713106	0.009465211103740092	-0.006533868381308604	0.023334467688879038
0.004427637973570545	0.03797700950682463	0.026873684392364237	0.020813678717645924	0.019960393857240907
-0.02135797255971142	0.054518500871627136	0.016751147580104306	-0.009712563523482622	0.011514570671496497
-0.01003108904530927	-0.025210599968754348	-0.022192865461435413	-0.023330387753715244	0.00948757350071759
0.037908843414629204	-0.013556733666323479	-0.036200337320832526	-0.005381565628187214	0.03399557153909049
-0.0044901386981698425	-0.02001865813634728	0.0072987618772035225	-0.007142859758728811	0.011405674846870762
-0.013510328840690172	0.02939646413237637	-0.004102999895137664	-0.010335884692810854	0.029701290715442807
0.016468705631951984	-0.0028535397735594105	0.022821028399795117	0.0022393827597039628	-0.022037088973082014
-0.020460972550570604	0.007140992404103891	-0.020027613198663703	0.005366608274011409	0.005921816113455489
0.0063834034135272924	0.0069408636379383395	0.012981291017823856	0.02376253615656391	-0.005153256806610829
0.015328563365818603	0.018937520444834773	-0.024269049619956067	0.02602985310665491	0.0005397244440531639
-0.007937242688618423	-0.018392943503349544	0.041290728064700966	-0.004110081839426412	-0.020406828556339948
0.02313617889919278	0.0072323737585193995	-0.03718541539088723	0.02425083987170504	0.030925045529505243
-0.010985995873598038	-0.01917700757014345	-0.016031953141596066	0.014970360364457992	0.03098585179356925
0.006991090956688328	0.010943393596848101	-0.027155948599346467	0.006515747571024434	0.009074494816795401
0.009751824715394762	0.006701854829257936	0.050419789877776	-0.015241028240766069	-0.015406991297184213
0.012130113422046968	-0.049415261580733186	-0.05747735352168219	-0.019127588984207487	-0.020568238699589157
0.024374695935931206	0.025386399724120923	0.009294258253627743	0.028116484490633142	0.012361680925759708
0.013091820087672403	0.004865649990051862	-0.02223990757996072	0.004164080992183644	0.017722414553104165
0.005626897661426304	-0.009974013378291041	0.012111293462675615	-0.0005159637983330684	0.008470167205380123
0.0003774471490923248	0.005597371878587956	-0.013517485980678569	0.028843709621097467	-0.012358590251652164
-0.009005221150629513	0.03871939615153404	0.022409266956794228	0.045285747161406154	0.041957402342448394
0.01853134629032602	0.016108587439393803	-0.034990020319483756	0.016941318909249162	-0.011396864615488396
0.011689209492296664	0.050554859420341935	-0.006694920434527641	-0.02768815557814126	0.00798735157098793
0.0008377759140637806