UV/VIS SPECTRUM FOR UNLOGGED COMPOUND
INITIAL_VALUE = 350 (nm)
FINAL_VALUE = 800 (nm)
INCREMENT = 0.1 (nm)
0.37734408959391114	0.42073142739878594	0.405164266647479	0.4007422339189408	0.3869241539592764
0.36760999326339405	0.3730275833387131	0.34552490125621615	0.34749493192806824	0.35576657076203133
0.345878359487957	0.28652909901935647	0.33346316761991734	0.3595988271628275	0.3150863459985194
0.3201904195771529	0.3085925887662647	0.27217750725062256	0.3526109983463491	0.32601766395290416
0.2792412577809634	0.2988962364472768	0.23536481742322748	0.27039702362446344	0.2703898628876589
0.26063096130169267	0.31945280810433285	0.3117682023455629	0.2804092866627603	0.283725871764283
0.2608196174277445	0.2975573332698527	0.28988521834037906	0.240169010655747	0.2753003552779894
0.256716733968086	0.22880412146531182	0.24323959414288376	0.229416932160537	0.27470347231739584
0.2500947738093719	0.21254019589786607	0.2299889280517172	0.24059186513298972	0.2308317774073217
0.2335282567314991	0.22157459980921426	0.25520326208494454	0.25922008233738203	0.22629175680851993
0.21912026412461874	0.18900311332918027	0.24115322143844753	0.20741467531705668	0.18818877428761344
0.2688587373183429	0.2133089518560877	0.1929055464094476	0.21662510187539713	0.21101172038198424
0.2151563441628697	0.1743776543563903	0.17727431407029792	0.19832068980200573	0.2347396359768869
0.18393242569821347	0.19609701413075478	0.22290091833029937	0.1918180325201819	0.1955186615405949
0.17911378934583463	0.18084153988152118	0.1530488907749448	0.19192702474384699	0.1778008668822133
0.18193200663105422	0.19353386133250922	0.21941781885484607	0.1669311274830067	0.18276365106129788
0.17810514174819525	0.15298789121719908	0.16041263050589766	0.15801812783954564	0.15993243480707642
0.15213982497587722	0.15622450019340214	0.1485912734556912	0.15309243258353677	0.13675556452868085
0.11392450092542426	0.1625064508038163	0.1675547765307044	0.18433215517381618	0.11487504146626347
0.09930746211503677	0.13061212369345554	0.16840385421776813	0.16852483524034692	0.15064560477234828
0.14970096524608836	0.16504393509413923	0.1495745371744462	0.12411906332098525	0.14262176069617633
0.1576223270694081	0.12260226968830382	0.13492852374118197	0.11196347264116845	0.10981209239819234
0.13571152723104604	0.17704972225991314	0.1397884793192174	0.15209113717280145	0.14727028731357825
0.13670222242418945	0.1441184631819037	0.12886920866469947	0.13880508842416156	0.12851835583971943
0.13066259844601616	0.1316079395027763	0.14525526063452654	0.09332854845957397	0.12693364295929055
0.10486903858828486	0.10775415610179502	0.1307541805063961	0.12661929279078898	0.1435389784828514
0.16839621630923485	0.11027332097699474	0.0788037459519596	0.133416860174557	0.14041184827430456
0.12959294950541286	0.11522200757371492	0.09382930153137227	0.1366650792229265	0.10793676269605183
0.12130797099748854	0.11528357561624498	0.08236689404221295	0.09331403824013611	0.1306812892438397
0.11512007496108112	0.13031373177819594	0.1611098841187443	0.12159803249497918	0.07397500897450551
0.0846030703878818	0.10791900737945281	0.12855290978878925	0.13779915398833248	0.10842576977259562
0.10240512623415311	0.11723876181641502	0.14159380354394857	0.057688068056558815	0.09921030988111039
0.13833207725447783	0.13650010701710508	0.10577488853979215	0.10234457074783745	0.06798855215826591
0.08711946160749265	0.11533494960511043	0.11091583178469958	0.09850807341455753	0.09452479016594417
0.09700047227737756	0.12228788435512493	0.07915358534721159	0.07386812586405686	0.09205013558105708
0.11489812504471811	0.09377055818593591	0.08749561574636804	0.1141159622490592	0.13561059561865518
0.09243582114676335	0.11257010935702444	0.09591255689339594	0.08005599683168162	0.09744880469819464
0.06264074626587482	0.11007082382893764	0.10292521813835137	0.10615803802920418	0.07889287960506397
0.09820678571995087	0.08289767066181902	0.11855174606120467	0.08261347095465932	0.10669229355429154
0.06745633025377591	0.11675910529120487	0.12310497857954059	0.05515504785528767	0.07349701139403739
0.08377801130604369	0.10336272961464107	0.07798968654082702	0.05224948970316795	0.07607114832950337
0.07230340463070833	0.09124207986353432	0.06453034816742097	0.064088483674025	0.08887414992367369
0.07309499197729381	0.10431703383108834	0.07876953063929802	0.08547885973905384	0.06471676724710022
0.05045039804493594	0.08910916740735014	0.07181156457099132	0.10175758760923329	0.07136032800573569
0.09034394123076205	0.0942770687907801	0.08506102703448162	0.0730812638163713	0.0693701793654752
0.09702036581431132	0.07094920448233002	0.04294399059386691	0.07734385835145952	0.04432807137638331
0.09259657692371515	0.11365583112519877	0.05356188788047669	0.08505319557999193	0.07862550178788223
0.08566504917254628	0.06037324974890142	0.044752975837885976	0.06743968765347466	0.1052240227866632
0.07520746106370853	0.08382529785263186	0.04638708625366709	0.07949000374589815	0.0546173257252922
0.05898319784730585	0.07120477216629023	0.12175692512830931	0.036170828465291516	0.07198358151718837
0.03344387488804625	0.07654118504983176	0.06962343127930506	0.060129402214330135	0.07669890664489981
0.016684206499976074	0.06139647398241531	0.05115941621215408	0.04935385754709289	0.08616971567056281
0.06654739646419987	0.06301786999950237	0.04055432261692328	0.07476791379532713	0.044678841091240026
0.0939744229449787	0.07505719630361662	0.06348201852060566	0.0756489375270039	0.06857129227516119
0.02465745076475337	0.04831091528103765	0.04949799899959464	0.03596317400250981	0.07390266975404194
0.07262641398251811	0.06740670979126705	0.04535697628772515	0.03534229435561197	0.05749929450808509
0.06026077946344257	0.06517773447094644	0.059669860432556246	0.07790105554892449	0.0708320666101607
0.0832103791717721	0.08114199115931721	0.07666926526165271	0.05594146929974772	0.07697944953758211
0.04958347647875399	0.05797829649471653	0.03942698851516753	0.061413372928102256	0.05201376037037642
0.07198785446746238	0.09923555414595936	0.06691654264734473	0.08205809772812228	0.0794360956285524
0.05233956229778403	0.044802506466033086	0.07559643104077031	0.10214342522017945	0.0375610738529983
0.03379407571013658	0.03961572123648381	0.05134543883274156	0.04282863725111886	0.03335833015954958
0.0754554460138022	0.06827815173283923	0.026991449495621177	0.04277699955258964	0.04412750927389761
0.06043527607508956	0.09954782690104272	0.10052851650435904	0.07919486674347927	0.07659464532419392
0.0668668596408742	0.06921926196547439	0.016162568098110563	0.06371912502806742	0.058266225518437915
0.054087938314661445	0.03139018945407001	0.049886054062921355	0.11037346221544193	0.026836173971390206
0.052424158405361986	0.039571593663456715	0.05414097732214875	0.056024262917181246	0.06181023525250988
0.09932015973090048	0.05934262564424462	0.05185042794439479	0.013576077723882031	0.09671229463214558
0.061468842503367406	0.0376733310382189	0.013112831679476576	0.03987783614875448	0.08207986602537258
0.04310595084153579	0.03159528650743505	0.04452923168979464	0.0404463990750129	0.059535119558324315
0.021736919439656888	0.00706983773202855	0.06051430498997347	0.07431836591133167	0.06825028099593028
0.059163466702635725	0.05881902243774048	0.04212472252364633	0.08064173387522618	0.050863544646821635
0.05994332379322	0.08175494808590392	0.03229254804340335	0.06954935382278216	0.04800176901179229
0.02922778470961095	0.07207354508805774	0.04657414709492422	0.09178818517108647	0.04239955449472996
0.04583257319408059	0.07445037254447126	0.01629705678459552	0.06377862559043608	0.1039781354351391
0.0576305759793687	0.06479357048918925	0.04643218314181695	0.043240398456444895	0.03516108065350518
0.04396220352655095	0.062182515892717956	0.05172527841585464	0.07662446055620341	0.04662727736827396
0.0605943341349771	0.08552731889506296	0.027846287698495772	0.03252846465670303	0.02502340721067005
0.009827286119319467	0.07384721021606491	0.0690270407461593	-0.008344936541179968	0.09272930059836909
0.06034798645075687	0.06487934997097142	0.042498961970098906	0.09653196959972715	0.051129356797489714
0.0438578341366633	0.06948085594142978	0.05262113026916292	0.057149945775919996	0.060791228437865545
0.06149452709353941	0.04698704125054802	0.046087367635358624	0.06163071092195255	0.037816282587768986
0.0779426204366301	0.03260913010202243	0.04564122600663787	0.08738465920626245	0.047250656316935646
0.05191776726666415	0.013574735517640654	0.029228718612636945	0.05154860941321708	0.06118392343985363
0.05228677328561866	0.030835837912170753	0.09262740503981291	0.05879858262682217	0.056878259041768874
0.02707824665254556	0.034905306347383265	0.01328472264030381	0.08309799363108267	0.07287848441392904
0.06505489066627469	0.03251856866687222	0.027741718691015355	0.04478166031384278	0.03210039330860361
0.03721617770353517	0.04058269399130161	0.08558089043645392	0.05177896243011168	0.0658750386639657
0.05188474851339619	0.05697199433365419	0.009827462007570634	0.05581349634334566	0.04410350514930509
0.046539254127396706	0.06581627810089928	0.08781969592884394	0.07412442473884458	0.044214660230273706
0.051169560678498205	0.03494229520964806	0.0328184744521986	0.015207275806930258	0.023653098131800606
0.03410662089249964	0.03733605156533753	0.048467345235226486	0.025015138243858495	0.07493499855286309
0.057372955460522644	0.02861569148877379	0.052156628723747954	0.1165078179841445	0.04221288117203173
0.07595965330426441	0.06697680993050498	0.04313940224463725	0.08126051135661379	0.03589329296549391
0.04894328876261163	0.07199753865359798	0.04048474919626464	0.030322917834455343	0.08831909950078945
0.05318771409316085	0.05114168619239784	0.05622710103174547	0.05391289652978007	0.06435738400466742
0.06257999424683766	0.06493512209043349	0.06683848170042696	0.0586964480979437	0.02768050442923798
0.03541199977903029	0.07134916268736602	0.05547406786229164	0.0818717278153425	0.0764786338869855
0.0596553562857037	0.04548097488363949	0.05560299444484138	0.08277785213309885	0.0330189695388544
0.05321453119892817	0.040763682660794796	0.06992763758637792	0.07306641517789715	0.027169405974574228
0.0399838743661204	0.06510650351883412	0.06119423036788246	0.06884837228406336	0.08428251301185058
0.05110505037389856	0.03995536843675092	0.061047072839191564	0.025936212952162186	0.07652113592558635
0.04792510438524023	0.05661287646384	0.05104942764879739	0.06809436639206586	0.07600793741331878
0.051472946024126796	0.07234092279769523	0.05911024903711176	0.05340825576619969	0.026962144886983265
0.04246391564292103	0.030628956462393726	0.06766665254130616	0.029641794118215343	0.032019513486234816
0.026837395253125455	0.030780297878167544	0.029610509706916102	0.11483293869382033	0.07370162015275508
0.04798477368249328	0.09244054555683029	0.06712037374732016	0.0355741881051847	0.0590761700120724
0.040882129610145305	0.054113541522463615	0.034080064868486096	0.02514960781955991	0.0484751812484576
0.05491702117418268	0.07022822095777143	0.01646759041308733	0.014879288944636764	0.07773098320687617
0.03412155660399626	0.03538212384835827	0.04089356373548598	0.01729023806326255	0.06610180003454563
0.07829814653380392	0.044531795818026486	0.021976728970185076	0.04858699806965029	0.03450278143414347
0.060411221619700146	0.06826655961925347	0.013564517087203971	0.015858720624747247	0.0029561962530993014
0.06547198383658927	0.06741507484477881	0.0748599737595276	0.031014711622223606	0.07519738454814433
0.02373001369426957	0.04805147178303928	0.01651655504985807	0.030320010356186887	0.0429162825839573
0.07603680784001057	0.0716901252720961	0.03489887034304998	0.061365585459136555	0.039781590865294994
0.054355895382287724	0.062090050274280946	0.057956410397650426	0.04666463338460677	0.05397059237686787
0.04525578012153171	0.035443756136764655	0.04343711229403413	0.028979105796115123	0.10706134059827346
0.05932962249627899	0.060148148600805224	0.048055328143233676	0.05785893704604737	0.03508920079889662
0.056702205126157534	0.07481858112636829	0.05327488769335702	0.06406203736892463	0.027462231863548292
0.0621721279720308	0.055461684547129984	0.05319784094010434	0.04881622708347695	0.05203237809609674
0.07662644363678837	0.06674566084635736	0.044750104279814365	0.041527760590707966	0.037677051232850915
0.05080241796260432	0.059529227609183125	0.04079212927905632	0.018084892827606277	0.038310750928338855
0.06303942720813994	0.10733638642812898	0.05150041891081559	0.06472898563788393	0.060874025560395915
0.028228663866389753	0.04091276277039538	0.04745195195521748	0.07123184006174099	0.05264958065454707
0.07140141715783158	0.024037979263352653	0.09862025049234342	0.011299715665720241	0.04839334322799169
0.061340753371048384	0.05716297159895175	0.06031687589591687	0.08003264262670125	0.08730247643601803
0.07179491954917139	0.0800651370280076	0.10590912883418012	0.048514822274804345	0.05800382195070805
0.05837149816843071	0.0013755198266315336	0.07527745695675324	0.06987618527101813	0.060002468283370226
0.04916851416746697	0.039253154555251114	0.09815088243735766	0.07012761901398877	0.023466442756018842
0.07771400431067671	0.05650780708699244	0.08023954213960012	0.04410787024186642	0.05915128049843191
0.08719706648477464	0.011175106549824003	0.03227094196486677	0.06975261803998546	0.08318689888471326
0.06057080846797258	0.08884474282467711	0.042952033373868166	0.07444328117779893	0.044812755149154546
0.021154759782638373	0.08326654769819004	0.05563818242162804	0.03142285848702589	0.05268739055156836
0.02178971241105977	0.09226700289499805	0.031259183020461136	0.039011097418527034	0.06537582458115218
0.07917232438264887	0.08945541230091617	0.10071599323836314	0.08055735396300893	0.0724771729481449
0.0672228851294142	0.05346198362077127	0.013922650810216581	0.06955321743661316	0.02022228314104797
0.05305327083227919	0.08433829382312333	0.028293212986738713	0.05132916845566645	0.09236569876706274
0.055125129456066346	0.08885670193203198	0.04765704835197475	0.04913823418853103	0.056850533375055426
0.02950846791182441	0.044159556275395216	0.03626385274412448	0.10088242681533245	0.02514511827765414
0.03802688074845024	0.08362022689151972	0.06483158211941517	0.09091669308209925	0.0276630057239112
0.04284273331772184	0.09847879281336855	0.05293625889531948	0.0707732116120505	0.04023464062914949
0.06201275773016123	0.0885214554263193	0.11390155532194617	0.08020484400153952	0.07975617878588383
0.0991113453903479	0.018005370259485946	0.047216547700044575	0.03179911297502862	0.058352051818610515
0.08648715121088725	0.02553106017812644	0.03095412565740084	0.07449080822703444	0.05765780968379013
0.035768503049366955	0.07865261664780004	0.061442289755428335	0.045082870570847276	0.047748696938064154
0.09044208692681335	0.055516134414756356	0.049602874706397765	0.07950863532079386	0.08843900557723303
0.02435703827529658	0.06867317445016148	0.07950522429865356	0.061135549097226995	0.09487836630949585
0.059352671555195906	0.06545591042225704	0.07976623694069145	0.09668744774383335	0.06697762885087914
0.09678908688475134	0.0666417715128694	0.06137769283376649	0.06157211307979339	0.018746107748992945
0.047191134932977497	0.06941217915641257	0.10838889073805841	0.09849178780687848	0.0314586900470243
0.05951692795389937	0.07186719192280258	0.07268382587755302	0.07756982379183863	0.11390262135679069
0.08067722411988004	0.058986919273129185	0.0790212598068293	0.043051040061249324	0.08792269338521605
0.061798897384250824	0.0916068862143989	0.11289521196876715	0.0975275981821725	0.07541303122711593
0.07494273203045994	0.10333036130601371	0.07371940457380213	0.08571147463487251	0.12317705688645672
0.09132887927079608	0.05474511277247465	0.06509365643777598	0.04155059553233049	0.030016832696544815
0.04603967380209298	0.09262351463282952	0.0789823022474272	0.07173039707488221	0.059445055945365595
0.1275703713972232	0.05772933005916552	0.06689487991068047	0.042411387160843556	0.047912010961601734
0.08443944535849192	0.056262254666476254	0.04464326209987774	0.07272365617109344	0.11434848475056318
0.09241395876087335	0.0708910471613631	0.08454416300512593	0.06906851686784156	0.06549573995032612
0.09725181922859934	0.05868390981829806	0.04599387768696195	0.09660323073627464	0.08350630322921816
0.009395289652898951	0.09627149668171181	0.0619317310299169	0.08703094994161437	0.08199248135405451
0.09538800506499209	0.07540511778669717	0.10088562994334295	0.10170742034594857	0.05371289909836929
0.07983138236247216	0.03767511111011818	0.13659209687579513	0.08364736159258172	0.08117588996574988
0.0632477420148186	0.07118750527632574	0.05967255290261222	0.09971774601250001	0.08447371080846323
0.09209999446284073	0.07472131986121551	0.10506088954625688	0.021438285687833285	0.07143554556786974
0.057039486641824434	0.04710779100535237	0.12367961331326863	0.13134628589325656	0.06566530605263582
0.09129050155335265	0.11518501923918369	0.07255906376257693	0.07507125623683675	0.07002717149784832
0.08799585784496954	0.11111030054187072	0.07221239269378406	0.13525932614972738	0.09552646596954303
0.08833301303837907	0.06514519826096418	0.0658829496321826	0.13861223719384602	0.1110951466898856
0.09491743079251218	0.04268067373951665	0.12229953769215847	0.09832863886061448	0.09066113617573827
0.11363994736481137	0.06274626568533431	0.07372586219159999	0.1266996980488631	0.10378458581692525
0.08676158721469819	0.09247492543936398	0.09253263712506159	0.11450365364723462	0.06762238801546104
0.08986690160571563	0.12779316805886554	0.13455806958458139	0.08136927773768711	0.08977746797870938
0.10756084449264343	0.1069329628252946	0.09674488776254415	0.10489621641658146	0.08256502622728498
0.13018049693786485	0.08845949432339943	0.08388078366021552	0.10294343421124987	0.11823635874358869
0.11469368239187973	0.1127242952504656	0.09428438594867096	0.10457654315626685	0.10644053269434212
0.08923442375684852	0.14152113518651047	0.09770749597050561	0.15057987080867286	0.14054611031567893
0.14226731340677226	0.09115353481845863	0.09096231284453053	0.07341038275311859	0.08257436395684586
0.099412121670588	0.16343045931284655	0.13632375736245364	0.12118225044319383	0.13634739608930976
0.08480505829836503	0.09801636450327995	0.10030302978448402	0.12824742012927928	0.11686791730158104
0.11331852331888526	0.11797242148607039	0.0937258320621325	0.12711303230847837	0.06343277714903896
0.10151717600836511	0.08905744118152395	0.09081525232379328	0.1371186787147934	0.09830589719735969
0.1103810393228787	0.1438878672555825	0.1056218622659931	0.13455194260705186	0.12627787993413264
0.11563113814048799	0.11103403128777342	0.11678511647155003	0.1572149233781525	0.1294895839419403
0.1132056821439279	0.13117107892799376	0.15818120295664392	0.12011440674533726	0.1271220768101142
0.12893231097792143	0.1511608221155055	0.1051906971165858	0.15522719986947373	0.12205920748738933
0.10687387395930698	0.120942667876417	0.16073178897731505	0.145680086813591	0.12724937494476707
0.1463871067510725	0.16355881420175034	0.09701023845791629	0.1685003174520143	0.10973128414583658
0.12600620150742858	0.11531205576265287	0.1465339934083137	0.1105479428965539	0.13928140167161657
0.14461034819319696	0.1492410620076293	0.1677238625879418	0.1893975807618019	0.14776967043401662
0.1624259190195242	0.11951245126346165	0.10123752792386295	0.12784125312182057	0.12564488056517994
0.16339914164085315	0.15564002528515916	0.16516392101660526	0.15421376242672566	0.13155596151367902
0.16921061811399504	0.16315540996563396	0.15344446888778585	0.1387922825233193	0.16537405060294091
0.148936110354397	0.15295077779092495	0.13262837717915776	0.1821456747420583	0.16818638371080039
0.13594879393497203	0.17880003847508788	0.12022745590018574	0.1554904894239177	0.1284670111124017
0.14838391377973362	0.16687269709551616	0.17564123667607195	0.16294613698751897	0.18048351813161584
0.17335144225160612	0.16843252282344653	0.19468938440573028	0.17018649832712757	0.17210735872316493
0.20214055539580028	0.18127983081254867	0.18392609593482276	0.16449078946769655	0.14928489855513136
0.14575751277989255	0.18103612017363788	0.1900133067952755	0.17940976095327668	0.17941615289924756
0.19721667810878862	0.16785503235403254	0.13150825648470246	0.16199008863740774	0.20606519488686134
0.2048921385077888	0.21213445102438405	0.1827672930318523	0.21039790915758952	0.1825815097923482
0.17697970031372495	0.2140328658024696	0.17736516792197626	0.19978709946079265	0.2150448298582279
0.18530175707755944	0.18902792866895277	0.17142696295002094	0.21566697689375286	0.19359328380136598
0.20716547627760576	0.19571407728409562	0.22972633064537437	0.19773803658818737	0.1928551055654482
0.2128427706878309	0.20495059530863752	0.19077416204104028	0.19559961836955037	0.15701677218309965
0.2220811780582497	0.24521722774832605	0.24565349802495587	0.2114687932451436	0.22194508203217608
0.23122732298030982	0.1934170754212008	0.23852834216009686	0.2394977914103153	0.2593477024136566
0.2731083323793839	0.26111125170271293	0.21726590147293806	0.23571037359316782	0.23885017613953527
0.24980064209455735	0.2294839282664962	0.28369917175803416	0.21840263429841883	0.24472454243051847
0.23730082955516132	0.22200229792709364	0.2341982576251386	0.26960805190816073	0.26287609958655916
0.25537042994035075	0.25259114045893943	0.2729376266027072	0.28413030839840464	0.2811164514038968
0.26712913823493134	0.3270308239489375	0.2821679846323166	0.25254400316574543	0.21861740109810684
0.24742715297482384	0.25665567660652483	0.278050262653724	0.2634620909429317	0.28746365358952286
0.2398196818898603	0.2907210587926454	0.27963638592931983	0.30389236569191946	0.2914141216109215
0.30240794445181757	0.3369389821404772	0.279494069178821	0.3405991014396864	0.302705783657194
0.30542320864204203	0.2975346920889117	0.30804740468141606	0.2822486059751813	0.30852343861447346
0.3347581181371916	0.3463089729705677	0.31559475269590465	0.3042851059309802	0.3353545971838132
0.3087470299840855	0.33562971614786197	0.2888202968178267	0.34355216772276165	0.3541575436687429
0.377544956195984	0.33224463734628756	0.346625564793188	0.3469942484792738	0.37641595568518116
0.37400069347981724	0.32891562508467553	0.3374309699220666	0.38250329153144175	0.3375904902150822
0.32033829366732847	0.40296135126692273	0.35598272522034846	0.38294582449080755	0.3733930553117186
0.39665555267579283	0.38220765293044556	0.3951079047726894	0.3918441503075843	0.4157876505676791
0.3870084751068786	0.42396294771162546	0.43995789643259536	0.456684465870112	0.4393564884194756
0.42320083791555785	0.4089478159042707	0.4426618996487199	0.42023873873875583	0.43094361793247365
0.4239416050640358	0.4343172413439861	0.45165421682672957	0.4639645503966136	0.47051718981463386
0.4577556632957974	0.46405155958247857	0.4881725351086189	0.4750703321322675	0.5043587626862108
0.46863580380104475	0.462154646514008	0.4742235247443425	0.4590919254764428	0.5409747396644068
0.5081978382151544	0.5151519935523912	0.528104863505084	0.5364720429671198	0.49743286577983575
0.5532372356601374	0.5321770517727578	0.5372272528004135	0.5042320433980965	0.5382191711791557
0.6064387197566997	0.542635700339925	0.5639128955874693	0.6092341842437622	0.5915753492868838
0.5902593247458853	0.6106612005521195	0.6188642556388841	0.633847027441832	0.6295612446041686
0.638637944898479	0.6399767863828674	0.6062945267037528	0.6292803566671891	0.6060511144339775
0.6659370544594292	0.7012950446372086	0.6620774832266353	0.6513293399328745	0.6384356497128033
0.6694726972992756	0.7192806931788474	0.7024345072330423	0.6908433389941614	0.7148256414417443
0.7215022480666623	0.7568572345943083	0.7722121895552146	0.767777357720589	0.7648804634206426
0.7789076398074958	0.7712297892110447	0.783613626928409	0.813322606201176	0.8219389852277613
0.8181169839643256	0.816319509583373	0.8220560707999978	0.8445993835484392	0.8336833058190426
0.8360534660120575	0.8667578779733256	0.900002484603575	0.8969673725780084	0.9466104522039421
0.9355044193032845	0.9557144710386667	0.9341279973594359	0.9057724895926011	0.9553753670807974
0.9774166493934602	0.9774787148335318	1.023734390971632	0.9855226564165785	0.9951077277311225
1.0421799722027392	1.0444351732202481	1.081615719847682	1.0579356127720747	1.0856030292394347
1.1167048977420786	1.1310347664255302	1.1146262158228064	1.1411847999787441	1.17074209084407
1.192105324000582	1.1804293628038294	1.1871084452450653	1.2424168665982254	1.245037776437046
1.2222872842392145	1.265828962939277	1.2628493894989554	1.3181919427203148	1.2638429556117303
1.3282242748912572	1.2996524760833834	1.3633201627677887	1.3680834757423619	1.40340964406
1.4191198403375362	1.4687141842103133	1.4958538682983717	1.4922251172790943	1.4649624133911505
1.5104227715613157	1.5000604056505282	1.538535022304515	1.556178362676413	1.5572523252664014
1.5978992601935045	1.5849054776961544	1.628963434853661	1.6790866890252727	1.6760941612857019
1.7088608977517528	1.7157095192266565	1.7899867582655882	1.7734734192166393	1.8210093752217535
1.8708216190967357	1.8234562722357543	1.8627638131436448	1.90278785539963	1.8907339161189298
1.918855991517519	1.9790767651470453	1.9793260988151575	2.004753779175467	2.0290268710806605
2.0403269076060844	2.0510406366994767	2.0965034892653156	2.1119185332373225	2.1058265139289913
2.1424778086630893	2.1715263396985445	2.2059492166701027	2.2465046505719037	2.2538866233706774
2.2631194547254347	2.2765945395781677	2.321324231056343	2.3539632568412205	2.3303784771309273
2.3987388330093697	2.412607762197886	2.434251063329298	2.483529295548743	2.4474606152645273
2.504218447982766	2.5048898126659673	2.541451822278525	2.542738938805951	2.5915805439229227
2.585034930644296	2.6126989886303846	2.605603330170285	2.649345980867102	2.6355161612263225
2.677380791212312	2.662856962940014	2.701964795767082	2.7374401466058886	2.752441132881496
2.7155983992763004	2.7664116641875753	2.7600201619473856	2.7603811785731494	2.772389809019287
2.779875003914862	2.8253774167146366	2.818825137692255	2.8010472252106537	2.831349912047097
2.8010926817949016	2.8437933539589406	2.7998722493063526	2.8051827159399134	2.8224831639889487
2.7991205949148017	2.7948381414563173	2.797965923931176	2.811560772135769	2.7894942037067354
2.7867545654686965	2.778580667547062	2.795052946236926	2.7577059495947176	2.7359767579313785
2.770192137653114	2.777481215823958	2.720396324998111	2.7202187485244647	2.6974495518483073
2.7071843218904	2.69080178582729	2.7013133662859823	2.6556068013789424	2.615375444446785
2.6475167558851087	2.567428698734041	2.5679312820146594	2.5532071472978983	2.5753410863819877
2.538805288583202	2.4760064490950393	2.466047901157919	2.453911255298912	2.4312228759213856
2.4044841192484347	2.4214846122914127	2.336476870631734	2.3612811999221415	2.3166425645315356
2.3027899390634494	2.334288104507097	2.2730709267250555	2.2338207637847693	2.2334563108227803
2.181355089850816	2.1674233506255596	2.163080205238242	2.1303226985635035	2.078724096967967
2.051863295804308	2.054810221207923	1.9972625520613623	2.0104126586791042	1.9792176636170673
1.960011256622948	1.904277006120465	1.9305381210773331	1.901065415199804	1.8741508365477881
1.8546692678297536	1.849982153425055	1.7902704852079228	1.785767583336917	1.7733206279538658
1.7061513750340755	1.7100070131137382	1.6902967040999164	1.6582981672508676	1.632802534783614
1.635585416190538	1.581303097328244	1.6007072419244515	1.564460557360313	1.5072965645200151
1.5507947651152298	1.5379960722210315	1.5248699175746152	1.4470913786430926	1.4257751622033432
1.433444031718813	1.3856857397112416	1.376135228093419	1.3959394390416013	1.3773609344600284
1.3273350288382553	1.3443284415297085	1.2947250878688055	1.3018061152750176	1.2802187731592867
1.2738169772951693	1.2592935433410957	1.2381492890230144	1.2135088129488103	1.1954271358210442
1.1497085356873415	1.156975263709235	1.1404478758382224	1.1157183336058263	1.1439896887883194
1.1337959183246573	1.0994498943929891	1.0731139687126636	1.0969863628213983	1.0242087027129452
1.0411208589432224	1.0482953753061857	1.041605807294512	0.9733096090580228	0.9967126163559422
0.9874891592396684	0.9305918483251722	0.9470552581461753	0.9858664567239379	0.9464860623362071
0.8813186330239628	0.9255345011518066	0.8776034355525629	0.8670351497325185	0.8654722840036615
0.8321917430032978	0.8510912578327863	0.8558766410419583	0.8055946254491331	0.8831103652419636
0.8144258584653326	0.7799212871673273	0.7666913192801726	0.7815780469789931	0.7988773669311152
0.7833332777082564	0.7755484857176294	0.7609330277028998	0.729618205716811	0.7118053486624636
0.7002596100529511	0.7045907312230222	0.7259560282847447	0.7257369747182691	0.6962598452167099
0.6978942076068653	0.6840588798318812	0.6858945069980943	0.6956149237522109	0.7010089332597591
0.6288697729674239	0.6631809700989655	0.6625570358797646	0.6209154021813668	0.6549821031090537
0.599615642117647	0.6342907746678176	0.6022058792189782	0.5875844382182424	0.5854410277554374
0.593712519303612	0.5679387560006345	0.5571772100346626	0.5636435994797544	0.5842921550645571
0.5420098392831343	0.5988708498334466	0.5623263602984888	0.5476482383483072	0.5229972440742888
0.5344011078960477	0.534260527950581	0.48253937786577905	0.5568788990947386	0.47311516511044577
0.5269079420425222	0.5200843824992867	0.4813413621276056	0.5015189087367042	0.5435267530957646
0.4678945544845345	0.4973238037979086	0.45321739253788823	0.46267790618057564	0.4446385801483869
0.46299926090032695	0.41095840015109164	0.47407771653472486	0.4349864974268506	0.4509495883291919
0.42955962592638836	0.41811695615099626	0.43503269355512564	0.4443980669818347	0.39842551189838804
0.43039025949049003	0.4120877975663704	0.401887199921747	0.42401075695651413	0.37815181378032425
0.35502144477249864	0.37049549234532375	0.3920208795412303	0.40493563216158607	0.39098500518701146
0.371866640463035	0.3490951030929745	0.3575550069467941	0.3650605080787775	0.39463226589362815
0.359351291386165	0.40749307725800504	0.33635569184671726	0.36786309630488606	0.32385637335193435
0.33810752842395564	0.3409577428805509	0.3428581481720937	0.3211543583723031	0.3170307775380385
0.3579356161857579	0.3362299095924633	0.33316738845592453	0.34676669395498927	0.353312236853523
0.30856312672955616	0.3069500125814406	0.33613823247567626	0.25228387967173	0.3386060426545066
0.3032807934237415	0.2883882151204048	0.3287818898330457	0.322839858200232	0.3203339292256239
0.31272448524665825	0.26626726481798124	0.2520634658991551	0.32241756406632877	0.2899289202600839
0.2618277299576016	0.3112891019186982	0.25906808127936404	0.2808553662389524	0.2914596769689529
0.2793469089193044	0.2833684087409965	0.2959018342476149	0.27728747025036443	0.261386615536183
0.28239022418489185	0.29732632000500114	0.24464189620615767	0.27368064935624703	0.30077501286095154
0.2818106483742317	0.25959566104596554	0.24861902861723142	0.25969434864274177	0.24082161902913346
0.23036033333858622	0.24815418582244342	0.23364746588782637	0.220274185439149	0.24173078922554023
0.2446793151222842	0.2516457641970887	0.2343710143104797	0.22775662164182975	0.20137030872330677
0.19143105003897257	0.22006841370476254	0.19502645862759155	0.23565923685661344	0.21033421389640275
0.23960205387446792	0.18575848591574198	0.22242451871316363	0.2325986679317478	0.19331691613870317
0.21108940175314794	0.22383257552650349	0.1961380383076951	0.21271115079102243	0.2145111526862388
0.2065689662386623	0.20958158375906163	0.1945583699183931	0.21289756159422987	0.22368830414317975
0.1908193231936053	0.2064292486713623	0.22539393257697538	0.19800952159043073	0.21754290437065385
0.1640992304595589	0.207520407067345	0.21919844534624477	0.1773284480072686	0.1580528360408788
0.17075835453495106	0.17534401323147475	0.21159615086180297	0.2122303603766121	0.16711205494625858
0.2280134366213766	0.19280550286896828	0.17864930875635193	0.14580057079214476	0.21447047454251308
0.19231077375863212	0.16166514858142778	0.1496747904322025	0.2096057693174832	0.1332410534202233
0.20182889416830752	0.1877840055789846	0.19470746886786666	0.14251874018695254	0.2066933602348728
0.22767671759955413	0.194478042197811	0.1626739511240339	0.19187238629793885	0.150467988863763
0.13357006493276985	0.1863719563110729	0.146881043593114	0.1716975409457387	0.14356695237627343
0.17605839353924496	0.1465991283587321	0.1513898014384968	0.1777626142624717	0.15378448125859756
0.1572466046956428	0.1394831077884135	0.1757302222927156	0.17022751770419003	0.1457761735466517
0.13716199996406417	0.1388297039513187	0.13730813625835214	0.15933488931129947	0.15513866549368974
0.17187093247396917	0.153820885523986	0.13630192954779613	0.14785815480871145	0.1513314090928888
0.1491019008531108	0.15514101719587495	0.1653687292369724	0.17291957554281684	0.1303624798787804
0.12018713381036136	0.1710937646859296	0.14124993082473034	0.10129241563098369	0.10592284715910778
0.10313416996135781	0.13032886492909634	0.15676627045072541	0.165582803914671	0.11807827916979294
0.16058814881928446	0.10823699206198457	0.10736702510269965	0.13569222576688025	0.14203550579335766
0.1771460021500593	0.16441830351649198	0.1436406628978639	0.11672951188032009	0.136944532446465
0.1041839520025634	0.12461803042785591	0.1369667983892651	0.0770817215093715	0.10261559949441025
0.13846874727236788	0.0854482862415738	0.15954422101368348	0.14318873057250608	0.10762165659527603
0.09321445597059304	0.08471789820703128	0.13702818657460758	0.10696299291541372	0.0998886985168384
0.1395223968362075	0.08582762600563947	0.13988231905027806	0.14491260732519295	0.11698692986682689
0.12204509870116138	0.09239837763600262	0.11155246442193821	0.1371187051338944	0.0641201854999636
0.11475999542603409	0.07295296648082214	0.15641635380141478	0.12887131893969173	0.1191995863258977
0.12851671447621363	0.11048703290152773	0.11611951673017644	0.10908053118990288	0.11760655578663402
0.1341522874771027	0.09563910844924164	0.12600042573015388	0.08821925689144587	0.08956358893637086
0.0909296330225117	0.09058030070560333	0.14347811355873025	0.08443837863375477	0.1075485908807334
0.09441653393915873	0.12577013742701057	0.12598227455647967	0.07603554045159505	0.10547093947689233
0.0843987530811301	0.08771615413536284	0.12109112212665851	0.09740531253258615	0.09294837696429711
0.10259102686177368	0.1278515968548605	0.09523778608037405	0.10393640522716067	0.09834178643731463
0.09689860605000557	0.07916277192105099	0.07170634419736119	0.12519300265476122	0.12063435588632886
0.09717256781038801	0.10044620486873902	0.12117325500687567	0.06988244307214375	0.11456128295634445
0.06564355781415386	0.06252385009221066	0.10968251091962128	0.11306204924272042	0.07363786306530912
0.10522926990391834	0.07598536095197676	0.08181103705628993	0.08325101606623668	0.08491899315272272
0.08301169301542967	0.0863927111696753	0.08550636177219115	0.10045042647885205	0.07727834180224984
0.0975927503089575	0.08952533523928052	0.07964559175225226	0.05641865599121431	0.06921005990542384
0.05935444205551491	0.08626026431957147	0.05283856178023248	0.06927079206340551	0.08404469713705384
0.0740720990551317	0.0761701651858539	0.036839169209228695	0.06691290753957822	0.05557776088593214
0.08922294152989933	0.09981238280865104	0.06329327877242048	0.07556790522693407	0.04656768669101737
0.09688145500371168	0.12455515716506166	0.07071325254591627	0.08211733383650849	0.08369611857433167
0.08945879044278995	0.1064765662940017	0.08935576902263805	0.08756795411743593	0.06028389925466216
0.08282034723824383	0.11624440321528977	0.04835468927589201	0.0556125041625712	0.08992766313696249
0.06823339497370279	0.07770092236239773	0.04161632625013057	0.05616047872113826	0.056734844488730195
0.05046303097471659	0.07203886317524316	0.07962199488817107	0.053487009952270584	0.07180666376933734
0.06284690272088296	0.08970324763240929	0.06562892435525751	0.08322596011080004	0.06784034021578145
0.06652362061198733	0.025892277953192943	0.05619533237413682	0.08378760010778817	0.06760579434023595
0.07384684143061856	0.052674327751235824	0.09093124048596524	0.0699306193932273	0.09833469711361065
0.09343924372418219	0.057237048095843	0.04545693734470445	0.06251725901623799	0.054723091625439216
0.07262576897406307	0.032408503323648724	0.05473249077619677	0.0687100387349483	0.05081363582278361
0.0649865404961099	0.05875095268504622	0.05716535166362442	0.07437244914196865	0.04619612037383397
0.07602065099894542	0.07855514129311884	0.11580952387398424	0.0690209491564636	0.05240335600838842
0.09373413030637032	0.07645545513264068	0.06064873803852566	0.09080015997338302	0.04040356301638307
0.04865685922910579	0.05650446057642453	0.026176156706050443	0.08125067182374325	0.06229258176132217
0.06754728597033427	0.00943876351508897	0.07566125605385152	0.07982379547967548	0.08144299048336384
0.025768109531549045	0.08530848535779519	0.04531704695082964	0.08068418032813915	0.028631016046041236
0.07231729444641055	0.05523452579502016	0.0383208280116431	0.05896590038062308	0.06432249026350767
0.04684881150158329	0.05356844654268486	0.07891071230532393	0.08016908590224053	0.11058494219755721
0.017118954763173252	0.027438147409725187	0.10011741642526825	0.08320508373209368	0.027751809187024332
0.04987026124241846	0.027553830824840413	0.027419364808241475	0.06569349153501314	0.06356954581813157
0.046965624620636914	0.05215751561485487	0.03791280309301115	0.06810394795960165	0.04849093032219085
0.05144343790456882	0.026349337502660688	0.08709175585742315	0.08912813790365026	0.04734701391711862
0.07282768744864362	0.10060744768569238	0.05984708419932285	0.06876355977097554	0.0713621772348919
0.049413301242827654	0.07629302044178884	0.05406634014843553	0.07427699988357754	0.04650263267878808
0.08236232733581422	0.04086104450496709	0.029160864258124253	0.037303928353194946	0.02698197163197044
0.07024398475260393	0.046796879100517795	0.06211385152302365	0.030926545723862088	0.0830102110418213
0.04426599468309915	0.10409632081234976	0.01327304220766411	0.015450551533661643	0.05505355717648612
0.06508721022210304	0.057971004732436854	0.013983377107560221	0.03391977031884831	0.03645676591007249
0.07144325622698565	0.05243094795526663	0.026977060482791505	0.038243163277744	0.04283811669413186
0.07776833650847177	0.04949405976783462	0.02272045501721922	0.03162036125555971	0.06350645267399432
0.039340238910259534	0.018880656414326184	0.06014398366076459	0.04908342711321044	0.06285378602963054
0.02161022412776086	0.06896891742263545	0.05406130194332854	0.008778672978687126	0.03285287416648378
0.040349214522047955	0.07192240404026827	0.03338476558075635	0.035471624108827496	0.04984544769011036
0.06273804493476311	0.077348113892763	0.051191449690281894	0.09469639691882974	0.03320269693694436
0.038860756514808255	0.04770050177162133	0.06008392523054986	0.04844249616881619	0.05590361987588752
0.06040271946629379	0.051263399710647986	0.054990284710900283	0.04439776518978393	0.05086758607942114
0.021046512507549235	0.062162300869302245	0.05254682534815967	0.03137993412574038	0.048421823415413526
0.038300316110868336	0.015226726427882779	-0.012947688856248935	0.053609281533810255	0.0283789722974511
0.053176720200994544	0.06324875647350382	0.05071178547000314	0.05483024089924653	0.05791121206978427
0.025944172510456033	0.006790291998838004	0.0552762036311447	0.04065432943777685	-0.005403226390483634
0.07029381973386767	0.028130863344643074	0.026823508427429532	0.04025773876802951	0.0827825097244691
0.02539186413610773	0.05999042426605761	0.06455454479293392	0.029406687908856286	0.03037066930368877
0.09171488139657293	0.03440441494157087	0.06192976079251813	0.021368090761868675	0.007857911522657236
0.07730710691781083	0.03229119104664142	0.06658786020454893	0.05602106255128334	0.028196216965130548
0.03557680085793364	0.0853048473242958	0.013640910722583218	0.024624250282240606	0.016746257286648025
0.011204871949815034	0.030568792263626368	0.057481079222589535	0.035132790244549655	0.022615481590578933
0.024559538153855025	0.05611091988265522	0.035461237564170314	0.026692097192076197	0.06401360029775306
0.055487204353318394	0.04295193177243098	0.06018450398257157	0.03166720927418069	0.02479867359950029
0.03828601989569953	0.011170493033238214	0.023798920771181325	0.036407409757491974	0.048578421891110994
0.07347589155536802	0.05407776088161624	0.03231552423216289	0.07535154826264817	0.048779137217724235
0.07773711374011817	0.0971351779970643	0.03349599740936294	0.02535109524699884	0.04926535249611841
0.02324484680995239	0.022326639457373783	0.07044461850168462	0.015463496301317381	0.047029349191834574
0.05112789639546289	0.055181510714682136	0.035142303903728724	0.032143668147841496	0.02755105237920081
0.03898827185869095	-4.481094917144213e-06	0.06530533640801743	0.03332877739560985	0.04930675092038039
0.038124193236388465	0.029449397479881175	0.037892945660679224	0.01896850450495522	0.04731102959962327
0.05045547461363381	-0.007967008237569413	0.017037068904788538	0.026171999140589614	0.0241895682938133
0.04760452383025232	0.03799418960387081	0.03753524878751857	0.03599428014587615	0.04667063599468518
0.02813253086734932	0.03453127472098941	-0.00399908232428729	0.06011635466498579	-0.005689592407078515
0.04362481049996866	0.052285199971253325	0.016925064264281326	0.050548014333123864	0.05326395141626676
0.04583380014857579	-0.00627250579656179	0.010519710468179077	-0.03390470124778701	0.02637843536672809
0.02366249881718257	0.05473645646093175	0.026760161301281903	0.04134614644817816	-0.0023794266172446794
0.022303986233714216	-0.0014227972849157875	0.024202327707523657	0.05476047549185251	0.04263692457982305
0.03841284616487835	0.01799357978299433	0.024440655157510406	0.04446008923041043	0.01240676805454984
0.03935427142638269	0.05095237690532919	0.0497044119182188	0.038814888967542746	0.029111452804830046
0.062229137844805986	0.003099817937975126	0.03864386278143079	0.0004124155271197855	0.055908828897002716
-0.024855721144167536	0.04984107145697472	0.04859368380810251	0.04966640115043045	0.004402144811299925
0.0011690390547900234	0.04570313246670765	0.028823489152842934	0.050756714187093085	0.038241325576981545
0.03768635901498115	0.026960985980395355	0.036556256811454635	0.0046225185300457225	0.02383366479303808
0.004709749331098378	-0.012358203343372369	0.060840382642809346	0.02694142513508575	-0.006632226399265244
0.042663347732805765	0.04970511509011415	3.988451211133252e-05	0.025678938712123237	0.028112078730268275
0.02220642665602293	-0.02206256018306102	0.01649115663347625	0.04633844624949354	0.028067302467745577
0.009207113372821044	0.01704305588316271	0.02738103964537384	0.04297358642270142	0.03527633565279921
0.025164179446145657	0.024281839536280346	0.031607334813955584	0.056611165627732676	0.034144959279488414
0.03100583975078617	0.04848655823116764	0.052181555859724574	0.010555851286602962	0.03489453388154871
0.036680096269443914	-0.009550820585094705	0.06432242732727732	0.05418574121721592	0.0172054043373098
0.02355245487094627	0.02938674063818321	0.003480055671392127	0.03611754865336741	0.043075345518707175
0.0034902920124160884	0.059010151574441914	0.038664311785185354	0.013894846188804915	0.004553362084823877
0.0385060131929815	0.02251796017315963	0.02188810537673171	0.026088630079471223	0.021483645530702228
0.04219331488514555	0.020213500460755204	0.002259915538723253	0.028122573357789324	0.07000368730006108
0.05719622323562023	0.055019335917356686	0.0395016087948311	0.026318852168369183	0.014226764268764265
0.05572630629197746	0.022285322252144663	0.02207787497754243	0.028010552999223996	0.016039653711119716
0.0018186060802498627	0.019616676591426303	0.0096682070545148	-0.009224181748236143	0.028423465099484957
0.023318095122356584	0.037546790924836836	0.05407823388198795	0.06749526152911219	-0.0077826750147418555
0.04624507466173289	0.023244272558843582	0.008995357932588184	0.016685834564417495	0.03286412130795914
0.0047356904043690945	0.0030424577257342237	0.0057249490165123115	-0.005132143789557357	-0.016570599022073668
0.03438010013555577	0.04653940714305508	0.026326266589293188	0.04608330402625263	0.0005093606495677732
-0.015693683024706844	0.03602107664084127	0.04028526630977115	0.02063325928801627	0.01506735920813933
0.04995655829250819	0.037636302643992155	0.012759399904816959	-0.006384501267356732	0.07680518739728069
0.016235046397883313	0.01627581721076832	0.0466470910082048	0.01553551460930368	0.05441913951059095
-0.004620320242164109	0.015217104957862791	0.015003835276159934	0.04317265338836477	0.02602194183563265
0.019426688924593778	0.01188863992224199	0.04349422989679165	-0.0010363413569470011	0.03301863101437844
0.04155134054267882	0.03194967589120407	-0.02822774831505996	0.03193411565563196	0.004432798916846116
0.013697282779524828	0.04250799460942221	0.031094896221082496	-7.642513574377535e-05	0.03391962778447511
0.05166541595984523	0.044761609635176336	0.06120648649906738	0.04772251905919298	0.006004243220337435
-0.005418629387008443	0.0036178576938350987	0.02466249079234152	-0.018005154691603936	0.04358996297783708
0.011152386589884239	0.00884615954188444	0.008009821072253592	-0.00979867247829327	0.04591214424237538
0.028576840037778373	0.006518609776229905	0.02108981200622157	-0.0002722924236210362	-0.028243741933307656
0.01318127795906198	0.03528924612180315	0.040877379789062515	0.03473697765501485	-0.004619867928069772
-0.001122239913596993	0.05725410379036656	0.019987826130665534	-0.006722900890304489	0.030407679545577784
0.0007854229683105837	-0.008360940742596499	0.03647997815611462	0.024316574043874634	0.0255804903240152
0.026903352848346142	-0.015179043496807878	0.00915925937355232	0.02597876559289219	0.017346447926654875
0.003904331784888887	0.012039891611569424	0.016773354637538474	0.0059153456384923205	0.019651145406494375
-0.015100884982925339	0.038928539657903674	0.021533833904161668	0.0011071488261743118	0.027403978363693987
0.05222120550805589	0.01626122415458641	0.025722858256383527	0.01665351791308402	0.007605738131589237
-0.006886638098025811	0.06797995113901248	-2.6504091559059056e-05	-0.016663613349417253	0.01697410255017346
0.030193024956183832	-0.03285540883238849	0.04397041835737628	0.017724299761231202	-0.024590600675945394
0.04358006316634068	0.014314792647054406	0.032304368630310394	-0.002446099778692838	0.02734768252546565
0.025178680932718543	0.05010523807793323	0.005500578104693385	0.014715256874996686	0.03432942003737659
0.019129023801749273	0.007092488475763067	-0.007047096923660984	0.08098889232100608	0.00846039862138028
0.03720445314560916	0.003474563982954276	0.012802366896236934	-0.0009411841832896919	0.05573441789129015
-0.008604055275081568	0.02676955384029497	0.020580758027676057	-0.004251440379230127	0.005808083740566445
0.016199440646237098	-0.0002992388913889022	0.039925972602729724	0.04910806964077279	0.0237636429797527
0.015096868390951193	0.035783439533899106	0.008292678761685313	-0.015227854575679892	0.026918888070938236
0.038090575910228186	0.03170062432718171	0.026609710630330026	0.03380897072874968	0.033152468579448806
0.054984297081081615	0.015183671080740513	0.024328320815326997	0.03109619418598227	0.022240697111975082
0.003691734262788933	0.04123167443205156	0.03168215554128535	0.01740479173029259	0.004568579552681105
0.023578196912460984	0.024906760043528434	0.02980702075282815	0.002811559595518754	0.017997208657209256
-0.017814818477743723	0.030751328213031018	0.01805076216286784	0.011133825442309897	0.017923663923077454
0.06114490392313844	0.02447813289413067	0.04341974083190093	0.014490602060426237	0.009834468929333448
-0.009603192910584212	0.001970514635925426	0.006369971935458071	0.009590236107938037	0.02381251090134956
-0.023023802329767407	0.03511357312187495	0.00659576176325332	0.016090532993421676	0.027109909843428467
0.004416359037846817	0.008490443533193543	-0.010290766883757518	0.026554097137384117	-0.004758156667992161
0.032122397669410815	-0.014255758550826272	0.03502907143815387	-0.010445998366265186	0.013821981759097676
0.03492885089742632	-0.026155016674162097	-0.0006170110399369971	-0.012749974724524049	0.00895772854072491
0.011034311703988072	0.0018096419648747867	0.031161211514307646	0.03348877796560433	0.03520229912174262
0.0008366345306552421	-0.03411907986497976	-0.012123751440839454	0.03310996963952889	-0.013438229015668749
0.01002009613389109	0.02863553134339372	-0.016254502165883446	-0.006783892851138287	0.030906170597783215
-0.0073482552274382225	0.03557188835436839	0.021771726346653336	0.009056160909954243	0.034764038891946715
0.015003600290361642	0.00040167487016593006	-0.007172212053419075	0.02353089492988487	0.018374374129370673
0.013952992699726939	0.013089453405430364	0.020271606695160642	0.0005011221103667285	-0.017568724613379737
8.894190182164897e-06	0.008188794872054693	0.017185783881193743	0.017090432936899748	0.03169022950276075
0.005334586125282384	0.016492598597609275	0.021422352652842924	-0.007761072912323542	0.013948568935618182
0.02110510094660256	0.0056872635284837035	0.025691370148250053	-0.02103260064469852	0.048568167453385075
0.06247817118910776	0.04876912638693484	0.027510218056123217	0.033524592165045976	-0.02102190776864946
0.015404427282338614	0.028842832719490636	-0.006156760194515414	0.01936260057821232	-0.002412758898550713
0.024693305728992903	0.049967530477458603	-0.025357175247214273	0.04489188173397795	0.039490809731448646
0.03510991342962726	0.0115408279735312	0.015015896784191468	-0.020505063963654136	0.010258299021076006
-0.02060525259460364	0.030864087289234413	0.03726829543305787	0.014250944857155778	0.018589570387326757
0.006416987577968921	0.006481595164234292	0.04684709742954769	0.023225432315025628	0.019577185987533705
0.037262132567614736	0.01536609190742797	0.03693928288054837	-0.001848294346105184	-0.0023117815509115687
0.02512092228917205	0.07269144879613075	0.0014969707425065391	-0.003443451511713219	0.031463586009938094
-0.0006493282890317233	-0.0011271880311567884	0.02021533255661329	0.01464395173463706	0.014615478810800157
0.011596282194275605	0.04952499373372567	0.0398729566470794	0.026274278155618225	0.022085348837092154
0.019869507485525045	0.027657921699045376	-0.011856681309805994	-0.0009102897095409341	0.03195549847829816
0.002228332255423052	0.028648778882445117	0.031257859497386284	0.008833053802217931	-0.007986795820074916
-0.004236032245768954	0.024177334516121536	0.013131700406725733	-0.007660332288134655	0.012454348816089554
0.03050886358637184	0.021712977502342457	0.03995103921692855	-0.016471240343830105	-0.014588983551258844
-0.00417553449536073	-0.005298352210551882	-0.03549316947419521	0.015322472690283152	0.013737773289906122
0.011523461923292757	0.03724616882393907	0.016981385137531013	0.02241788411344334	0.021898552635303888
0.023220610929815453	0.00014341790333667094	0.010365191094948666	-0.015098695184771171	0.05970298884076668
0.041495073008941716	0.024530304380175665	0.013186267635868469	0.0027773814664070716	0.030211196420228174
0.02084305784064306	-0.00578930506836603	0.035264075623846446	-0.010228480247996153	-0.021272432489415863
0.04635230915663321	0.04540474861096737	0.03996416875464757	-0.023527364693801716	0.019585719818037927
0.008886763933130436	0.021925261635543352	0.026462259243326954	0.055223694481679554	-0.027645744145246575
0.016220333549596695	0.01992815101710955	-0.01099976589325687	0.01438418712995653	-0.001867025436260271
0.020885503630159435	0.02820983617193295	0.03382800069108748	0.012786810059004741	0.02917360937635497
0.042716879522553416	0.035469980752890255	0.036937457563090956	-0.03447384176036817	0.03967779169581477
0.022050010271000776	0.0068692258654556556	-0.03375679129459242	0.019480384400213355	0.008072937396904374
0.005250707281423946	0.015578793175570382	0.033412504477600406	0.018749661481586154	-0.003690345987351823
0.043927184546041956	0.06502080651864882	-0.026729424862713208	0.03349974288206608	0.019700151127536158
0.04658597536825316	0.05422969663327452	0.030803254103600762	0.02392423899909852	0.023288860145196766
0.03344625817489088	0.03881471539642123	0.05224023293758617	0.008849195861362062	0.028046850698179433
-0.024249266916165035	0.027162106867180364	0.0052391408478362185	0.012373714441740253	0.021039126674209145
0.06118255804120556	-0.00037131333725634683	-0.00458313366155015	0.055315232772879294	-0.015254291289967433
0.016016430969294632	-0.009948446499913083	0.009328082040232426	-0.012131316410391745	-0.0009759875203763698
0.03916922700754476	0.018731634978793082	-0.004555928796596271	0.04118830316286739	-0.00017113542444223678
0.0008988523307497053	0.03152339371843088	0.006663811816670551	0.03704694425631013	-0.004230881012496987
0.0440748444693684	0.005517976539659781	0.059968446687068175	-0.020685487544927595	0.038958084326431934
0.017343085250777247	0.0176308846911563	-0.002243384841660429	0.02705265647711618	0.0018271633423227588
-0.021975086440916926	-0.034601889492769905	-0.008015438722596531	0.03385513910833911	-0.047873616433095054
-0.04432278019807703	0.006284610972017547	0.005819583983355847	-0.01067187860698903	-0.001569413829872654
0.028831999997075017	0.011027024897768474	0.013045183171216466	0.008966816072619737	0.036820056821159755
0.027290778457221262	-0.007906618495367524	0.016649536090956277	0.002977558191642265	0.03903552776517933
0.026730729669568954	0.028635429462260685	-0.008335959687314464	-0.01739552032899376	0.013847578647038923
-0.0071195684303531894	0.00991248740338915	0.033970901647749185	0.02315051122888361	0.02406550682668334
0.004361926887373528	0.015845306400394686	0.05683687423531413	0.050017079933638554	0.008250936046761768
0.04754143604636312	0.0072643803261919935	0.004246649469373172	0.01629224917021808	0.030277436522252926
-0.0001795089946343923	0.029004356525019526	0.03208145996717565	0.05110875172117227	0.05110135605870151
0.02063188897366486	0.06887794132649877	0.023275310210113108	-0.007396227713050523	0.02780427499859915
0.01364901159425716	-0.025580078086442082	0.030102262436077446	0.03292415114585489	0.018897859051453945
0.029616300358547856	0.031971418728800285	0.0030212758330621266	0.060110059338032526	0.033947302954007205
0.005039764689125559	0.026858842825503357	0.03736934390402016	0.01673701889637026	-0.01315030980162357
-0.0011134008997900303	-0.008617659590390419	0.021282016445906028	0.03766842730544127	0.020037769962599008
0.0016713577661973166	0.020434590713040823	0.025589608054619357	-0.04966614334581205	-0.022188105373801906
0.008933707774634567	-0.0017955120877902885	0.04572501313299012	-0.016176929816304753	0.011005458614853343
-0.0025433256470331535	0.05236861133251716	0.04562969315053199	0.010716702609469338	-0.002893639967761149
0.0119996803378145	-0.00207435255986739	-0.023551705008299034	-0.0229509944445635	0.03292651756492922
0.03168455492140409	-0.01204052238538213	0.024993749376389943	-0.008891836483332274	-0.013425135191507537
0.004682229110940419	-0.008032001953316806	0.021043696836303777	-0.03722608471926133	-0.011933938285779214
0.01272989810782406	0.014956095209106865	0.02507891685303213	0.013874290391195759	0.007041508382858902
-0.01687432242502068	0.05211339198106345	-0.01033635776470169	0.017282782098899163	0.02337820711486697
-0.0018895003583989805	-0.01798152508454611	0.04364444621520603	0.004611823873167784	-0.009168644150907242
0.0066487692931636675	0.022390273655005778	-0.01807971521839491	-0.028252679895566055	0.007179031852077822
0.04091298245418508	0.018399167787269296	0.03338344846373891	0.026330779463733384	-0.032083548056039544
-0.010403666416968715	-0.03467452962988424	0.02438011662397501	0.06206850084194075	-0.01508590768128391
-0.021111550009810236	0.007701405588187744	0.04475392584200745	-0.017498060087657034	0.008407754174401602
-0.015250729168093929	0.01713033844236709	0.007107834674865579	-0.011133347290404962	-0.006160719663793923
0.03618812746440385	-0.008469310391298165	-0.0028155337475040064	0.024649639526736523	0.044721591258768255
0.01944529426236561	-0.018377765411576017	0.010410457873612965	0.015303676530666728	-0.004673840134008501
0.027279955927190916	0.008855186403115844	0.015957400137904757	-0.018912107119572953	0.020515943522240704
0.015361318721537807	-0.018244329199807185	0.020009641517999117	0.014704390447134758	-0.002647319425044606
-0.02434999892088295	-0.009457450424047938	0.04065104799724438	0.005768638698572781	-0.0036591573504126578
-0.0055040773886969796	0.003081498855292077	0.010013339193965645	0.025310898318336838	0.04222227992097532
0.040621888010036786	0.01447266366817691	0.03934706298698813	-0.029071289681282864	-0.0034319569852542583
-0.008024426389667886	-0.014426843633290408	0.01958078677221731	0.008239596255891532	0.0010012048314961587
0.002228180665576905	0.023440799727072834	-0.003746318245885484	0.014876618971748176	0.014607821065071514
-0.009867541797929556	-0.01592019702154358	-0.014257672349128094	0.021534074618029607	-0.011925075682380444
0.029267834409055997	-0.004207349861535261	0.013720763297086963	0.025683911658066383	-0.024594556664958606
0.04264160659418979	0.011149181188319441	0.05013810062187292	-0.001068979569079193	0.013414161240913564
0.0014577396019353015	0.005961519246356677	0.04201144685744688	0.004888405881389592	-0.011247866171611325
-0.015853481820185502	0.003898765861464287	-0.001928074775189306	-0.018246627278709085	0.015215107013552841
0.002672484545041844	-0.009080853130314401	0.005222103999710982	0.00559371190263295	-0.007253140317523886
-0.0039270302522603565	-0.010855357676029211	0.039987366156740825	0.0003327981741486777	0.016617762020346403
0.001011024728237349	0.024571181666440033	-0.00768487471195758	0.02017440087551106	0.03378052233159134
-0.03983913486553529	0.0063095767577778065	0.03254936263450273	0.004250242080926887	0.019289911426314997
0.032458333177320234	0.007052726630976264	0.04261273837077185	0.015440164141510096	0.02254694666626229
0.05786002846209111	0.0006247168981500829	-0.013750649464146381	0.000863592461530339	0.037727619379340466
0.017981866230412896	-0.004638931876750947	0.008852807914450818	0.02844001958331974	0.015261462934941843
0.027007174587136154	0.025974384240962104	0.029494549129272105	-0.003918289810169703	0.012042779319221382
0.008521427637724354	-0.00035511167729823526	0.038384102973134576	0.0002468675964229141	0.016906878857994634
0.027034503818777426	0.03505471335900376	0.007179477440168075	0.0016324028156696072	-0.01160039377814132
0.028422926938038058	0.05189216964432114	-0.0026327938598409845	-0.02709707089850002	0.003058112790627558
-0.0003753752645541059	0.008343771204474762	0.025598964403108337	-0.009864211970110507	-0.030395971096554956
-0.05114505193343984	0.03529100959577981	-0.022430440993066274	0.014103616133444411	0.008386654813590874
-0.0014317145320982333	-0.05203705621950407	0.004081941454350901	0.01433838547998963	0.04308153926478282
0.0038290058651424402	-0.01476590941403163	-0.02419644285460848	0.052853626190830456	0.021795752779584225
-0.0016562129611584083	-0.0022196883448406344	-0.023849052095642004	-0.024841455842565672	-0.04058034527862492
0.003278006740631674	0.016392285224678258	0.025474886119673603	-0.005890216753507631	-0.008979428697861124
-0.03553394279443564	0.02501820439999949	-0.018185647404152076	0.018814702608528647	0.008438136091994066
0.004552483022251097	0.01263625088919881	0.0008260558518953173	0.014629263773462419	2.672219329441939e-05
0.04457470029662302	-0.010679959075438492	0.04608855737809522	0.031228910529902794	-0.012560058775110603
-0.004394747362804692	0.005130135109202167	2.1150446682518175e-05	0.011563116739440809	0.033170213822206286
0.034291081280998184	-0.0027571735708954966	-0.024852570565407413	-0.005263371191787266	0.019018918612234766
0.028466708637328433	0.01384804451491321	0.010114954742085916	-0.025497676344247586	0.008197522925117766
0.008789882070810884	0.019284322215042237	0.013679981470521577	-0.017051541828795362	0.04329887226309681
0.024495254793581497	0.010398492788130275	0.046170089550677994	-0.003597127141597531	0.006445311495474333
0.03246266067165798	0.007075584850016428	0.01821517670384178	-0.015182963559745367	0.038979551755722625
-0.025915007228587354	0.008221638003290965	0.03963332971302557	0.016227366968102484	0.013212338489070472
-0.012383193080670213	-0.010582425673937228	0.013210745438340676	0.04462430243109682	0.03840914065294078
0.04158792251133246	0.0010051519888426446	-0.05192928445946751	0.03350453442945529	-0.012440914094843611
0.010289693581463354	0.023916453406977286	-0.007954715424627393	-0.015574097468658156	0.0021270057638462076
0.01758369308874107	0.004543624992476012	0.0212056250997937	0.0013416894972531246	-0.018721026617236784
0.012279483204757956	0.025483025332757467	0.03625843101262966	0.015210877747251886	-0.03657444229633761
0.029349670743858688	0.012092450312530586	0.05528798780964969	0.008757909950689	-0.015602299411391206
0.03540264826401006	0.017981185478724782	-0.0050491593212848174	0.0012742496432152032	-0.016823352126266573
0.04131684686149987	0.024124863102191564	0.002271243706825712	0.018585300124841643	0.0043981716569083205
0.03672103929932684	-0.012110329838560268	-0.004681583374119249	-0.007548555956960869	0.00547471781790536
0.03911946086597788	0.005053459229473471	0.04501394080473434	-0.02584551534330624	0.0020610042010761527
0.016885854796835444	-0.01042909392362789	0.033864582873519386	0.0024907139506337166	0.0369554846067388
0.029240769081116284	0.03134450597061374	0.003271412217463712	-0.005137927468066059	0.009591962127133912
0.009464446004377406	-0.019807491694579273	-0.008136936789807715	-0.028711102670869997	0.00777818361270329
0.028145951192973914	0.03784115530000455	0.0059136925765023805	0.03933854389676757	-0.022174654363374152
-0.024711644943398704	0.010326339430671325	0.009851177371936923	-0.009556882317706867	-0.014568704783400837
-0.002956801193473008	0.014819059076820967	-0.011766612796851247	0.02804942369986197	0.05603006077127672
0.04006425302433028	0.018887446430895703	0.007698121144098985	0.037135455338339035	-0.018344821317235038
0.009717964967357433	0.011239766207970965	-0.02717167138976582	0.015206148369612926	-0.02197798979017823
-0.020659250242645397	0.002870948814507385	0.02418700228734815	-0.022585428134836213	0.01889896438911231
0.03642681419784391	0.023340836446575707	-0.01709093030239723	0.03479087423660002	0.02559119022798628
0.029689787075033905	-0.0015203828395652635	0.0235150555120754	0.014684606746689506	-0.0008251639857767882
0.01624411839542171	0.0031114022819299317	0.034045593960606725	0.03331743873903758	0.028434041365069735
0.004213558382209605	0.025963425749678165	0.01259082029983482	-0.053954342036265555	-0.014871922349955012
-0.021251762211397227	0.055757258929490655	-0.025274962233827497	-0.001798979193506724	-0.004072431065626265
-0.015662158268580115	0.029046466637038942	0.016946368203581565	-0.0169114370643051	0.018697988890519747
0.011773844756515049	0.05011875949125962	0.010562422705449263	0.008108373672350358	0.0227822459910041
-0.006755793677040621	0.013886964482776928	-0.032871980038613115	0.03489822492397571	0.023390313760784803
0.0069869846078519995	0.022298764339392107	0.0063203523208268195	-0.020177585499961376	0.020122581726577597
0.036882085747063934	0.04153336399781155	-0.015503332153718396	-0.018458966362228615	0.03178649567520986
-0.0023405524348735223	0.04282740006343919	0.01780352170206466	-0.03704392292265272	0.015660934312520136
0.014533940136383684	0.03978059298124914	0.001098174623999343	-0.0028593595799587214	0.02104871514844252
-0.02703293767262164	0.004083961819820311	-0.004843772748954252	-0.03099542011370853	0.015055521335331438
-0.00984607691476272	0.02857018390006936	0.01756728348648949	0.032348128711808394	0.03183387474918509
0.015930722403537483	0.03542710686156414	0.022371029864771845	-0.0321136318243919	0.026253751962194188
-0.018563521878627247	-0.017539290921468265	-0.012857948564402331	0.02652586773874837	0.049471149663555355
0.04282994310739301	0.016445778148906305	0.011712013564762726	-0.028778466690661756	-0.010621263200027597
0.0339147124864945	0.0025421818171727246	0.03747429028854084	-0.016482487195891665	0.015448126645030008
0.01280234486696085	-0.008212262470588287	-0.014795195758105442	-0.028149993883486473	0.04559072664899292
-0.005491180771102932	0.022125172195858935	0.0010895725212911947	0.0020504212332530546	-0.028167957043440172
-0.011280027262209183	0.007464404310144829	0.02094731541554666	0.005682621534218132	-5.3916819801048434e-05
-0.04468188026342704	0.025348117473379818	0.0026589435475087124	0.0017024587354122073	0.017438281158986515
0.028456446599274845	-0.006801140140698957	0.023962855133106108	0.030102856592658173	-0.004561163704750392
-0.007145451425456089	0.001232349667068854	-0.005519427875322277	0.022092846948333286	0.0008457710103087004
0.005918378326996582	0.012907004225929074	-0.0117326917935939	0.03595085773854157	0.03554234460798609
-0.03181396860516797	-0.023645358970442575	0.003644706874934801	0.003581322668651338	0.019688958793176073
-0.02322681248132866	-0.014535415223317763	-0.025946551078836304	0.02719905202201551	-0.007712916661837834
0.02247708192339777	-0.002436211514423553	-0.0020284104232212996	-0.007035866575685752	0.017238065890634632
-0.017552327458481044	-0.006752625969283513	0.024375212160442947	-0.01637835557297062	-0.03386701626725796
0.023653111852695224	0.006245042822496477	-0.02758819029674	-0.021986976792209713	0.009703091371417867
-0.016741956448347	-0.010658672574187084	-0.0005798484555912271	0.012574571342455952	0.0031742406225687076
0.01694543846974054	-0.021737173034962108	0.02811463661986485	0.022754352182072567	0.0074106534705357
0.002787057174512832	0.02087156191584377	-0.0014843862163482222	-0.007204381895905957	0.028190475911227256
-0.02339977306908743	0.035054926828291366	0.0012263122319760623	0.0072536243991957626	0.012492280065095314
-0.01878085556277406	-0.021289389771414157	0.028238489580292084	0.04313418281797535	-0.020536074021548716
0.018064801982680387	0.003112850361037604	-0.018635612965368073	0.001330025066375003	0.011776702162898188
0.016586575702791394	-0.03129863939174682	0.0028635656903904082	-0.013273937140978475	0.04186166223900223
-0.014151678054544193	0.016328240583985267	0.014166649781534195	-0.0016840423520325318	-0.003573855395014113
-0.011120924771621308	0.0015192750405386558	0.02544231497839309	0.008089130816507493	0.03730382386295558
0.00449512444802134	-0.03472185679141519	-0.0017220183671115413	-0.004622780119866696	-0.02090842728773231
-0.011217024193162256	0.031134675126858857	-0.025448243547338927	0.0181170598838033	0.03793524399079554
0.0007455838003504328	0.006321001353618329	-0.0019751125778664667	0.028999360184928585	0.002015638423998439
0.009962314258204307	0.0046360695884878	0.015026419808061974	-0.012501283205193644	-0.01766400501097657
-0.0019787226272553853	-0.03261581472345693	0.018483683944619116	0.005469917621252961	0.0012793185540585302
-0.01165827287108991	-0.012249451616148266	-0.010144206523584928	-0.01751349700285671	0.025626694388323934
-0.04360270958176102	-0.01849232259320984	0.02080558853781342	0.03481144676349453	0.044839077615935294
-0.004748528340611039	-0.003435653927165968	-0.013593826079723885	-0.01827327513614398	0.025038073828620635
0.00015759761628152125	-0.020353894800732217	0.006955447467115396	0.004568582677819178	5.9744121168304586e-05
-0.0208090701321942	-0.0022009763506843126	-0.031015100586163465	0.03011842763769205	-0.02055069166731165
0.004503704249613994	-0.023835661431950265	-0.0010839620982605021	0.005441432426434833	0.01760567494306579
0.027948411678664277	-0.010330379128659743	0.004868250770993317	0.011729390545048214	-0.036839887207043814
-0.018300107359251402	0.012350180603837104	0.010058584353107858	0.023667697134847114	0.020884602893511475
-0.020940417637840464	0.005637056538823228	0.024392134990199293	0.017850037074503344	0.010548712070006782
1.0264981024508653e-05	-0.0101908242288508	0.0030116804072068885	0.010089353404947	0.011606400225711033
-0.01817542734539757	0.014579620485140193	0.036498751775251664	-0.007491481737847364	0.0027493669894275647
-0.016616037895933973	0.0041187236657667225	0.00014488580501552162	0.043625422000933	0.016929776860318147
-0.006478287282290041	-0.05010132094983859	0.049456763711789344	0.04041708813456654	-0.04398793551855879
0.011194719557929068	-0.013121297808522836	-0.0004042325631119434	-0.0077696586985194546	0.01371450319397854
0.03231534632570938	-0.002886333487837823	-0.0017843964697919611	-0.030601996833726466	0.04353483189183098
0.03655942599965287	-0.012998422441685954	0.0048773209116020075	-0.017424244433092206	0.018339515327930413
0.0022285436778592717	-0.0237518479713702	0.00584108895893309	0.013327441068037897	0.014294729276200896
-0.011274752048263224	-0.005948610836496948	-0.0016621444875360323	-0.0055061899149414575	0.026597849506140463
-0.00396369396254303	0.004558730521771226	0.04941511746479692	0.0025944576529199036	0.009873824181472578
0.03090583150808519	-0.017480299674688803	0.004294954580798641	0.05557475337767934	-0.005725851049324951
0.0215625323931211	-0.021296152981131144	-0.006693679434551018	0.027502829474573585	-0.037887788564008595
0.014972942385007421	0.0037091498953537266	0.04148220598381199	-0.00687617214010461	0.011857163078283505
-0.03983452063033016	0.021636948908048882	0.01265367132325226	-0.0025727764919167406	-0.011212789529429933
-0.010358024191106421	0.03226897179558729	0.011411116428642546	-0.01585080566463032	0.025854685534665252
0.014470470957676826	0.023746807371859798	0.0027201084347716585	-0.025254299548572695	-0.008390178731337551
-0.033440340217000084	0.01000563754639661	-0.004736074878016018	0.006009347116266693	0.03944737402609687
-0.02168419237511722	-0.007713600796395	-0.014325841617875696	-0.0009932630129638302	0.007622938602096559
-0.01259943759258909	-0.013419349371272433	-0.02053336647383035	-0.017596778490938377	-0.00675236698987783
-0.02818512161295414	0.007907285043010269	0.0006947578378947751	0.006396888122171036	-0.0034258697493794316
-0.006824634875410553	0.011222278435009465	-0.011514913486374782	-0.0012795552974041492	0.011753027310113993
0.020342351216290397	-0.010804543477122616	0.0140447825486158	0.021498938611653837	-0.011081115797531921
-0.0019465794155093486	0.00019149115671905897	0.011577750152818292	0.006042643273746836	-0.0023352891352413866
0.010298003016019235	-0.030630954683367663	-0.0011098122692054018	0.04305842789191651	0.019578159621970785
-0.029026829395858	0.04039260490225907	0.015943984381712087	-0.013493434984942215	-0.026968630477593295
-0.02581496279341433	-0.015712286518407864	0.043795889315637423	-0.015217112090668727	0.019084374079557535
-0.015427923329604834	0.03203350673370551	0.019980666797440073	0.02009287833293078	0.013304098689797931
-0.009686620088313221	0.051613371547925495	0.031428397938419846	0.0020486862367913123	0.006127308249796962
0.0018145127082733817	-6.2305523505206545e-06	0.01649854639484119	0.02650797272730154	-0.0016338285240760616
0.010421366125188701	0.0075548256992942755	0.007380838530499504	0.0007666330517677854	-0.0031724011557553522
0.002735243577980177	0.021189322865617245	-0.014830629005708276	-0.005079788678646755	0.031064243571968714
-0.030314097826491616	0.061928130525906164	0.032875096367976905	-0.017435550917054683	0.03562988973549323
0.054137881038982545	-0.0022614234159678095	-0.003255572955145638	0.01791757305700993	0.012696186318000336
-0.009517337071741936	0.028967691936608152	-0.03449525914635505	0.017123955957507375	0.01550182227665023
-0.052837305321037226	0.010904153598278305	0.02140902574640472	0.002237243584001446	0.014369961117223655
0.009461560871586894	-0.014543013090536842	0.018975536110737608	-0.011530230052476304	0.012431678701181547
-0.009066025312716972	0.05124452737943733	0.012040974336649954	0.006392080796660189	-0.02329233093607603
-0.010623960758852453	-0.02224909540973081	0.025225139857182024	0.030460594882389634	0.014105737558013184
-0.0062653572473159915	-0.002971633201483517	0.04459062754312223	-0.022825815801796174	0.018117412980924476
-0.013744489162016402	0.03010602770674195	-0.00010379235037667224	-0.01255307129729605	0.0027228212699516815
0.02161469557848137	0.029078896724311794	-0.0214547418632472	0.008261531303446767	0.01948114514728406
-0.019908541950208393	0.03668818832362309	-0.026230715237521317	0.04022619068983287	0.011221119867953953
-0.014347875236177778	-0.0054568012879794795	0.01096707595428003	0.004240195324548767	-0.026429416577267398
0.006780685590679476	0.005043560860019006	0.023781916272918476	0.004815408798917786	-0.026650247606248633
0.05782120031713259	-0.0322656089233801	-0.00950691622013683	-0.021642715626818	-0.002800378001881895
-0.023485987826304948	0.02212243743845918	-0.002286496417097046	0.021770140693293163	-0.009822146951586286
-0.017405645395918923	-0.026096083171521182	-0.050179540212150715	-0.02253309233175025	0.04411228799564091
0.028027097035292957	-0.024842255566561874	0.02351399155626279	0.03723798666772987	0.003523651791210081
-0.0020773973607072513	0.0025076280050291668	-0.006420136261763585	-0.014768818631960116	0.0016839961152620318
-0.0001423738858003067	-0.02231767331688085	0.009559810729694097	-0.00926083188507057	0.004172244090185157
0.014732163243805892	-0.031421322929188755	-0.013371166250266835	-0.0007550213649272757	0.04872407865372032
-0.011199762893612816	0.026149950906844577	0.004983683557640133	0.006550027894226967	0.029901205417463245
-0.019252289475998618	0.015353266304686588	0.016577888681432437	-0.020402174952885696	0.036345656445975594
-0.013658531519134917	-0.0022202210475729418	-0.0140050229590433	0.010635777021726425	0.0011577767460112481
0.03928461435685999	0.009152499104183125	0.017599281970322296	0.03425156501835232	-0.011445162788045984
-0.012402984724388971	-0.0024540281116012964	0.034704842036935905	-0.0038036995652318776	-0.04031856255685751
-0.010068746827021672	0.03379146119954711	-0.01779657646267837	-0.005635876995275416	-0.030844719545227044
0.0008759149182854711	-0.015873680274466038	-0.019667380469987755	-0.014509148101996177	-0.007671001389268817
-0.0034185908632517817	-0.03589813030990528	0.016633143909850327	0.014699705379985458	0.0030184810384677463
0.022228134076595657	-0.00849996275891305	0.013454579429075558	-0.011785117573201017	0.02834301315564228
0.030143406067153832	0.010742951191934325	-0.03879994928087796	-0.02434528069935512	0.00430730720614615
-0.011715744502469736	0.019349808832577732	0.016676366180347745	-0.010828234522669317	0.008871391776976776
0.054539630561459954	-0.004098275091741342	0.013947712172290046	0.0222039378429209	0.004289840421836312
0.001460435307016995	0.00803862523833129	0.010235988624784073	-0.03667502562900009	-0.02581132826810143
0.015575455999529985	-0.012147885266974887	0.00201844628256935	-0.008777420049705414	0.020431035003017885
0.025733522610383915	0.0033630023841006197	0.029171405202360286	0.007486884077041289	0.03259558551360519
-0.013364556040723423	-0.047126587354988	0.004615033201343547	0.028260813790112714	0.00832395192742751
0.017156747232451672	0.005955133691419311	0.000992442432077547	-0.053900058120173136	-0.015910353145639926
0.016202978687940676	0.010319464884854473	-0.009588758092005508	0.020241409521772846	0.020401249944876746
0.009077716320926459	0.009708263616313264	-0.005905735890538274	0.018998476370553834	-0.003426445155649516
-0.0008784181513808043	0.042639499093006586	-0.033512788359324676	0.00785614317370148	0.016578582272788675
-0.049397407138107426	-0.010761785603462564	-0.009029792364127726	0.003640090885425881	-0.03139553838145675
-0.007827084125587119	-0.0026065775276705085	0.020882703155699314	0.03054136566427787	-0.013444667133437331
0.016367774076585313	0.036605926680574226	-0.005698245609389894	0.025202152740683874	-0.02019139609970328
-0.009466681850088822	0.002469676648672297	-0.023029323818978573	0.027610082387073843	0.0009998321637044588
-0.031710106478818806	-0.035520780019560744	-0.012056037505306965	-0.0013310144595199839	-0.007941829279381862
-0.013319283430204266	0.032961963961850645	-0.010981599478232955	0.0029099597575479516	-0.01609749726607622
0.01734757777385739	0.02925733655352629	0.04669659309869905	-0.00016066971498227998	-0.009563394398872592
-0.0022366811546208638	-0.00695499598471039	0.02113664813812196	-0.025097997545693508	0.020319213107182377
-0.004916991102533989	0.0176340746371855	-0.024739199144326117	-0.000405415299589644	0.049971090493298
0.02373043994998121	0.02067828948042184	-0.008891003821858845	-0.009545984391410571	0.015276838047145608
-0.013465205578181077	0.005642471553337155	-0.01398367498227966	-0.01625364734156521	0.019850185095374197
0.03154987855433562	-0.006935722411516915	-0.00013332872682773455	0.0011604920857587356	0.028309782803865417
-0.00569639329959511	0.007546290619700563	-0.03321686388668206	-0.03468704873095858	-0.00549753279790416
0.011708561582508815	-0.019917867149742287	0.019305515854373623	-0.016758779136389103	0.011077195102565461
-0.02078184318588891	0.004603150126219447	-0.008070087023409228	0.00828331450668535	-0.012329225038601222
-0.008213482317850332	-0.03559452536960431	0.03717447810596377	0.049425963869945945	-0.004300687843637184
-0.0335540604930549	0.021703987930452685	0.0015490848558080608	-0.021098755448770715	-0.004318021249829441
0.015651236458664824	-0.01749476073908931	0.007891772918242512	0.004605336924205551	-0.012827907686665429
0.016923615627297005	0.005240900011143769	0.00821587744226894	-0.004030685576783274	0.021029811148240908
-0.0016536335188989653	-0.024518524374109944	-0.007047111455127483	0.011497403099677214	0.0169986896354964
-0.0025985246998002096	-0.00021768675633350616	-0.01933609804330358	-0.0029170587312480397	-0.007143119242230422
0.001781849882854139	-0.019583258030833186	-0.0033717617610885663	0.012376525112812266	0.005651686289942443
0.006517024956864997	-0.006634401615084275	0.005451935159854518	0.02842648991212421	-0.01374897697170659
0.00517026335991348	-0.005998510215044247	0.009831082622900026	-0.02348787355352047	0.04332792114874166
-0.00436957238665085	-0.04476395461940404	-0.0060880172041716096	0.0006481880858026853	-0.0032205219094031045
0.003152692864531315	-0.0014285181708010523	-0.024411568094556052	0.018224231754609993	0.022040980975481458
0.008038606222435697	-0.03576687933823372	-0.028010558456191815	0.02514353842351061	-0.0015130560776328494
0.023824272470028135	-0.0013506716425220264	0.014673131166292878	0.017890301844244283	0.024920258740341854
-0.015392207685369152	-0.011900080062082631	0.008797928705278313	0.009747403664483768	-0.005000936194300393
-0.0016856468886501264	0.014491466242528186	0.005808077267166273	0.007867223865580725	0.00877712499406864
0.009543935946739725	-0.003257984299930552	-0.022737007644818792	0.028196210116280093	0.04398427612659512
0.022106038229093808	-0.007009396141156095	-0.01887220378835361	0.021992991938292836	-0.06195444587719529
-0.0009744947653838271	-0.01818858381775816	7.160994800121836e-05	0.021483151576389088	-0.008518180544644942
-0.0069666324557442726	0.0048626304843083475	0.04283936146367958	0.005409165241176947	0.03621520062204716
0.030349558251182417	-0.020168588564386372	-0.006939058507502136	0.008308454195423018	0.029616879109889013
0.010641395684321119	0.04686979168232296	0.006195167454656696	0.014158737873614418	-0.007276475988750208
-0.019934461505440093	-0.03458773778886227	0.031125047354033472	0.020440032081802503	0.0021509263707779704
0.009562815754284271	-0.0004042567771782407	-0.005378549057765489	-0.019140693948720925	0.018388705448836647
-0.007428220792984554	-0.0009799741381673827	0.021244143177977733	-0.013777434567631093	0.013740619789350147
0.007480162443156513	-0.007891707181482174	0.017914895669112932	-0.001020218152925843	-0.0019294440512197058
0.02898956215139186	-0.023747068987086048	-0.017436467944918113	0.030206200510097935	0.016069743049362185
-0.0057148083308043015	-0.006231198123557347	-0.01184671500015676	0.021662276301460448	0.0013839957290944001
-0.03765515017874627	-0.03820843305779593	-0.018704006573486875	0.013398935469492008	0.02509377863334077
0.00715714888209708	0.000977507625232658	0.006195715492229222	0.027392868871811735	0.011136582019834815
-0.009278706769246362	0.01418411921084376	0.009855400728615706	-0.035523109938890726	0.006252926409117598
0.02112963960958744	0.024066476083327563	0.004980117404262874	0.004484584725357731	-0.0163420746030978
-0.027463101944994753	0.009252391037492909	-0.006976761158344924	0.006824271572479631	-0.012074147201967953
0.031801057361160796	-0.00025033294588535336	0.027014649721993318	-0.033484991326179034	0.009526054773340224
0.020207798984098947	0.01781959595024825	0.03646666990345567	-0.017706775602759007	0.009631113124202815
0.02613703829856958	-0.015261633062797453	0.006850062284794924	0.014073470923631088	0.009501835786046055
-0.012759106124956471	-0.009763201856292673	-0.021938322611177705	0.012197335043079995	0.004752126740814851
-0.03998243637133253	0.01173085641206639	0.03735936007226331	0.001474545708271664	0.042129260467096454
-0.012375710001952644	0.025336688640087472	0.02543627335417902	0.015681626870885486	0.0010520482879083932
0.006696378502944419	-0.010650269970388333	-0.0074302090419118266	0.02454270558643049	-0.004556186714798998
0.018008742072759903	0.0291006396678057	0.015016967119015436	-0.010879494025189323	0.02936591648908536
-0.026700008493272618	0.057924245208556734	-0.0058244507791995175	0.006224972237409298	-0.0021939360444691225
-0.008957884358370622	-0.008351003924251848	-0.010884211904017201	-0.015231878816436159	-0.007060070983577567
0.009235109900093508	0.0031567139199729357	0.02451265889720237	-0.013179846778153679	-0.013540322141137902
-0.011249370758789658	-0.045804105983214806	0.019654705929056316	0.005910079905302226	-0.005297217796084306
-0.014829597471402079	0.0051269608628267075	0.05764009513224991	0.013610181499719312	-0.040527640376853614
-0.009209555338315736	0.027729667380154387	-0.01680556829059603	-0.02137608917470879	0.022347270050135037
-0.022229195203011268	0.004126267558322443	-0.019591443418886384	0.016464012610001653	0.01896442078530087
0.03805060214785905	-0.005046285838500216	-0.02381917426245212	0.004295570128817025	-0.014960543463472187
-0.002166403433505092	-0.03217990635505859	-0.011166213526768777	0.0029155091342001112	-0.0012965458495859915
-0.012320090209716935	0.006487471209313337	-0.015300413271076856	0.01546109635341718	-0.03186313811333762
-0.010602316071629782	-0.014561555937542561	0.015619641565882797	0.028471660860816178	0.02224957586351907
-0.02632019397135246	-0.0021910579071698633	0.03834201517716841	0.0019982302740314496	0.011914064934061046
0.0011854144848185374	-0.015425135077148447	-0.03632361005015774	0.032501221280896914	-0.01581865057658124
-0.025895421521233253	0.009699887959551241	-0.016114050715439334	-0.0025662129723355185	0.02532788184459635
0.009964573507136226	0.016773825015191254	0.003963130385793196	0.015626326349547373	-0.020021781975980014
-0.005684200653571347	0.010454088478334029	-0.010764070582276294	0.013267543287847787	0.01314898092993287
-0.029539916418583036	0.024207284364843713	0.03598342893827351	0.010731132061536442	-0.02846589998004115
-0.010150721257432686	0.005036182757108985	-0.014887422057069019	-0.010491752849749403	0.028601412046495387
0.0077225589350461464	-0.002694285888618674	0.022600133926487413	0.012054236251058247	0.01065000424209287
0.006680590219624921	-0.017915417150997186	-0.028225497113233827	0.03532572106001614	0.03161847435285301
-0.01460049575660025	-0.013820158760371473	0.0067873702392519004	-0.004077706487092227	0.027211007272407637
0.005390229570024105	-0.029814047540808065	0.0013482429024332925	0.02889693307033291	0.0044380217817300786
-0.011312355271029109	-0.01355336548206356	-0.0008568804745971211	-0.013382639245908911	-0.008767952229420482
0.04663519954290754	0.020580959698205878	-0.047986932055364424	-0.0015044979595595373	0.03021296943148684
0.020497132674557036	0.025367628741192583	0.022397212162183707	-0.004533261877277513	-0.005811036462204576
-0.020773008161190442	-0.011966198850275785	-0.005746488207984452	0.021712204592139194	0.010047204773705817
1.3822659650736084e-06	0.011640738190307835	0.009903045920967288	0.01606186134664873	-0.024019944507097983
-0.04932614301157079	0.03818323680249411	0.016077351816087705	-0.007695321028424516	-0.0341738222633787
0.020364226518508673	0.05068191771871343	0.06257128118859132	0.016031515034740623	0.02551147645816914
0.0021359864481776186	0.037867605868015956	-0.0031455596003871576	-0.04329571147413731	-0.04062029424398662
-0.017007169345766193	-0.0077803250826827125	0.03948253071990227	0.029508450241684275	0.006535697450372655
0.004429422374228198	-0.03361446116482283	0.01017733998975232	-0.012556862655881403	0.017409665573935508
-0.0104870188680454	0.0369083903865835	0.008562038015633884	0.0032398093241079876	-0.018577953952378448
-0.03490547629753505	0.02002949190849381	-0.019788197571695552	0.0358813925927278	-0.005996665322815757
-0.01955033220906784	0.005442426043842193	-0.060133796147335536	-0.0004255161120299573	-0.03155149936507579
-0.003169340719084411	-0.0020319037707039935	0.03004568612427499	0.0016418903078619209	-0.01289616387695957
0.028454635580226324	-0.021315306583113796	-0.001456392110710206	-0.007828913771543882	0.002346607228855998
-0.011929702980764238	-0.03237972811380034	-0.0038766224864965806	-0.009738569094430763	0.017701297787093933
0.0014626205205683952	0.027959291186718936	-0.025033949937359985	0.0005710860063837348	0.011169862056277865
0.006520740330053568	-0.05100539329905986	0.0015953693570578019	0.00963690776398881	-0.01792911518522875
0.03740238222461712	-0.0032555139584707583	0.019136978124004358	0.008714539444974776	0.003082485547754971
0.005204683266839074	-0.04726698848015763	0.016648460768656382	-0.022760317065030455	0.021706898003652456
-0.03731343151008322	-0.011537573535809822	0.01881686467775697	-0.013742804700548677	-0.027845595200876844
0.049448078351184525	0.03618221046012288	0.008899736177996232	0.022196194378046548	0.003942693554825526
-0.033490235343524355	0.026882924697223597	0.023041207017416923	0.02953780463230437	0.042576213485630614
-0.0050908134436268996	0.036156064187029865	-0.02316372478333413	-0.023200228243520016	0.04697950117173938
-0.026705010216249478	-0.01848217156410106	0.011650132504305542	0.020228976295703638	0.0004644622338376563
0.013374337496035489	-0.043453692542278974	0.0028750538866131126	-0.02609041959491399	-0.0305115088118511
0.0015480355083907775	0.00176382529846558	0.018384173932086894	0.02989290168064254	-0.01040338216113827
-0.005416026881367736	0.014503484087449618	-0.001205702868782381	0.006187033929743334	0.0152293333109625
-0.005205647777282985	0.003945875543798972	0.032403311355485895	0.03282019123378668	-0.04028854806847594
-0.004918963747680742	0.006193898233955936	0.005216065358885689	0.005118895889523306	-0.004529857589066048
-0.005456499383025642	-0.00900624530473735	0.0008798180551493786	0.04526718695607149	-0.0020345972066912917
-0.0045541374083955775	0.002491710456677799	-0.025294544006671596	-0.025000904631392908	-0.006685566253472049
-0.03843811107445818	0.03354118197205867	-0.0008697326153998611	-0.03243316906455136	0.013967416156453381
0.01234031359544152	0.017355580551337856	-0.03078141050427003	0.022139046119176036	0.01650290068448845
-0.01689132196220858	-0.021675412966376584	-0.035960028503665954	-0.007045146440529609	0.049450300738847805
0.007036026420754578	-0.017498762161883726	-0.016960608639515096	0.02491097367034337	-0.026929648373398583
0.03554621796027185	0.008122936469278912	0.017011033140111882	0.023864424111741583	-0.014877446394465595
0.017371028354319674	-0.006418050797505447	-0.023060646407555632	0.037301487682161676	-0.0035269608611232933
0.010043348814313204	0.03707347920087395	-0.02085549792586749	-0.028473087959536725	0.0007735210734919149
-0.008184852245488816	-0.005390472173470421	-0.018553384367740178	0.00926543400733082	0.010341451697252098
-0.026012495841789145	0.0032255961732641537	0.027316040877815508	-0.010515147102147635	0.007367025317417388
0.025381449067757376	0.0014711239789075967	-0.001762440913552609	-0.00690502141598394	0.012660085677746817
0.00323351171019473	-0.005225964409652275	0.02983137917992816	0.011758878093220265	-0.03570176549169026
0.011123500680417073	0.018414762689064057	-0.024679913296244443	0.021274747886772787	0.03444595083339299
0.01946466003326698	-0.02489544405756966	0.009322771003726162	0.0004891007096376708	-0.01942893384875819
0.009934192774092722	-0.009197734326685697	0.011016544065057355	-0.018848737754902832	-0.004569224808654432
-0.002139046282192596	-0.013392329833088244	0.00804620070563041	-0.004992667382096245	0.03599853947151144
0.020884776641657207	-0.005294964126467619	0.034669209787342926	0.057637936916793815	0.017215539167867604
0.026530525473131467	-0.011972782697818022	-0.036509643664237146	0.018198199300979417	0.0115793626489385
-0.00397240327983035	-0.0039647241207626934	0.007543605642679033	-0.030060632376311562	0.01054240772934422
0.009904184061501963	-0.0017490689350208193	-0.008489602839251577	-0.02215878704483549	0.002420399251617653
0.03910142086350212	0.048867482683374874	-0.015705577490395473	-0.014921355192990746	0.038358936625178405
-0.007743667903892371	0.01398624840906537	0.012128365501438016	0.032328748201978216	0.020046585557774183
0.001720545604525991	0.022537948895173573	0.014801720730349811	-0.006820201763550952	0.011623106736756967
-0.028096602912457296	-0.0216201981587961	-0.028134013525073772	0.009133851520741027	-0.0026190616572521015
-0.017379322470090455	0.014224753745628427	-0.0004407265694566474	-0.02635245822810231	0.0029383431475036264
0.003362039814226142	0.0029684523533557816	0.06576745889425875	0.008935514809327435	0.03896431008222955
0.03908576074259352	-0.02702499435957106	0.05425842594861166	0.02920165609217539	0.01103962708903271
-0.015825169008032883	-0.0019861239783954474	-0.023760406177024893	-0.03118585183650696	-0.01901562366292188
0.036868667832674715	0.03558988144863665	-0.015417273410997481	-0.02294945174352991	-0.025184564030673772
-0.02248596665499964	0.001333538481468454	-0.021678886959122123	0.037379541979621504	0.0021539542744025975
0.03380277917368858	0.0043776037158324305	-0.000494100717393598	-0.0038942449440890776	0.018933365834440153
-0.04344227949491782	0.01399968619763206	-0.039380460161673	-0.0244746386010463	0.028350567014060878
0.0029933382682033795	-0.000400082029205758	-0.000732140299804793	-0.029848419995909987	-0.021466779257232928
0.008723020289516926	0.01451252936136376	0.046468981343569395	-0.002926659765512798	0.003057982187857601
-0.00419061920375724	0.034456821379239964	-0.015392766131820924	-0.005629170673348586	0.03187261323771282
0.011446142551114764	0.005137638216101701	-0.04141725611405818	-0.023026424474417478	0.010265340741926157
-0.03025578184547218	-0.055513857721359666	0.03166510860317402	0.012741466382559434	-0.008430257391042674
0.0009764443203748581	-0.01158435134282821	-0.010869917162491834	-0.0002837321698546183	-0.007041408953157277
0.004043824991974809	-0.012823082024275225	5.071809027592036e-05	0.007727562916493821	-0.030547809092798934
-0.02036364850197748	-0.016836090014681657	0.011236657939463011	-2.5224102039375987e-05	0.02166691353236521
0.017803572958090517	0.03341323301936446	0.016207369746081165	0.018124062988229887	-0.02566686258697583
-0.013611471436915233	0.016763489074307674	0.027415317253576037	-0.009347108243953958	0.007845933354130825
0.002113016982820832	-0.021866654368041326	-0.01983985921076328	0.009817070234833775	0.02742684586142006
-0.027546103324532112	-0.020871265586458573	0.026188689237393536	-0.00023422728476581297	0.01639811244519939
-0.035695076844098186	-0.013388551198899664	-0.0067467660139182845	0.03947700391489747	-0.022905932300916865
-0.016613779251049413	-0.020599978058117887	0.010888045996704052	-0.0194629137797713	-0.013808391523145617
-0.0022141065374110744	0.024839938482802214	0.030206201268109186	0.016533785982977892	-0.027039701912093286
-0.0016686035410812768	0.006095951180015331	0.018045215308767744	-0.0425861041762812	0.03711736123847792
-0.0030279717088453513	-0.023629772833371275	-0.007052613501395512	-0.005484320563394213	0.038965678726548963
-0.005123851049944402	0.025790796711052673	-0.024609533779614952	-0.029884967184267437	0.019937682850372916
-0.005684070749007009	0.0038080407626224473	0.00797572910054561	0.007163105221632611	0.019291428141885135
0.031317423046056204	0.024559071080176707	-0.006109071531013677	0.03429969057869472	0.004802043494963673
0.025704611243173983	0.00599117471830482	0.0467797512373631	0.010635674066296775	0.005586677098791822
-0.04361965110335444	-0.025256484031635714	0.014534999869960371	-0.00812099472123684	0.015230897010655053
0.016170655084081963	0.011468545997405205	-0.02690252955202252	0.01227038203711446	-0.006121352465139946
0.034083860931278374	0.006818753332681172	0.01940692070903792	0.009744088572009986	-0.03927642501354721
-0.012586265366711692