UV/VIS SPECTRUM FOR UNLOGGED COMPOUND
INITIAL_VALUE = 350 (nm)
FINAL_VALUE = 800 (nm)
INCREMENT = 0.1 (nm)
0.3656171439724985	0.3638406302529071	0.379703108708147	0.3282801825736419	0.37431191936497166
0.3804390202644238	0.3434272585750218	0.35334094927542914	0.3252068362276787	0.3181821459709664
0.3336943232877082	0.33529460042939124	0.2974892627520659	0.27672362911052995	0.3167670716889655
0.292343107586321	0.28475313256851376	0.2824062816251043	0.3383498902437663	0.300358363313157
0.2754211784248183	0.28693956357353845	0.2831951774904429	0.27102511849585376	0.22630400029301484
0.2821248286893757	0.23936805835258007	0.22513370366942012	0.2280736782234663	0.27259614024524426
0.2564892826984586	0.2575050778848545	0.2776180662239842	0.23267740546909457	0.2639926826176886
0.24448965865712535	0.27862229353665396	0.2262086755186889	0.25629914847261015	0.2140597560296774
0.227852466136696	0.2092897218624108	0.25085237927074117	0.22038243889958686	0.21937999614552903
0.22978564510196714	0.1920619935852411	0.20989209500624165	0.22592814479037046	0.19783265113582493
0.25073396511571355	0.17847755708241725	0.22138151197148595	0.21391726942207656	0.1942289274090735
0.22267745489334329	0.19043725304420658	0.18164216973171185	0.20374188969587348	0.206321103433457
0.17790965821579655	0.1925608306067662	0.18488869776417327	0.1785416101521909	0.19588412983982936
0.1927525705223974	0.16105138094503582	0.17872052973073446	0.1695374372760069	0.1840888810027626
0.13221716342273612	0.20127183037717705	0.17277353268703377	0.22680900615822486	0.19859864098460536
0.16019500020875288	0.17209931431730346	0.18901717695826697	0.15621748183440343	0.2000044327852252
0.1896319242931088	0.13526201840461563	0.1765363344126277	0.17630941800880692	0.16804411852700235
0.19787961383797073	0.16259942806228078	0.1443258874219984	0.15453131911242673	0.1729153374884379
0.16201602297662263	0.16228855235100023	0.12122673299425242	0.14812256682044445	0.1603596402038496
0.16028786079290702	0.16092890186260322	0.15380986599839055	0.11064505983876323	0.14095939289072665
0.093412963373591	0.14154594432922424	0.1211045212107186	0.17130790973044424	0.15640685470367469
0.11648300291262217	0.14136656339491488	0.13083782876581326	0.10470142426838813	0.1380667245756574
0.0991817936177966	0.15519731284670207	0.1318295062596093	0.13653564739868415	0.09573827426612447
0.16117273929178574	0.13309510257664137	0.12713772244719773	0.11668115749855804	0.1168847086027488
0.16363416204739709	0.12116068378916894	0.10507270646628827	0.13264387458601562	0.10941572259488563
0.15327247507048058	0.14567118322105244	0.12113139386470817	0.12144396814895901	0.1203484790055821
0.1435316576972785	0.08311069864610023	0.1309009279383774	0.13445503425601968	0.08681828244231607
0.11547036381831825	0.1061222335956519	0.13588244223269016	0.11167153797151233	0.09755594056275267
0.1265723760705846	0.10795735846304011	0.12358249481263048	0.10184603146742421	0.08474374548814127
0.10053431917624052	0.13846082797508522	0.06908285885263822	0.10554796644942757	0.11605982527997367
0.08156688687331602	0.10507938761979987	0.09546289526072699	0.11854757679426997	0.15549607769801602
0.09852186852063483	0.12691423429190793	0.10555682058618647	0.1283908964758562	0.1023930228482328
0.09144410208613261	0.0996885661987487	0.07851064333515566	0.09276903925973215	0.08901174762025774
0.0826765820478447	0.10864223452257919	0.1115613595399201	0.08780668005104239	0.09368774186148335
0.08352177019240464	0.05094757133988563	0.13424958948042728	0.0766246638517919	0.12130468461318654
0.11880296782074676	0.0789264475614934	0.10892649008891375	0.09886116541886367	0.10655567657737923
0.12996586355310083	0.08080660967053067	0.08954462386383183	0.09535552209938276	0.05476133582422922
0.10452950014643823	0.12018604526279358	0.094441500754994	0.06979451385758602	0.10624516740063991
0.10300768559089937	0.09868823382920786	0.06956416882607683	0.08005263233271331	0.05111827905711412
0.09196106030559068	0.09480686255943391	0.07135752418174307	0.09968723152150963	0.042012573270448605
0.07108135948595395	0.027981935846892847	0.05307134416108145	0.11939200009497108	0.05272772689705715
0.09694639457202667	0.10407544571929668	0.05702202940953906	0.08792834460109067	0.052641866499911205
0.07620626802043842	0.06291181167971402	0.09802511588417583	0.06187845192915832	0.0902482070980399
0.06499260557182514	0.035191082432296454	0.0421209154704067	0.12107692882484378	0.09259666139768645
0.0806121145702645	0.0418440648950104	0.026959093146622756	0.08555510269678082	0.05002094363813062
0.028577113770834467	0.027497826792758587	0.04625345076280059	0.06033553321854472	0.09696213458408665
0.11660021295604618	0.1028859104354813	0.06757174955648554	0.07087297425769125	0.07653844108943897
0.08128132519380488	0.054307319069253714	0.045864759458161895	0.08991568957481517	0.08449331398224899
0.0320011090646388	0.07924145815851721	0.0733653089732983	0.08731915643003364	0.055532094848508656
0.08921362279496493	0.05928204266174454	0.06544930106076176	0.04437534204983232	0.07253432005622729
0.05549087614961592	0.07723414150033127	0.08425019483479916	0.06510390644453246	0.07567255604054432
0.06562718699532291	0.09261434466537269	0.0853291665393435	0.09016064199201329	0.040037372213907095
0.07427379314597239	0.05194467360422191	0.05033822187114075	0.0650960184120685	0.11823787043871319
0.04719601572421152	0.05645559337208602	0.035296517887422135	0.029416384702238525	0.039368029970636334
0.0564080194110361	0.11944733310567493	0.08014430246443482	0.03292569328590415	0.07938895576789937
0.051022338311051	0.04118403173527974	0.0735467149757722	0.09505450142883225	0.03799776772137611
0.07189667483062265	0.06325853712088123	0.08099964773371024	0.09718555932662361	0.07885171589172643
0.055314619994796504	0.056541885018944124	0.06161182593889036	0.05532732920640463	0.03209880657891771
0.100496800405177	0.03207985935974668	0.046534542197899625	0.044428415519162615	0.04674619008583632
0.07072105064046365	0.03652059403074162	0.038947805866537566	0.007537820945837385	0.03601218697767732
0.017103605543092055	0.07926840661375223	0.014664654034025225	0.12260876420372138	0.05303930458901085
0.06729712609235998	0.06168145277689533	0.09000405628242458	0.07323233025269821	0.02675231326310582
0.05912826481583146	0.05361995472180307	0.0678487959691216	0.05536630293625473	0.060444922976549825
0.10748766970615248	0.08042652159356453	0.045113548247018416	0.052506337361320626	0.053278432664005906
0.027219483818157288	0.037820950405170785	0.08635139309346386	0.04735301592860454	0.09199440898958446
0.03230167464104523	0.04993584468679158	0.043105167693830486	0.04656020768497325	0.057252031390589195
0.032553195522037975	0.04872636253226957	0.043120244371493574	0.029416695986732945	0.03263010210340969
0.03831859914456655	0.04215211117087196	0.07288611034357867	0.08766011876553494	0.058763187348785634
0.0699265522595217	0.05879923118998916	0.02863899679274451	0.026112781326761113	0.054941114940202776
0.08674374825250813	0.06951180933359209	0.05250308963228868	0.08044401437890056	0.022415769422517464
0.059445567545960934	0.04459749054360999	0.08254880609045459	0.044970649022807924	0.02822543268811838
0.049175085469708495	0.0825948570816795	0.050324550257711	0.009343705621026814	0.05835600073692325
0.016719959591957666	0.03947561912874592	0.05847100782781761	0.03229352526349961	0.0925049123469708
0.03967821743309177	0.060416447369143506	0.06833428099134643	0.027003024272446014	0.023771954280944724
0.0802525449397906	0.049092640667647194	0.06500551506057871	0.043079616165952926	0.03526596157105569
0.03265123035545526	0.06328215903366254	0.04092400937957327	0.05780149273712578	0.04138317698888049
0.06294413077813751	0.03406821710113848	0.09800291516191328	0.011047765112297799	0.02818453708257283
0.07018355617457342	0.054923939768715936	0.07302999649248523	0.03512826265542544	0.002416746755176231
0.021433397872717398	0.042044936354093135	0.04114783288282914	0.04976178659301721	0.030569511273002316
0.05317476746696512	0.022645995684846133	0.05407922602842419	0.07356641915882481	0.063965251644988
0.07509173298711494	0.0525781885283643	-0.00043754278622440065	0.05244593612735561	0.03947832459299803
0.06132493483385228	0.05779653134086515	0.06741271118242571	0.0418768905681086	0.0775506764488653
0.05196891636371386	0.05509831617856962	0.04023594279481414	0.03820990058611245	0.049474706458905046
0.03513060393756028	0.052732910003288974	0.026681309333617335	0.02183590224855069	0.03702440721621645
0.03767832501492935	-0.0072091253112729296	0.036081684201973156	0.0029549647252162196	0.043999095371149245
0.0434136853392287	0.05721183009970924	0.043069600022826	-0.0001869872633650481	0.054991188012477044
0.008310564960793333	0.025532733412764953	0.05757958140874342	0.052036411896610416	0.05094870653215069
0.09823444246601393	0.025597428663393224	0.03373881494378413	0.059668984269294886	0.0719173631152672
0.03796532092332198	0.044061725591745586	0.04114287765806594	0.05578289377217569	0.0349916420656102
0.04260920755832103	0.036402007777061034	0.05781214440486296	0.0354326700152289	0.020289891187752252
0.043908457740469385	0.05223195093989051	0.04534421896336067	0.05938057125419377	0.022392775672225668
0.04754784785791334	0.04245967126269126	0.042959433605022225	0.058588325063863404	0.02118182027850874
0.02262631801034552	0.034060803863082356	0.059972076835155874	0.03393623585551285	0.07306268017335973
0.018306773019098343	0.07616324867284424	0.0054164698752332706	0.015899413740582125	-0.01791894939646082
0.05800654308397303	0.04989394872772169	0.05518726161698933	0.052224516781553765	0.020632746122871633
0.008210586843182079	0.013149371607408443	0.05728730018923413	-0.005858459957992494	-0.0035891004253634177
0.03909498826157738	-0.011279287999409478	0.03657033987828575	0.036942535428226314	0.06775325213811041
0.03035892366491833	0.06856106816210265	0.004391128702602439	0.025696104074895237	0.022553479628209437
0.021485374298193936	0.002320625536676532	0.02061931832117792	0.03508595913981885	0.055720316739737874
0.025170257112690886	0.03538779703630909	0.020335946260179108	0.04607767059817519	0.030673738286580085
0.029221062621281827	0.06479921960572013	0.03119113551955328	0.04380125789076968	0.010309845604721497
0.059029443012070325	0.02289571643351971	0.06127976819367399	0.018694336456955396	0.023363262315294182
0.03497808228898315	0.03933112233164021	0.005073663935068948	0.011514240282518542	0.04923020674019991
0.0109920631142497	0.029065592206775025	0.013871796165758588	0.016188036269168204	0.03815659844120169
0.04708054841964451	0.029893789469689874	0.043399859942229876	0.05663101290637201	0.024441855647641418
0.017218341229887368	0.040636125520029064	0.008729690619302004	0.004410910292440106	0.06464859636212626
0.016295873404742006	0.018826819052875567	0.052752903229992876	0.007502904719613599	0.03455153606366492
-0.008830169306966305	0.03552679837585455	0.0029303117511980618	-0.015966024530270045	0.030952073515809395
0.02545154751166958	0.047000024755987906	0.008771659332014924	0.05579295929744315	0.015624276372302206
0.02179013335659451	0.04869625389778641	0.04972077428487568	0.03800750837253401	0.00799605519364121
0.013945884628669684	-0.019807127831897316	0.09388590623256951	0.028515248901295698	0.04427642653260127
0.02701013175053955	0.050745793452501	0.04415550749474035	0.061166684438549945	0.06009823932272645
0.02780445553589865	0.040370517878565076	-0.010092371276207959	0.014578921691029713	0.056464836474261364
0.08952718526228634	0.029367118794865532	0.02909948395248975	0.038246873019528144	0.028472142661343135
0.03043787250958431	0.01803434981768902	0.04471903324647924	0.027678939651818803	0.03524867776718006
0.05799129349531286	0.0585174482544331	0.04217928650720772	0.024090200250529818	0.005184861353642222
0.03789231821187236	-0.009624556670562091	0.004926420943899354	0.01975717737580461	0.027188460262111882
-0.008809219976240863	0.06105145158872519	-0.002598432399911848	0.0027940694190517895	0.027748235668188393
0.033485412096658285	0.00927654481892013	0.018024683114420827	0.026524116309014616	0.03518423837419792
0.05709091900094412	0.024557792413362582	0.029469813626349834	0.009812760812734442	0.030469743377512626
0.04618198018234059	0.03431177753791748	0.003944374403478724	0.004217214994242945	0.015150506745641393
0.054912428087244766	0.026843804499991495	0.047316736265574075	0.033779691063147654	0.01936987470854452
0.03854249340949226	0.02374056009860749	0.03614292297995173	0.055572641667721336	0.03192131645793876
0.05437186794546254	0.06341947581897878	0.02804666759991093	0.042435959848274044	0.013660505353291011
0.013632410965547499	0.04056336897424135	0.019545109240833646	0.030086677433467407	0.03342013073143315
0.005243484802991651	0.009056001957161879	0.04313452237258379	0.030487749043953117	0.07854138068548107
0.04074115980208415	0.04523074181590618	0.03063113598406285	0.021702643744369293	0.03611310742922983
0.03717566337905413	-0.042772010049672606	0.03834627709925038	0.06049803292905133	0.02614438043275059
0.05237147981895217	0.02213800976199768	0.03681338428035948	0.006248427118273212	0.03823916906766131
0.03482107793765153	0.06956687504306133	0.04132424617934102	-0.0037987601005462605	0.046407694147564564
-0.0014778356040355566	-0.0013272938434479619	0.02983058130047023	0.00434997522128468	0.027656428871003832
0.007284197594659175	0.04898522885418758	0.024437833785876023	0.03648225636197805	0.019022257090424616
0.03187977104483786	0.03250603586953255	0.01675412124509519	0.033132404770888677	0.008789501471587816
0.0752240374035065	0.02878264361130057	0.04299164307069098	0.023746797428477864	0.02180396863859534
0.043277773123982524	0.011768315872760579	0.016353226770174586	0.02217783261901693	-0.0034343890530434394
0.03436351767062805	0.03469861245384541	0.035359515414711634	0.025603419870596517	-0.008914231529243241
0.05481200309114004	-0.000840367265805159	0.027963828982002087	0.02339323322739954	0.04535095321836304
0.03284400424494529	0.06571760908755497	0.04292119783221281	0.013719155138544912	0.049986078042057513
0.057357971167288156	0.014831164369828665	0.014964820830115851	0.04117673942474908	-0.000478228941821627
0.03830038658462798	0.01762021403788974	0.036617367913105665	0.02571348416886137	0.012443029198191798
0.04626132685053968	0.0251283979227615	0.026924188645955707	0.007979977769300706	0.005551679552538415
0.03880775203477962	0.02461081201146713	0.04311478251540138	0.049754000576512664	0.02495120585718044
0.017373306392274017	0.03362572169818675	0.04349581587771676	0.01684320417482191	0.059116880137254926
0.005469380940233901	0.02890745053138729	0.025941533253410684	0.056743169092527586	0.02656626963416489
-0.02218994515075639	0.006188887500624917	0.04928816803307946	0.023689125471571457	0.04869413541906388
0.010028671822072639	0.042065540876570565	0.02313419137201727	0.017039784842554136	0.04094367071667182
0.047177346179843475	0.04439988470082953	-0.01075876228523337	0.0210727640109835	0.04345697448731262
0.038129082035203286	0.0010599735114205809	0.05233634473146799	0.010461841180889771	0.05611481656936891
-0.004667005481812638	-0.0018050630848753003	0.05087551621143104	0.006798523815287832	0.05125288199325276
0.046174284301326134	0.022563516536572674	0.01799499502936836	-0.0005574831446110004	0.04209214223790632
0.0231383779931165	0.027283362183305272	0.019887524537502244	0.050922463114536146	0.020882278166980673
0.005241824044127425	0.01706555181570948	0.02143475297617165	0.034811255887874246	0.04888098870411238
0.03331250827864385	0.044592595488232384	0.04290810272846253	0.024623872154270227	0.0037142384124099247
-0.03071714076098618	0.061221183660825726	0.015469293702782355	-0.01116375597037855	0.017515289346916842
0.0060940893789950545	0.050302467099756304	0.04482998111064456	0.028004510136049758	0.03200517132962705
-0.033706734245594984	0.011122421149471052	0.03962047984692765	0.034348324575288545	0.0416959071535485
0.04749372589840069	0.009799169955838325	0.04372033352616997	0.03741354184026312	0.049295506969531604
0.059004307428536434	0.06099190971219186	0.056375581966721745	0.060869124018615134	0.027828241707782773
0.024730785811637884	0.00259646132991737	0.01492501060647092	-0.010242565578628137	0.035571688714662264
0.05189364606800459	0.05897921748313602	0.05601438894801384	0.020147408840693683	0.03607270625868372
-0.0007636944839693937	0.009608792003850087	0.009016216840733638	0.021966250085981888	0.013525444535361222
0.032380191618783666	0.005534354217777193	0.02025550309993295	0.019475860324880016	0.017097947325340715
0.031180327430190453	0.022813407657728355	0.01396291387870131	0.03118373372777085	0.02951522500175749
0.06197096064613691	0.03788809341163345	0.009608296147821858	0.025668732780830573	0.04771841545147354
0.004247518447422345	0.060788707160831776	0.014378215059719488	-0.005413171816350752	-0.012772262672014492
0.030925908687101697	0.02455728630907667	0.02253903822897844	0.02707774962583194	0.004298231274264656
-0.03007907458919478	0.0056062958364170735	0.01356949095919319	0.054203568236644746	0.048325669223471895
0.013382630240999015	-0.010358479016277511	0.026294572685100027	0.016352103945544746	0.03906993249761256
0.0037344277943929787	0.012794984802221306	0.036504628829593565	0.034261938266753104	0.030428330445919655
0.019821142523053396	0.009699068518182176	0.06570677008162629	0.002850195354336062	0.06189946658603934
0.04026292189642896	0.023690908292541266	-0.024006238697854912	0.02323519563929375	0.01262991913520059
0.012784600097426994	0.023228100081739277	0.008452744179814353	0.0007635908349981129	0.02069511952829271
0.0011926855460323484	0.013741077936209304	0.00093758776677569	0.036847279649181	0.015334981543014518
0.03909014416722035	0.03507923790596412	0.036353901368367095	0.03500367813407284	0.0068862419443108495
0.05070071958130837	0.021695360444312375	0.0655790163934141	-0.02660159736435616	0.026505416145808244
0.026811165999935084	0.004286177021464109	0.029828996705097897	0.0340949106127018	-0.008550587468088615
-0.011881336126126959	0.05443810825450966	-0.021985015991155193	0.01781537729101595	-0.003129746917618264
-0.010993248651968468	0.025618631527747435	0.06373858574460656	0.06803337253487754	0.029326645609650145
0.006731008671988888	0.04934611692405424	0.03477410712490353	0.017236509986983957	0.05144079095335855
0.023654060725701434	0.06402750521317033	0.006437831870227076	0.006704437572827268	0.025062198280935782
0.04967700864131875	0.023654852096950472	0.0011812512871808962	0.0013259740995898296	0.0053171242090818
-0.0006568361100862978	-0.0039772907357543295	-0.008200527533628096	0.048282141687590804	0.03359218164850731
0.021361469312528646	0.0379966809197619	0.023573839946937892	0.023259725916035208	-0.00456555166810721
0.04894781017252485	0.050324055609795665	0.016672782842604376	0.015906682907767627	0.02554984741216392
0.028992098907345748	-0.007504280872714533	0.05521044547638854	0.006525678739403699	-0.020649940000618382
0.06044934925330402	0.02135078057644532	0.042163987981631144	0.054750842562881534	0.01873950270276096
0.0209762823042638	0.016807967875062328	0.03491489165801428	0.022465272764536037	0.021442798985040805
0.022507964051893918	0.07060270170585091	0.047806460986869664	0.01760743925155165	0.003157616532734591
0.008948596961858468	0.03411308883043533	0.0440978508588879	0.07903733327683461	-0.008742634720119567
0.07144545847459752	0.03374125231016939	0.01301894560060013	0.020567665915727246	0.02286765526518529
0.03494787294536287	0.004443751310895025	0.02056342836951078	0.015034284617747817	0.004693615894050039
0.03727866267108004	-0.0012389411863702477	0.03197072455710083	0.029181922009149142	0.03046858679820008
0.059929913698964374	0.036117729907928026	-0.011498438519453699	0.014360441490455763	0.013509980476723065
0.025636695082221952	0.055081273774788476	0.03674676941318714	0.041146038877585	0.011880695101611907
0.025059086124181878	0.0762870411431436	0.01858355038687232	0.03094621173279414	0.015548365994456694
0.023845072366778283	0.012005092060762414	-0.008257279194138352	0.029647213540530824	0.031518502031691785
0.03762803680753571	0.013743657672013345	0.01841679811112764	-0.00032501946425000754	-0.008656853745761766
0.03291776044912853	0.05305269136617146	0.02982820070155949	0.00920602656623272	-0.01273961354479456
0.026573303890572154	0.030926417308062074	0.06081351191622476	0.014201235208192175	0.038510615156854486
0.015480820225350671	0.0028796249395563844	0.02201164052333354	0.017419295164310594	-0.02792927861320797
0.040905151614860476	0.056978415563976655	0.034626956986374635	0.020273457062711355	0.01599539409926077
-0.01478260949062108	0.017049781092617452	0.03292283179547524	0.04698141098629553	0.04951762524008574
0.01404198126746564	0.030068172379667444	0.01488311422783609	0.03590770456545934	0.017194182036567494
0.01881939433932556	0.04670083258968382	0.035097126893746666	0.034613116388593795	0.060042176678621086
-0.007824115696436325	0.013317012017673914	0.06449087046852398	0.029097740100114997	0.037585340846367846
0.017653797266107107	0.03924136981041616	0.02392261615386452	0.0460592629095385	-0.0019268980435699391
0.026803768313603947	0.007817629943410578	0.060241300003171856	0.04434257712743828	0.03676723908508456
0.03243230397389972	0.06381230501792469	0.03815932765576482	0.017910832208762245	0.04245818414298057
0.01392400202207508	0.02973458129225401	0.043219342932980874	0.01317226407872222	0.010827114609806633
0.03158935853669161	0.045890205655449615	0.02941829091647965	0.015905477901320648	0.02623321040357903
0.0009668357643210831	0.02351879464730616	0.047857000284986	0.07790442187182078	0.048039714955487145
0.04391693379458561	0.04777345953820612	0.030142409913504923	0.05687453866714491	0.02617601154027129
0.02637624439084525	0.027763679799780495	0.06789220174720377	0.01790221006520502	0.05353690583341308
0.019729635202540945	0.016589768598626386	0.06405674160485993	0.031238417468708375	0.05235925534627614
0.049325634113284327	0.02708130375374046	0.03160182250740849	0.0063848429883269255	0.022242428633693245
0.06856901453761988	0.023616135583577648	0.008140003360588935	-0.001553734262212978	0.010967187678809998
0.03914332522657474	0.033756472748420925	0.0031820230559242157	0.015333266819174528	0.04375228486773853
0.024178519222503077	0.03128121709902918	-0.015080264322800263	0.058926572122229466	-0.004643113517537239
0.0005084139845215425	0.01938734007096477	0.03202436451921414	0.035200917219659955	0.02169981284022916
0.028887850392737335	0.03160906669015501	0.007113749650394916	0.025643272961999475	0.02125816977917281
0.07298314233388441	0.05583553275385707	-0.0012227326102077002	0.023914958365029305	0.010596739599453562
0.041581721467790274	-0.008261511604128875	0.04565987386306819	0.04072705177600757	0.028292410190764308
0.029480886180524087	0.05126398022085354	0.026021939050704664	0.020089623521909024	0.01533909923282117
0.059600939728140644	0.026836025019541684	0.06737450614504976	0.03131173513107264	0.05680508620508003
-0.0013091072650976156	0.025263770833944755	0.03561236839375453	0.04039681169562474	0.02371969375553052
0.004370125203847068	0.028875138721629768	0.0290537372566452	0.05701428315889328	0.04548809541405131
-0.02742584222509073	0.009843703600351987	0.06315275905867195	0.03213052661015168	0.08361318358968231
0.0352617895341238	0.020364972916378458	0.03508168484697188	0.035652719989993885	0.04153824953863937
0.04644599480606561	0.06649383699395722	0.08567179977437797	0.023324211861555817	0.015743388178013885
0.042578743005476725	0.04519457261804982	0.02884524929602616	0.057408718297111465	0.023460594190659014
-0.012951860883624126	0.07151361548436233	0.04158553684970334	0.01535576985557668	0.05274512614815423
0.013755152578385728	0.036702067258816716	0.04566992334321512	0.010248780560817511	0.03545087106645908
0.03016182274716326	0.028220872911169814	0.04373805206551748	0.06573051649871785	0.05305383394882575
0.0029265354113366697	0.022135166308243838	0.011526869255000736	0.024278151640888174	0.049363715442238394
0.029017130259252427	0.050439205251786204	0.05035618505399349	0.06869667861153701	-0.01001300413913898
0.0749777189236959	0.05364405778493321	-0.0005646330471061464	0.06224871374130062	0.04144467055838445
0.02788955607631834	0.06159876733891066	0.013585020930142213	0.054044542416496824	0.06763966656032863
0.029126508931029978	0.024662286741522578	0.017728839364756003	0.05683970847730163	0.03577995995400168
0.03105182165119323	0.009992890303644428	0.024319785505040898	0.02947528933863107	0.05867457649378337
0.03373423716108501	0.03606986623090991	0.0014326095864633601	0.03304676636630069	0.05235814004800739
0.05211212660089415	-0.013626866598906566	0.06257318510812741	-0.0007478666027149155	0.035863196213006945
0.001905195550038468	0.048235147461044375	0.06736185558484349	0.0583791401931842	0.0463012994516598
0.058283958653283244	0.0015066937750666583	0.013494251282525306	0.05494916464593153	0.04140294552196609
0.0782376305336279	0.05583191276197569	0.03969642462253773	0.0594488424733262	0.05740953131460845
0.0517061538024468	0.017036532995520957	0.03367993698591117	0.05963760858906125	0.0514107059722101
0.00719550417616035	0.01053803920086133	0.08658053968192389	0.03536816847378624	0.04329135810718218
0.01141862013157927	0.032847532999624306	0.05048357178868594	0.022224999605879196	0.055041642458440426
0.041870858959732075	0.07482485703831983	0.016087944527845077	0.03814745695191983	0.05207959832000961
0.042143833662002174	0.041846078847504145	0.06355279570826376	0.03151306233862959	0.08911576536935943
0.025669304645617765	0.04742864627002174	0.050885910664076696	0.07004235522452872	0.06450336748506277
0.03830825664077912	0.07000282048186031	0.06747271163020328	0.03896342097164067	0.07271678321401885
0.05180734453409784	-0.0023577957385939093	0.05404632863744616	0.06565116284865997	0.026735703732555925
0.044623103981397315	0.04935614650768824	0.05667843326238975	0.049034111037225755	0.0290317242700685
0.03547584670847572	0.059912574288229256	0.06571553001246859	0.04990757408778705	0.03231474335316245
0.04131045548314696	0.08228666701173061	0.004377246671764879	0.02779800632583613	0.02596056832166315
0.03195675656646875	0.053806116246235165	0.042294501321097314	0.0474409145492335	0.05032047102884464
0.04556012546090444	0.05297013958764845	0.03564375004935918	-0.007501168878066163	0.026825110837476043
0.04057421887004494	0.013148256062047496	0.054344482577107056	0.01779882966420008	0.036168257375370494
0.06131648218303496	0.05066617669035785	0.01659923815920485	0.09191479800067477	0.04796136393102664
0.044124246796641196	0.03470458316739888	0.03213649464741896	0.027993310189654556	0.049834227296904225
-0.0006904624672628553	0.05543660915754813	0.04008751020304313	0.06735354317877269	0.05834374353875109
0.052285828586080774	0.03685386092328546	0.04613962669314144	0.0343540741017861	0.04513235914530971
0.04084602717336778	0.024244029194484016	0.016875079881953584	0.056209491201247755	0.011312846727778197
0.08300760303300886	0.052218871228619464	0.05554836274312488	0.04142830233356702	0.05600855978866907
0.0514667848993931	0.03399371145960735	0.0325395515740885	0.037380735731883254	0.021877254709497626
0.03737379949903573	0.0418067812669891	0.07721724793314008	0.003756433740879088	0.07478196200279974
0.07468065018557878	0.08888432317948383	0.042181838134585384	0.09331221634205875	0.04328705022311352
0.029889915426729866	0.019425929309251008	0.06293977500076366	0.05220539270715303	0.06867575765910817
0.0483434366417954	0.04639112772434142	0.06198113934909203	0.02648022479211589	0.01757645744418078
0.03457619406393127	0.0421870540075463	0.06075215547827474	0.07170577762247507	0.0700924296299974
0.09170589576471008	0.06392090729900811	0.07616543557442157	0.04002936971012219	0.04983796928595278
0.04546085246876666	0.09163008068179355	0.0739410435447831	0.03790861825395252	0.028991867096889903
0.05870873144295709	0.05429572342525554	0.042153787570891416	0.06298222768807095	0.08125260674697753
0.03916340241934433	0.07151548510330215	0.05355092789554013	0.05493981803503236	0.03758853239406045
0.04806223526202892	0.04986836212410669	0.036238807196349455	0.07820358229502344	0.08582011085260746
0.08781917876532239	0.06583185432743627	0.06301748716182523	0.023934866842464424	0.04236807850394411
0.09042442945322904	0.05610825149434072	0.06698081444533877	0.035051195240917835	0.031076540912393168
0.0585082199659087	0.04690240505662852	0.029220836753941784	0.06854940630798319	0.03690534496155495
0.04137167309970625	0.05847377773550542	0.059424704494682415	0.06705913187172705	0.04915072390639573
0.039788371037358765	0.0981233510454003	0.08032582261989396	0.0512813566078182	0.0954027688859395
0.09774490441437488	0.06569582844705094	0.0746552602649646	0.05516092739937887	0.0897558737480691
0.061614933011234094	0.06590624564367982	0.03560110382783561	0.07772398202674377	0.05755874833826789
0.03699436672646656	0.04881413650106539	0.05194613618526517	0.0960577370284125	0.10289795267132625
0.03600715965808175	0.05055529415015719	0.05351518472403385	0.02709286623289532	0.06247875486580013
0.045298761721854874	0.08330187038168345	0.04968398580413827	0.08052237542821153	0.04642618532942697
0.08245634936059089	0.06602805472617741	0.06258951579944963	0.03953258261197434	0.056832959494304516
0.05490992972851326	0.0521205518723491	0.06596007631495215	0.059463812157763606	0.048845610566501996
0.07908697565603777	0.04734638513131738	0.04118089558193188	0.07210415978068968	0.06092751493320387
0.06059594915436588	0.06312603445995282	0.05959301024352658	0.0787678161020047	0.1036764430797713
0.05053593245097852	0.06512719200699163	0.05760648066687281	0.06940718617093164	0.080631153787361
0.039038677637607294	0.09345578729234948	0.07023094782026948	0.07045537982030672	0.06818399215598721
0.08308711605471962	0.07497391458580104	0.08586776509191787	0.05179580636941786	0.0513841679546357
0.0870163742411798	0.08779749337667896	0.08632706658216925	0.04993661133131448	0.04063400301025103
0.08703714326467249	0.05648310406841019	0.04461909291660929	0.06963265407220051	0.07670326218226572
0.08061943265406976	0.06946705969080627	0.10148642346223774	0.05599188961525225	0.10876850015698933
0.0797528956160033	0.09971241470344726	0.07608157176632235	0.10525303531675004	0.08261883075005749
0.07855055909752327	0.06911094804818163	0.10387345920377965	0.06442687161559782	0.06919315424479346
0.0652036880165402	0.07351329743509574	0.07357658256514682	0.08390697874660605	0.10160477548626447
0.0671209866480277	0.1249080456747029	0.07812410430064994	0.091208169120829	0.09875363746701973
0.05363212933225569	0.047069488132848995	0.10000059188599317	0.07028853544953235	0.08383120828563415
0.05082017534934177	0.06250982704299231	0.08649227695556996	0.09419864512461175	0.0850128764634567
0.08270514712931795	0.06931570847605982	0.0495331027071438	0.08972150052792045	0.10994095736046385
0.06396093501266854	0.11047658449438394	0.08358922587444846	0.06663064263536453	0.1001331697972349
0.09226508283610214	0.12402552742018245	0.10856546892163318	0.09078212113526815	0.06330625703115318
0.10237371199735405	0.0651919761086982	0.09992852078891763	0.10330295482084778	0.12810373122954694
0.057624592346749354	0.11379179006437197	0.057532653694246504	0.11539843905575398	0.060019115143571465
0.07650548692180367	0.14626288649615385	0.08679481353625637	0.12203312755965501	0.109084521485308
0.09593893347614996	0.10980228453684716	0.13136109231863702	0.11826757271981636	0.12473554104735562
0.0924882491912083	0.06503061238530157	0.13860765158429011	0.114145959611751	0.1022797985644163
0.07755432072801809	0.11393489234107	0.09655857637882002	0.11685627762499454	0.10301574722829406
0.11180666565433323	0.11591006271268083	0.07245427897727451	0.11326236623051733	0.1298149076235312
0.08820346663815308	0.09345518814087284	0.14165495571683656	0.1684431641257787	0.10307219771169834
0.13362100996881363	0.11960582871768398	0.1005693626919585	0.08576918055090318	0.10426581620759505
0.11577488946143541	0.12391470839379638	0.11053683732406784	0.11294707513766548	0.08883005186281015
0.09584299741036258	0.14394431515618322	0.10542105322258857	0.1359801461708413	0.14202736312847472
0.11921927708357702	0.0838799460750242	0.11949140309362578	0.08310065376477642	0.10420353640041335
0.09568204342960175	0.08785907957705977	0.12342275679834083	0.14393671690886417	0.09562013793256267
0.13406576425489317	0.14135176808754998	0.11999878898950277	0.08751733498897361	0.1299595177220426
0.15384266285619502	0.11166961144363755	0.1644272660462313	0.14834646795538786	0.13230212029628508
0.11822203866669613	0.16002523830641438	0.16344717222407806	0.1297150634525469	0.13197700836738033
0.16329559676613864	0.1665155568665305	0.1815769284929309	0.14856136570823675	0.10198546773751672
0.15017724840837662	0.1322633188907127	0.1462463300210786	0.17652481344113244	0.17081774925024582
0.1457244754458595	0.15885811165571595	0.12835008495315992	0.10823258620963065	0.13687186981014374
0.13026674754483325	0.1704778334490276	0.21043159908420186	0.13601378166824635	0.17056063894884044
0.18141212948017554	0.18012456996303494	0.16391858255074865	0.16066107040291697	0.14669939752273412
0.17896156770264793	0.14839838085965806	0.1941788162683968	0.1512630542226054	0.14853826142353893
0.23722569718029296	0.2085412553178595	0.16023924214591093	0.1396087769034527	0.17101270983878764
0.15845288034115518	0.17768391610901355	0.1487408495463977	0.22631496010781066	0.1464804892902362
0.20514481940176588	0.19836165978726908	0.20987146746261348	0.19233841533772814	0.2215316667650086
0.19365446431889188	0.19968940847435815	0.16970789049420357	0.20091107937203817	0.18223782920989334
0.15976966150377558	0.21219963378292778	0.1975297099810339	0.19437116732665827	0.22664617080403773
0.20376686936810381	0.18122730690456915	0.20215399787920077	0.2230878970386969	0.19906536129305089
0.20865410091225814	0.23935362940985547	0.19090659222502626	0.22438598830390105	0.22781971826602418
0.2055417120322943	0.25282337483278194	0.22787524656975816	0.22166590225968574	0.2316710041953307
0.2011102283751381	0.23036835812266906	0.2069105116536662	0.21685083977702127	0.24087153234361006
0.23585683242894764	0.20964189310423365	0.2287547024054654	0.2403256163940662	0.22818271857426928
0.21218570861951405	0.27562739886401094	0.2572642490955835	0.25431600591407283	0.2604988276927828
0.2371154112167628	0.2330362176152348	0.25732495075126455	0.26327874996383843	0.28664016343395055
0.26444620040799827	0.26211486953155844	0.2542498195814939	0.3012848250357996	0.23884705920329302
0.255427769272199	0.300163797679516	0.2450173010121339	0.3193653913925825	0.2905000206730036
0.27396339694532984	0.29172108814187775	0.30500006083667597	0.28398760161637476	0.3102870880087921
0.2899525735808292	0.2740044203343505	0.2846922318416975	0.33262349497254395	0.26354527249541004
0.35950301221399994	0.30254284686755994	0.34543493532146086	0.3064554468423502	0.3343736199717284
0.3772183321393054	0.2829774487318231	0.3359015010492985	0.34698669494219736	0.33308838821518033
0.2764110550466269	0.2890428899389371	0.33725065803996634	0.339564237508228	0.3227097312166021
0.34498421995561573	0.3541514620949724	0.34636455173017044	0.35647930956689106	0.3359328855979271
0.351850071424867	0.35187664950003955	0.39371473052953054	0.34921611855609397	0.3656663666108078
0.37442217800840216	0.35874790108998406	0.385965627103359	0.394714566958477	0.38826733291430743
0.34472581766586774	0.3909672178433748	0.44054555492959535	0.4051534748005079	0.41278888321109264
0.40844989578993474	0.42222454122056763	0.42281729434978454	0.42510429551192574	0.4503200352586116
0.42315511523846805	0.5077062471972108	0.4797298774961052	0.434215078450387	0.45344506590153666
0.45461275123961437	0.5064764886430992	0.4685305703782922	0.4463274621049138	0.4233755949538873
0.4739464042858542	0.49070550746145225	0.4602817630276099	0.49659580527925795	0.5098497682023435
0.5027847978439207	0.5452071949785166	0.4920808652478421	0.5371377034545494	0.4933630128206724
0.5336125200497049	0.5692653240119869	0.5619479336145962	0.5497058307880566	0.5443545459010133
0.5656241717154487	0.5460915898411919	0.5807752743704867	0.5737223934721887	0.5364041921991913
0.5540551764542125	0.6041009897252241	0.579041373969831	0.6243444749036403	0.6007492085198136
0.5951266521862052	0.6451611938980195	0.6243743696653614	0.6789371279363947	0.6418454542513825
0.7006764667764763	0.6376050796523776	0.7142702832621434	0.6877393290483139	0.7165054742288423
0.7006039756597531	0.7073157504204654	0.7244580292734245	0.7315784888618244	0.7410381508275168
0.7403516570172334	0.7280034764225651	0.7424455439403221	0.7747088447371335	0.7855963207437066
0.7595091862512638	0.7778171634691624	0.8306929513890904	0.8216300213063372	0.7954949956242459
0.832373775181318	0.8481764967860462	0.870592035597344	0.8264987914840675	0.9051731419439939
0.9049500015010986	0.9192663544814718	0.8937270036919028	0.9533050006207172	0.9881698669722387
0.960112250008316	0.9354673074720145	0.9753550426205705	1.010599976915543	0.9858667426121694
1.0285218971785952	1.0493743205905426	1.0287645457797283	1.0620897326718721	1.0863214907605803
1.078217170965938	1.1216870591489976	1.0933177675162717	1.1573804651106485	1.1395468272918452
1.1724730528220586	1.1771532715407522	1.198224179903322	1.1963890442548692	1.235159360379697
1.2509562451396703	1.24036075210592	1.317885912410071	1.3259535140652154	1.3012008169409057
1.32005433666221	1.315502507314896	1.3661499195348263	1.3551038471385624	1.3891848325553398
1.4301972300804127	1.4295534768336218	1.4664641952473703	1.513322783413149	1.5022136232555292
1.4988685724206015	1.5501695088609366	1.5627840168365137	1.577525231082927	1.5628860626218781
1.609593211519782	1.6721913521186391	1.616817704240217	1.6928235623490178	1.648807897724836
1.7318267981012758	1.690537804191371	1.7302959256427624	1.7624956177675875	1.8004113585580255
1.82310914298422	1.8055231351146563	1.8693684879445498	1.8700903572806076	1.9316038052691065
1.909751701592807	1.9447218177463308	1.9660314091644817	1.9900760205311234	2.018153235163693
2.029578764415667	2.024467996837128	2.0997214231967267	2.0593288495257025	2.1672553544154187
2.143401550828509	2.165566655474244	2.1447102951464645	2.17589214333919	2.243588450497731
2.2248056622304393	2.200635846846035	2.250525772808539	2.284294358566464	2.305911995002206
2.2752550031088283	2.344544424542727	2.3627740546584364	2.3640466275258505	2.3716671898278774
2.355970478291016	2.3722496145861935	2.4189143434542273	2.404820804875049	2.4263609477272072
2.4169913544587245	2.4504258372519945	2.4998158586868495	2.466592869605356	2.4537961353009705
2.464338261519636	2.4684526249145837	2.4523830247814047	2.4341066158033917	2.520908251514175
2.4699502731128096	2.4384855633169327	2.483289428867874	2.490778324043665	2.4656532421860904
2.4783722414903124	2.4212575907167424	2.472189968811811	2.467172149287893	2.4355331376056393
2.4797672162489985	2.408085482707963	2.414013339912114	2.3999750366453427	2.3971308576922064
2.367258699844293	2.380031015411666	2.3364915925649075	2.347659991849994	2.3322092114858277
2.3204854459636572	2.324826951248358	2.338037847092772	2.295396980030424	2.2402777047595657
2.239250638183371	2.2407008575620906	2.205312843410407	2.1738357081955706	2.157212145077234
2.1542867844062976	2.1380364182173155	2.0911879624536156	2.109255220491562	2.1103705601307503
2.067411903873172	2.039097650199668	1.9764231022509846	1.9972393628486753	1.9788999777996439
1.9484716008949858	1.9506313039825036	1.932879885229455	1.8908482507352002	1.892481396711536
1.8746176015919525	1.8328300390504366	1.779526902188452	1.8229669872996714	1.726162926798906
1.7329326655500383	1.7452999343346471	1.714312711322087	1.6780008676809988	1.6797997728161698
1.6529409219324207	1.6528971268061965	1.6093414400139485	1.5541650850958388	1.5923845548861604
1.4840063566145207	1.4698040203795764	1.5325214919775179	1.4911598972164146	1.462439363210457
1.4607697066608125	1.4242925345829036	1.409433004931897	1.3665016072316378	1.3673056694076993
1.3739499928763999	1.3302037538431704	1.3266729708170457	1.3118303393105648	1.3017029648655478
1.2639494337186414	1.213617326203832	1.2587080653109146	1.2344169575793866	1.191846174799134
1.1916670260566868	1.1449679201411747	1.180330986072827	1.1574082372988161	1.1059471448019185
1.0543419401360392	1.0928364448938348	1.0650803526183052	1.0896397141802847	1.0436759826170394
1.027945169291368	1.0555005778199715	1.0261647044568856	1.0135225156851069	1.0112190955053761
0.9886723906099452	0.983350074468615	0.923931715732818	0.9597953437044076	0.9569572538717922
0.8951879057812608	0.8953215829550185	0.875955909279369	0.8620023851988948	0.8606075255688711
0.8443771421250865	0.8727948182775783	0.8141113546801445	0.8441294482758284	0.8531951895886499
0.8179848888567498	0.7989925044085855	0.7953191420859341	0.7614673723227064	0.8194671943071586
0.7661205290555153	0.743682288332387	0.7387381639425113	0.7598640774622057	0.7174451971725544
0.7013526885878438	0.7206155695404244	0.6970869700823024	0.6793046642865775	0.6822472530258498
0.6534711726545781	0.6801891023114107	0.6690678782644889	0.6264762533308047	0.6645263127674567
0.655425369791598	0.6244941205695365	0.6324780358720837	0.6132111129203769	0.6492015402940875
0.5648806157718904	0.5805461327019641	0.6170184935917252	0.5742660718012724	0.5660291878064662
0.5460632237623152	0.5676017507985827	0.5680502006438966	0.522570561664973	0.554453980419841
0.5547998144952049	0.5583260491812492	0.5144920924824713	0.5301663241485828	0.5313042721764255
0.5571238351800809	0.5404381923427196	0.4957502645545058	0.5148012627999681	0.5077952658009754
0.48113432738763867	0.4582351964919942	0.4316881369628831	0.4717716098972098	0.4731667080768584
0.47791071755693737	0.4646651645144345	0.45203346927026344	0.41954471753599903	0.40487529479706585
0.4397239887457486	0.3937903492021357	0.42645217567125115	0.4367312384633577	0.38730102556867463
0.41680178611019497	0.39078542667525307	0.4205762173750673	0.4269428791670826	0.3770889891702614
0.44284503253274454	0.4325958260160163	0.34397802990704435	0.3812007363689236	0.41215435972019876
0.3587614035351449	0.3774425095604589	0.402490685642507	0.3590743547732233	0.3859374341996651
0.34846577602523643	0.31631312321960625	0.37465271829736063	0.2829151485677861	0.3788343070497366
0.3395472231149412	0.38648128299337026	0.36503926077903104	0.3374622198035612	0.3811280411595479
0.333050319548399	0.322607038662119	0.32603664083427464	0.29564950267969897	0.3242452081195025
0.3610690983851093	0.31916451177409677	0.30554814561417293	0.3060648208185244	0.28545952595967883
0.2653717075075774	0.29881655983957317	0.2706212858997125	0.30706935813007896	0.3097810305601591
0.2780498475733822	0.30365103212635447	0.2506015855357897	0.28779139648328517	0.25178909305472486
0.2631882855660487	0.2741745514165365	0.3075780269454966	0.2648216489397097	0.2848191350857412
0.26945164225251084	0.23098606968635246	0.2649670108025388	0.2557513474724464	0.2514017137726555
0.26277880794493097	0.28112991250051067	0.2204129876475704	0.22340642099413827	0.23335877622815912
0.2812143637020546	0.258373897122754	0.26542472657414645	0.24704611470775392	0.21741626571916872
0.24581294603214954	0.2658931561681672	0.23573920483206579	0.26956370435535626	0.234056592435123
0.223943900080283	0.2256298833409402	0.21229497772823602	0.2660251464273386	0.2334799528910275
0.22317236686862468	0.18784186887555435	0.21092514860567635	0.19951375278338324	0.22301677372771414
0.22866951689018677	0.20232536157308623	0.21594446244465143	0.2296492284174912	0.20364949948301692
0.17222437514794048	0.22426325727861074	0.21262807926017813	0.19779017043596478	0.18213683582107598
0.17072392622211105	0.2032154468685768	0.17926995983963748	0.20568326319035202	0.1783576318565244
0.18735398773982792	0.16989611211410843	0.20521622920512042	0.1646712374051138	0.20260915139962246
0.1847626387087749	0.1715792862422324	0.19471779596374503	0.18724831055165295	0.19341414390804126
0.15027010349325898	0.16067858130417345	0.15411310559677002	0.19773241434694266	0.16828962698201977
0.17079057046934595	0.17488222053346447	0.17072135568803795	0.14402279215847502	0.18251460816368634
0.1804321609254966	0.17783514751022997	0.14742326261124633	0.15456378884938715	0.18161571045025354
0.17941540818425863	0.13429826094663005	0.1791205428735581	0.19105884347593982	0.16912220996776559
0.17861661482735278	0.16296234603815213	0.16208374658503738	0.11935051067436424	0.1675595272962137
0.14970287003696595	0.1667284714611554	0.16172742350617986	0.13436196394668945	0.17944506218617376
0.09911433269875622	0.16102678511854612	0.12691165511866945	0.15447567250845917	0.1540781199349726
0.16368592018522501	0.17183308603358433	0.11208128297849938	0.1452725861176744	0.1462340777389735
0.1421676213100673	0.14566817156216186	0.13008529861263063	0.12275820156750973	0.13086937222260356
0.14442256563149602	0.16532505315818902	0.1480794721531466	0.12484878879875684	0.14096337396207942
0.12892372994552626	0.11895249384800127	0.11477315258306718	0.13822039827560928	0.12406820246973914
0.12854054702862389	0.09928840682056879	0.09339005962624387	0.15214330082557692	0.08726655513620123
0.12356787615123585	0.10373907869687889	0.1432658874951094	0.10900319280753153	0.15151598640544744
0.1114226971748344	0.11303927301933532	0.14000157418657638	0.12963369499652672	0.12241930786872565
0.12521964955829804	0.1148101559689707	0.1274944462253379	0.10269216479050938	0.14854156467566806
0.10664729255383315	0.06895665498144032	0.10251574431811623	0.08783837792915337	0.1276684657759352
0.10504211089780216	0.12518721607686684	0.10302874932011097	0.08032794644053778	0.10181710924429047
0.10170525965319863	0.10523023956415349	0.09034397725074667	0.07021265389092948	0.13622959952635583
0.10251635861881021	0.10310060375918063	0.09457687012980358	0.15882089817243772	0.07397557497585867
0.10771114847723214	0.05502034152155883	0.10639702774915123	0.10399590317923335	0.08565609229845558
0.1071161179874149	0.10514953747341535	0.09373564800184615	0.08241218874249862	0.11865525584064145
0.1070859995169715	0.09451057977695072	0.08552873160323061	0.11545721581097278	0.11737652105449115
0.08094855425077213	0.09516836346929981	0.11688765013904669	0.036761315316817096	0.07433419745555646
0.11964754919089565	0.07934623507249257	0.0704323704076435	0.08832429837547885	0.08306910378187618
0.12097252598832266	0.08653460667355799	0.07340809091387149	0.07781818978034759	0.1201747051656975
0.07250352671614807	0.10802612273072695	0.13106999929353283	0.08044934541063999	0.12485379124530474
0.08254448492880016	0.07893850587100422	0.0721899700763482	0.10796391951902277	0.06237581048939275
0.09303277925236854	0.06831071710394662	0.08265764178299836	0.09699923931822223	0.07592325751290194
0.0542393657384168	0.08957178794125088	0.1181247151728658	0.06580282082700203	0.11981977731499242
0.08220438240194525	0.057647481773006964	0.074609830086169	0.06508098997256549	0.050331149692279226
0.12474340151882866	0.04983737395903568	0.07928504321269339	0.07593644760867375	0.05138521095799199
0.057191574990780834	0.07610931388433516	0.05429741134768184	0.04891680889941469	0.07285449893072247
0.0598849214527768	0.04749296925164305	0.058845098990666984	0.047978481915600966	0.044661618454611786
0.09831911943987863	0.08445342603933836	0.051316573918157235	0.07312691537196776	0.06420159585721955
0.04827926749214542	0.045540349103568384	0.0970490014369818	0.059761199021943406	0.07074855987547138
0.060332965231208485	0.1134395703723239	0.06177279814549065	0.056437203395206165	0.07427022552441051
0.08699098352717667	0.0895955606665629	0.042371782315499984	0.0727905205905675	0.07157805281531962
0.06184311324977718	0.12789558697255107	0.08691006535578313	0.07713250248641097	0.0380038480582729
0.09164549229379243	0.06231214754634242	0.08380473203231482	0.09292057100580653	0.07774259840565254
0.0772402043163468	0.036806759404494696	0.029328779502092915	0.0738826041429418	0.05341583368662576
0.09388569549103858	0.04718910777759741	0.03739607623292468	0.050868482040831046	0.07369593278245558
0.04343246181813992	0.07271433735750392	0.10481284852348233	0.10591704032579112	0.04676024402173841
0.05501218286069568	0.04115683622386389	0.030890193990335737	0.06179785753192736	0.020564324338551924
0.03571359513652263	0.03861784122599264	0.062185351857024986	0.04032271515450396	0.05298235499998599
0.0853184375606621	0.044525985230504064	0.08097071250458716	0.08262684014177865	0.0669572486485526
0.06950611247131643	0.06649244446150082	0.052313265586241886	0.03491232586623344	0.04137059904507703
0.04156163257213621	0.036167635057107045	0.07870507600942227	0.02796899808468476	0.0853984431716704
0.06504980184658891	0.05982888619607857	0.056169456077244384	0.07830603031050039	0.08351897593935753
0.04158329903746359	0.06830513967959287	0.03282479946687272	0.06091415955820419	0.03690163162856355
0.05688248377874284	0.04918935501438218	0.06527433686597897	0.03815596642181671	0.03842890688567342
0.0821781583482583	0.018866140123914556	0.04842339281210835	0.052016852174198824	0.07865016497385505
0.056636978940546354	0.061389964681096885	-0.009731509795466003	0.05599767094568073	0.08029565661065094
0.06287968090794294	0.1087174780189589	0.04017027916683409	0.07952408171845073	0.08378889286964525
0.050824665565987366	0.04401758075773699	0.02666229022423651	0.03063176588982497	0.02476658881544577
0.0488041321751351	0.030459651536191353	0.03877252752561655	0.047640668470469175	0.05030021135250688
0.07052760760083027	0.04900127636109278	0.09002410238770733	0.10769791461412492	0.015488907247038802
0.04010722066865486	0.09981944212524191	0.048812087477744424	0.07545961067915376	0.05339638252833487
0.03661079658766409	0.028971019856864864	0.06409340793133858	0.06033391305837708	0.01711159729159269
0.09887693242930129	0.06346220755738395	0.07704784394919065	0.019102692701351634	0.06502310148216481
0.052849377997715455	-0.017285155798956047	0.046425681728348336	0.04973936978571902	0.055602504136773104
0.06438028621570029	0.06914822239703561	0.056033604067385716	0.013843974965259156	0.030371444420526056
0.09034281813040801	0.01463684942220457	0.00012180285368445761	0.03118357322124706	0.03241020411490497
0.03736582609206604	0.024247485483154526	0.031767110174152985	0.009339384043929885	0.05588781058698493
0.04719867942991093	0.05861791925423192	0.0399387981670357	0.06312046782295402	0.043808691005057375
0.04502253439346265	0.05114006380244448	0.06200425133516198	0.03689504005008124	0.055578730914014704
0.0009223558584160116	0.046940481931008096	0.012825751117515206	0.08863308150247205	0.028294388589873595
0.020441733855814645	0.04534316610857283	0.03287481095785367	0.05369878643334552	0.03804634373112282
0.04210998330846978	0.01849961393048722	0.043642684646510915	0.0411665936506589	0.032322212755725076
0.019563385650071465	0.06074658193773123	0.023387108349906507	0.0720760459430136	0.0724595715576942
0.03762258143298438	0.06577609015886716	0.0529466836309587	0.00804757833637178	0.03982634460363208
0.020712615606573698	0.053823176279858054	0.04688038195499597	0.028409652876016666	0.03776224567292613
0.03839568629225447	-0.010060609315028486	0.01811471636514449	0.0637520953295653	0.03773274246190082
0.03642324884197269	0.06316551806400297	0.024374291335292328	0.027562013069160247	0.06565012979072818
0.05560666924930267	0.007141753048356793	0.038379087125445105	0.05323487362933835	0.01006428375578097
0.013020032849472622	-0.01091323681635948	0.03293628517729283	0.04082928308248051	0.025211444848605304
0.06295011234365852	0.05074640434985304	0.022996317081342005	0.0259096032547771	0.03591169658139967
0.06849078940742506	-0.0016564883502768477	0.051398903056844414	-0.002563725588914871	0.06796783811088034
0.004042169247440253	0.0542169997817428	0.04384997851549346	0.031168487884943516	0.00818032910358043
0.042627963007224885	0.03342871058102754	0.015048119728295145	0.042660543309553635	0.010220345425697342
0.05192918380830501	0.03619387991064614	0.036862039839789314	0.05834718468802632	0.08110340413371242
0.04316395603737597	0.06516291319415658	0.0023400129732011558	0.03949555384726771	0.043047378844988125
0.03391186211841039	-0.006342023959341696	0.08063882024203155	0.06220263705250997	0.0636108302273246
0.035213482407882524	0.07167879835925733	0.07222089582838491	0.025916891442639957	0.01591835507787031
0.03836146581166616	0.019846087661971115	0.036780717888238015	0.04678177372112072	0.06850955768332523
0.035139521191795066	0.010823244336543563	-0.003423149594233411	0.041701779850621644	0.0862501913385143
-0.0020279712290126118	0.021762536633282592	0.03883360688326839	0.04937849554754609	0.02436641924305359
0.0028592615822894897	0.0607775502107529	0.016194240762638687	-0.026640126802349104	0.009987781997363073
0.01847414738904623	0.07643196495494962	0.02490491093958327	0.052194026183297965	0.05906668597887102
0.030002962918491784	0.027345074406581744	-0.006343291837369137	0.009919692737813224	0.03868369965953553
0.0315838719457518	0.03702405947348251	0.05905560017546501	0.028338259177286038	0.02415619513327121
0.020687198243215424	0.01779086903956447	0.06502403885599704	-0.0026014678770005057	0.0443663593121829
0.0263469268405203	0.0386501460457772	0.0030450072617421746	0.015813250106509517	0.014547267864649145
0.02957034220494443	0.03072015552197961	0.06767250920943625	-0.006733494576044552	0.0029079608784978476
0.018345471853172562	0.06211879087439269	0.00931604924129344	0.042427157917157905	0.04533791287205262
0.02806510655730856	0.03765215615014432	0.034886554639045594	0.01449857553298655	0.057041894166732464
0.03441904625588511	0.03691191619827215	0.027431446153510126	-0.013886543742372272	0.051386290609210364
0.06554990566956544	0.029718070701629178	0.014257676315675854	0.01648745567809678	0.06436614422777417
0.05101964095728664	-0.017789203878640258	0.01947240535075543	0.047167365432539306	0.06253384037785145
-0.002166880469563687	0.041975150090884907	0.050687487445651186	-0.0035917553690191697	0.01915069689078682
0.040603993193537316	0.019364878588362028	0.007776279178583462	0.0007717515783666616	0.02055760241042682
0.060538895432881545	0.027874980807862722	0.008939304500311869	0.0077585192314607206	0.022796212579929115
0.013161308196288666	0.05770523795986703	0.05295501335075639	0.06291015247015792	0.005756489869894747
0.01745262953138338	-0.021566631671984006	0.04753876593987357	-0.011892546468885528	-0.0016385667366085772
-0.009732456790443236	-0.010364879790048565	-0.01826022086215149	0.020957212630903874	0.0019777905138336667
0.04340349898029894	0.025078515139659224	0.049233006552219946	0.04055778720695798	0.0076368469623396985
0.043042059805473445	0.010547669603552492	0.0122603330013206	0.03978432249709713	0.042566174735444946
0.01769730773231187	0.023531333526765372	0.0453479000528147	0.021188596747822065	-0.00607500884200902
-0.01866400570962986	0.045734357032689035	0.0030446775983891203	0.02124034433145726	-0.0030471872729320474
0.0316333637354331	0.0059660951327577365	0.01943176799598118	0.02371806897328881	0.03784346421145246
0.019647588022970723	0.012721316122685084	0.03837321894872077	0.017774834008430267	0.03950245472681434
-0.014406949257871098	-0.0018409540895436604	0.022231213166740395	0.006748193014259409	0.017357177858198035
0.030591521162514023	0.007724380744595419	-0.007567644164350183	-0.003923638765100657	0.016041988499422063
0.023124573888840587	-0.00581949715992584	-0.004714640924271427	-0.0034554706643518326	0.02685401585681001
0.03508260720983746	-0.01968822561418227	0.03493069582276921	0.009096751601997488	0.011910933220671372
0.02250771547540536	0.030662186673570468	0.03832915643000296	0.0065742359110283165	0.005805051806035565
0.04247342491441292	0.017755669964066162	0.07035283384689359	0.032571502920245514	0.024205844022962494
0.016776840806989903	0.031885813050846964	-0.006171643449501772	0.023761666802956254	0.04642144089190126
0.05013515809064354	0.04102354470813033	0.03587339731535078	0.005263274850902008	0.035502691670531696
0.020955730690257593	0.022482645366185175	0.030553717047462958	0.01382571654944821	-0.006443200506883068
0.011509874630559329	0.04707727901649441	0.01712588273626267	0.011387462044671226	0.0637708561219383
-0.003884899627952308	0.024924061452345738	-0.003202156666211832	0.00994407985093062	0.03893415958336979
-0.004287777255135407	0.04025347094689981	-0.01654064924604632	0.01973454003531017	-0.0445059318416423
0.013546297773185176	0.019690075070650816	0.03300481686080939	0.01817670027713223	0.023591131801301485
-0.004070685824316479	0.029537936628319203	0.014555039946390753	1.2425573500547335e-05	0.04348170226850991
-0.030300059337751643	0.012470142107648515	0.024923579468735413	0.04038051421735336	0.006663274231629877
-0.009098283982217485	-0.008512072793961292	-0.006335317574918823	0.02557137734252831	-0.012079860512339335
0.013467813489590183	0.017827541909745587	0.00666947411475292	0.010774104020384733	0.047673382141630916
0.016247170407073123	0.019864972347532678	0.01945780806910679	0.03932114781575271	-0.0024121393298309453
-0.007856181780690339	0.040272864681089676	0.03414441692968494	0.010521587472214019	-0.012403560017340408
0.03800764765186946	0.04374423425784058	0.027156525607090382	0.0003771782650659368	0.027207096757569653
-0.036927679918567664	0.006382916607065522	0.04412223320496993	0.040713854910815805	0.029102477306829536
0.027555682819053774	0.06735138660290704	0.023811612717867407	-0.013033933110578301	-0.004663606874263097
-0.048242453077519266	0.0349467762080915	0.012411184673393782	0.0027377719165598054	-0.0028554151334034077
-0.004810813218934228	0.02174710102267647	0.06617586196763187	0.010957010814524139	0.05911914673595641
-0.014627381514735732	0.02097959041877608	0.0019697854752595573	-0.00267818037551864	0.0003949874560147741
0.02342629035061139	-0.019904454709939783	0.02549312584312778	0.054130930090970454	0.012395193819473394
0.021052627488495623	0.030940460915482575	-0.003331936790741322	0.06672855855028449	0.014210773542005633
0.007129762725221436	-0.0033186641946641865	0.011421400846651749	0.030076373788126356	0.00953430331111289
-0.027545915793025115	0.00018257256688608732	0.029358819689601405	0.04468832853007883	0.030473418087990926
0.046017581397657194	0.012334535544719442	-0.021682926555569512	0.017541929880220797	0.02220147207242985
-0.025561397801046864	0.01575717952874965	0.0030598457929941814	0.037454521666865956	0.006672081403923497
0.025406725331096724	-0.009987050261329955	0.06924134635057759	0.008081212110201064	0.030554443194601703
0.01563727080551989	0.014758179802919026	0.015343766766600214	-0.008060078282487115	0.03186580094905401
0.06243766151715683	0.025329173104788757	0.008690138525550381	-0.014751863041938047	0.013947373044029602
0.012220595356899667	0.020112523964290367	0.0027061277481349234	0.0583609855092648	0.033071606888978096
0.04010641070951461	0.04742856637602873	0.046229338134620844	0.009310684688586198	-0.00714252702935543
0.028307976336590532	0.01031118962612801	-0.022954380037815657	0.05458904425295745	0.045501116762658084
0.05185236826603196	0.016458490243161483	0.017720226640705175	0.005959091102321809	0.005903942217129735
0.04794817231093241	0.03325908772316789	0.0006104869638930356	0.029200187222951784	-0.00222850722750253
0.023733592293209486	0.06258588223230578	0.022795788942657547	0.023340736431880522	0.013212983693788849
0.028582879059986976	0.021356804325447856	0.062253858667942315	0.01832717086825178	0.024689952014203216
0.040750318236156866	0.03349530379395149	0.03960177202581547	-0.0032586265300044784	0.005287569274733155
0.0036217308040185393	0.0068192881788567755	-0.014397304546962173	0.0038409501427987443	0.0004369294888549825
0.01992747364328969	0.028059927841663983	0.0049447154442969375	-0.005549905110828301	-0.005807632813893085
0.006680254982498906	-0.005765634629543059	0.036686881882386585	0.04525129043248796	-0.026048539704804856
-0.016841250460015566	0.02949471211173988	-0.02016133061060418	0.012034127995275892	0.011539686676191693
0.018831331137887056	-0.023799543847057097	0.02231040196112281	0.008458038582470786	0.03630323820183167
0.0285440331624196	0.01656873336368059	-0.003005145302996317	-0.019020884556510183	0.06167519124389903
0.008171572108125899	0.035161522693239175	0.012842750506397545	0.0033357971805453527	0.03245333083228973
0.02926405497218147	0.003313286254277431	0.021270053653560713	-0.023419184183768725	0.02466280613458302
-0.011898160281906175	-0.00924766015543238	0.0007847900386462438	0.01948579473918942	0.004684309413330418
-0.011001557087986412	0.015440352601059647	-0.011295039992430478	0.06888691971161671	0.017005988924156713
0.02488818412389334	-0.029855294961933676	0.020721451979971873	0.007191383065857163	0.027810719767845965
-0.02980272417154168	0.025179336074234417	0.011719818512383304	0.036594376521769854	0.01426799100765869
0.0420825329597256	0.025494598614914377	0.029071505077333214	0.05606335662270232	0.025481991130903284
-0.013099248989153364	-0.014389088235864152	0.023010130640153094	0.04189776003978496	0.03118800933894794
-0.034691408280175196	-0.01323316240606205	0.026793104838852822	-0.02791848113218002	0.026303173305908433
0.027791801317207578	0.009478594956198086	0.010258329024881267	0.033430144077821494	0.017781551464693006
0.05526751633863444	0.01848828327730508	0.05810744010126544	-0.018362938995288083	0.026036126991152778
0.013893314627025772	0.026471860979379442	0.03189763118285019	-0.035504546868042955	-0.011075144336627575
0.020114796485224823	0.022407799651929065	0.03301426977589567	0.0049339531862595395	0.018454710108633608
0.018328548135488346	0.0032614164985907287	0.003157824062966743	0.008665073726672868	0.012858593753902577
0.0286388571921007	0.0018914573740943085	0.003586600924896795	0.04252484306157129	-0.007990911733230051
0.08093680472325628	0.006861962650434592	0.007386202622082638	0.033370308967585666	0.0015577370491038928
-0.044017064188440924	0.03139512885910403	0.03538969966666142	-0.012991185839596152	-0.01003174223279719
0.027388738091508765	-0.008772915084597753	-0.026166966832183364	0.029935337013953518	-0.013208398019205208
0.02009906934517123	0.003033872602275843	0.06057804828142842	-0.013388673517886682	0.03568769469988889
0.013033809648490664	-0.010577580097791316	-0.01226794477333034	0.042931038130612616	0.02395592164848566
-0.0037041571879351627	0.041071259047179065	0.008501942607968441	0.04495190383642709	0.00811085402636092
0.015417893762608355	0.022049337235774902	0.00589208572764038	0.028586848861640077	0.02522640758196195
0.029035910386993425	0.017301010533794525	0.011928950827017431	-0.017857044564645458	-0.03601607105033452
-0.006168011322122495	0.031078942545904178	0.020288623116558383	0.01692280686017584	0.00237779848127599
0.01604676845956376	-0.0346092122527619	0.061094948993726354	-0.01475989269512017	0.005616834440747366
0.006935747489171057	0.018948272644261695	0.012664299728285585	0.008442570851239234	0.03752720663870525
-0.009031894764078126	0.004297089995047367	0.024784634833376604	0.027672901834817278	0.016624549936126033
0.0010786778618548341	0.02409481492575206	0.01180833506649747	0.030881922271038233	0.009581122764546212
0.040655201021361775	-0.010886031290043471	0.04977865265740798	-0.0016058899477389083	0.0015616297985094549
-0.009199470197042214	-0.023470072410650744	0.024495942124035046	0.02303514371894481	-0.03213771118940491
0.01681070388479315	0.013273619653546141	-0.0021087297776790567	-0.020030424918962595	0.003841147569252617
0.021115854899789416	0.014030703173413848	0.021430175173492043	0.006074531065203588	0.017399678384993403
0.019659965521222747	0.01623245341810229	-0.015064984735647028	-0.024842955794925594	0.008697806291308306
-0.02560621194622726	-0.017950239746700795	0.008034450920188672	0.0010307154171460458	0.02259596173339575
0.010760425961789121	0.005524246277228399	0.013695002022017169	0.022628602869851293	0.0152551476527177
-0.01614669437061699	0.05184760065336278	0.009189523015964575	0.05606061518650102	0.01657108544681667
0.012738491187810874	-0.006843786969286957	-0.002090104045112354	0.01171484786387375	0.022022364951805203
0.01650291113456623	0.030668151094387	-0.02186764017659942	0.028669183792625695	0.04234818872710902
0.04510664412349943	0.025140130144644154	-0.017022182223100438	-0.0052250488361255286	0.02139324100651551
-0.007910052501632122	0.011519987928479108	-0.00044380363504322546	0.0035847927234847286	0.031200129410472153
0.0523290899836416	0.004932569559535467	0.016477491475307256	0.009903953787091097	0.008928001002595424
0.0475222850014087	0.011976156246417895	-0.01688419695630343	0.02304909074779105	0.006249272569043333
0.006398283232260391	0.020283551476149297	-0.007435561818605682	0.0049355761689386796	0.005854063413460939
0.004708048950973175	0.03429669785514681	0.008755056148510416	0.02589120810267774	0.01762284607903578
0.0025582620977143613	0.018130670426895097	0.040940756157092306	0.031059034753600563	-0.009942386947985707
-0.01114331025185582	0.014687953391808553	0.015060225689598576	0.0007369246097558677	0.002258195690447385
-0.006916750794549911	0.057108185703794015	0.03996351206223252	-0.005337875198225452	0.013286794461609432
0.05125754650152321	0.02129020879331102	0.017444544359674786	0.0041166224192492745	-0.010410548206621281
0.026383669474984044	0.02566218137476701	-0.011037329583861305	0.04095250362170219	0.0250428392843014
-0.0059954961624439605	0.02619318227580209	0.03133771152025358	0.01034899587098979	0.03615683388194969
0.026561508065830318	0.039977101791285996	0.009351823785479978	-0.005641232394778326	0.0031895977383842953
0.008661444635592482	0.025536920154106434	0.006641776119013117	0.016097912533101486	0.01232233646064414
0.012853521455210914	0.004274755557297537	-0.01676371986982863	0.013935020518577621	-0.01292575828528043
-0.01090064952784748	-0.02075216799500871	0.053366955827717555	0.019943263255423133	0.008328294669914582
0.031052523425966864	-0.019551684950386117	0.03547124180046624	0.015871135498422607	-0.02533313764893589
0.03248250202603024	0.02047596393231802	0.027774109312712063	0.012320308584335051	0.017561088409820222
-0.008218168569281504	-0.00011494164958536675	0.0011617225377129978	0.04245829029537199	-0.02059709167839217
0.03143510437675318	0.02258621831082831	-0.04190920643764115	0.022902699772269035	0.00994602108337012
0.027353415002779883	0.019756568944680704	-0.0023878426005964955	0.01964777634972263	-0.024248923390176483
-0.019809892203316613	0.07060720949168325	0.027907294998608414	-0.01010077212706377	-0.008226897864122323
0.008210731955829928	-0.03418843013503632	0.014495965888714307	-0.022243620975660034	-0.024535218208796818
0.008918267163714383	0.03255410850650405	-0.0023637801457708375	0.009421991065309014	-0.04596513592801732
-0.003986889106288357	0.00595892717698244	0.019622857069102793	0.0019389484655494785	0.03636621946358243
0.011807371925905124	0.013050629627231044	-0.020110091413067195	-0.005178124457388985	0.014986308708646489
0.017532015236116808	0.022575833454405236	0.016329459388756903	0.005123515430073578	0.022169848456680553
-0.005716738055314403	0.017545290020380626	0.015921157313022953	0.006675056451581978	0.011903349462251432
0.011668191928036325	-0.01756307566649691	0.03962260733699303	0.001025002756340588	-0.013510362972192918
0.05937973046229984	0.03050882559773302	0.012447948523903013	-0.003950920271154184	0.03877446834757567
-0.014731061750912378	0.02265098180981406	0.0011506362450050146	0.021134316148239688	0.027173318570870048
0.014045748724620723	0.03336481307121523	0.0551883951091203	0.06562730470337742	0.024389051494162303
0.008883613747654683	0.03804668051026803	0.026579777535399963	0.015226899230428588	-0.001007956401401486
0.02412340750521278	0.016640573103228754	0.03487703991927304	0.022780092744993662	-0.00884848733406719
-0.011011769712416904	0.04563343383918383	-0.026036836610940604	-0.03936644382452572	0.025488403168219553
-0.001870679068345977	0.020563788263832265	0.00914071969669623	0.02324733949554958	-0.014883926842225052
0.040335726178265474	0.017377343710295142	-0.007030871387217523	0.03641094774397663	0.01954339337524054
-0.02429610667542984	0.006502951476115905	0.006374485399051907	0.01524198055818856	0.03504635098869397
-0.012133314739548273	-0.00047778326737232465	-0.012264717326691288	0.01077785949843196	0.0321022867913137
-0.045499672738271046	-0.0024145196481568988	-0.009553962622948567	-0.017762363889604182	0.0014427729232044865
0.011205838545299331	0.008661171429126202	-0.01418682850615819	0.027306146864335884	0.03675487380038459
0.033195050763692675	0.018754153069684483	0.028774767231091878	0.036853915026948146	-0.029648461302091055
-0.009677914352706018	-0.05270053774379604	0.011072682433817711	0.05383130140621688	0.024685489582462587
-0.004035966329729943	-0.010654946132737377	0.0018451936327278217	0.03472762864932292	-0.0013185298266752644
0.012819459948479835	0.008785023490809455	0.013714861887857336	-0.00665481810996767	-0.025544227777414268
0.017914431364100654	0.0022345517038358785	0.033243532062696174	0.0021567347891736145	-0.0048528813479153795
0.009808364078336435	0.006719864421908068	-0.009333258712939196	0.04172563561782831	0.011758615422108635
-0.01725513440358961	0.0482984873302222	0.008310457367223984	0.02742242308691414	0.007376017220817023
0.025924868046228615	-0.03363571084261481	0.023354831904398604	0.007824777299812484	0.0439122111350817
-0.011496414327772972	-0.016893581070472702	0.005740533842832597	-0.005287696519727435	0.002279204554444236
0.021601634331351524	0.019899455942951415	0.008100625833088144	0.026593386109760895	0.036905015381653514
-0.020262425946939867	-0.009492966465432465	0.033065537302454	-0.03154391404398161	-0.02808222608938148
0.01629101499004041	0.011380387839403757	-0.009751598584504074	0.01717306817270764	-0.036027719896532286
-0.008776422827189354	0.03269881222063402	-0.005040395409960231	0.016787154180218464	-0.01857944941200464
-0.00032198278624202673	0.02184171097386448	-0.058196554638881626	0.00017480520071402438	0.023472727048151208
0.03506438510236921	0.01452107909410714	0.027009698990190026	0.018134723258109737	-0.017288440567522163
0.003226220023900608	0.03812536922073298	-0.03011066070310383	0.026034091448783787	-0.014124204905090292
0.029285896838297548	0.017009254527521413	-0.006681921476456757	0.01784581976825378	-0.005651486629447424
-0.0016087794447176818	0.00027899440701455603	0.04599559901185987	-0.01338411885235102	-0.015687406381452735
0.007490959071045241	-0.01625661264178319	-0.003986553241261805	0.007375743323429687	0.004911975763950061
0.01681777032477194	-0.0021405771860881625	0.02759121296832456	0.010690912544912232	0.012460133002595727
-0.003072170626035187	0.01546887814227017	-0.03956935773761169	-0.01599819453406099	0.024806415528517485
0.02605240785029174	-0.014073859955713216	0.010079353212339978	-0.017031904829852347	-0.02680784229960583
0.030434235166210386	-0.017950849919777828	-0.02856174417221399	-0.012868303758914927	0.022334042959967416
0.002558044553377727	-0.004058342707892831	0.025556419306080668	-0.0013420606216619857	0.014991305333202976
0.019811139075898532	0.010244611694163444	0.014179350686273746	0.020229799377967886	0.03870473595657887
-2.1446791226679713e-05	-0.029984229953950968	0.03696860333628606	0.031109156679988526	0.037286969872982356
0.00421827527494632	-0.019494936255255516	0.056614019174934686	-0.022817021965762848	0.0007379070875288222
0.010189953099773436	-0.034881895032406185	0.0323552896722105	0.0211110346044673	-0.03079965902732766
0.0024275910248100895	0.05293024151802446	0.015942965108743344	0.02089973939623146	0.018774801343907695
0.006004055588629542	0.042077499155069316	0.015896706260692978	0.005872228852507712	0.010934168944427733
0.027241370276664557	0.005037184942720812	-0.039779701501353154	-0.014779189962003125	0.011597009911031565
0.0020851723820933	0.012607552953823197	-0.007430729131820192	-0.004670967909804338	0.017185735988093555
0.00393661236826727	0.03634284020064339	0.0530630880896677	0.0030228052623723165	-0.03425335696753718
0.04550697925261217	-0.0015473261336362452	0.00195988953044508	0.026181465667320405	-0.02372950989474615
0.022134406963843736	0.052528418550314926	-0.0021245427966742354	-0.04120689208879563	0.0092671514375724
0.009923529450255795	-0.0015103860979144576	0.011223577044411324	-0.005606152289745347	-0.01044674257797993
0.02950316439085429	0.024156828609694418	0.040694489482984444	0.02345913528958607	-0.00745584021508151
0.021231572011716073	0.02808380614227326	0.02122054894955755	-0.001093847677652679	0.00815866133833712
0.004312675900901531	-0.0088367878536716	-0.042153096966547614	0.0013829518147433347	0.014313616816140066
0.01394354062290886	0.02453974060785819	0.03819760873081253	0.023325726804825062	-0.038884284269620664
-0.004196311637184816	0.04593905782222181	-0.00657238093153391	-0.028582575458886556	0.0006367786779317396
0.0042108821387118415	0.01892546360756125	0.04331169701502086	-0.03827344709270059	-0.016780173430068525
0.04308456638200429	0.041350164180112704	0.037569667755645596	-0.0076080679214771815	-0.0409528843196047
-0.0038752047043020647	0.00904735438697249	0.036039060236778275	0.03222894009987455	-0.010999329380565168
0.035692809093165696	-0.0016143843719444457	0.034154574034942965	0.02896176422900304	0.0312745841942139
0.01189645172339513	-0.04028603260333222	0.005776385066979712	-0.0024259072006110544	0.020298357089440246
0.019269125575608018	0.015893108638847027	-0.04248734718665192	-0.017096027522838335	0.009062554824063321
0.01053555172306109	0.010464143711485708	-0.028998849028369463	0.009339938710259236	0.02344427047925753
0.03096556033540921	-0.02399030137004216	-0.008765586915711304	0.015568108095851185	-0.021820837077446774
0.030732014506770912	-0.0426964546852356	0.015855166210559615	0.01185691092610627	0.009955134984303338
0.015064500904098634	-0.01028337537106243	0.026758327476170626	0.022909034961776025	-0.003597309698244667
-0.006440695876514434	0.013482921281841835	0.030894846889894127	-0.004248411539089135	0.017759204219281805
0.009454898154533199	-0.02099367268015019	-0.002266115735706004	-0.04096949027432764	0.007805786011175199
-0.01683291384495129	-0.014043974667971996	-0.04204677335953111	0.009629679004636453	0.0018777470282711059
0.014542659606121389	-0.03637215195189533	0.0017657906342391757	-0.017040497251367685	-0.01847376310812923
0.006852907271777113	0.022475426135854196	0.03199702090180578	-0.021770541549294406	0.016547149382389832
0.012372475808715753	0.025769536287567747	0.025716059459737182	0.013471074333608148	-0.0073359891946694795
0.0021970968079014263	-0.0025866019998520887	-0.03191188595389472	-0.02315840161237624	-0.011617033081992531
0.0018169055515603362	-0.03635469876550925	-0.021724026145214022	0.021789850163401018	-0.009666174197632224
0.018736940384604224	0.007930099519205227	-0.011470285420540693	0.00588047301508035	0.022149720066143082
0.014695171999749072	-0.008816724279785566	0.007115105987892181	0.008534460797611238	-0.0003108623584155215
-0.027060822514528467	0.017252273299962605	0.009579357189658189	-0.008932884764520822	-0.008553303501505915
-0.009631177485908426	0.0048214488511675695	-0.0006653517630774886	-0.01674493449747826	0.017239059121206466
0.014885451329420837	0.001753840543608013	0.001371629921109921	0.006607525448924395	-0.007648654155553982
-0.027718303976484986	-0.05568704926922278	0.01438450772740624	-0.012996527866375535	0.0362857967900137
0.012852845586700586	0.014150200295447906	0.0026963185659842964	0.011666340521243587	0.008042680962490544
0.0136387444763862	0.028407913170811948	-0.035067954993068064	0.010385387722020432	0.023173739461977247
0.004095906067614154	0.028746861589686125	0.03380713689934936	0.02312321890150251	0.022598976008098518
0.0021295124284413823	-0.024101136805254393	0.039526583654958355	0.0063766154216154045	-0.017263874916982745
-0.0028514712427307604	-0.0015896216845063035	0.02296286343958625	0.002739722606777072	0.033450035786478385
-0.0057002883412081195	-0.021768874896384283	0.012373540603456239	0.029010958737844178	0.027668971902853445
-0.004416929156097745	0.00830882201192805	0.03466762227850312	0.00985147484486534	0.009238321023758591
-0.022044072951693625	-0.030988520206378253	0.053386322490717314	-0.029358212999688413	-0.030112763993920575
0.02481436741519692	0.032827103846226	-0.003173569539933953	0.017550406626482152	-0.015519816363468955
0.028864375852456988	0.04334978515774581	-0.017199013629014014	-0.00956271110762312	0.02496803355385318
0.015819106907094774	0.0066346022203125354	-0.014506061177795466	0.029144686015978926	-0.01623058299251099
0.01700214829416345	-0.012323659773507151	0.014446990295595132	-0.042954244901934224	0.017918612743889357
0.0010334986867038543	0.007808770215528147	0.01300198282104522	0.0049049847644199365	-0.04143207752381902
-0.004975796399694001	0.005609048147380335	0.031046991257974763	0.0038572196122351582	0.012619296568232786
0.01620015523486238	0.022051029542021327	0.007072057136400014	-0.0032647643086592248	0.042331867598465606
-0.04255105847520825	0.00927393808549467	-0.013934909775567973	-0.005755184519134069	0.027037108536518605
-0.0056968185791224845	0.02441650152275732	0.03242518625572528	0.034712038311971796	-0.010056940382270506
-0.004302307170831247	0.020101494063230127	-0.011483018994941772	0.0031047533375046206	0.016577445249470017
0.021506209183042163	0.021063839100592688	0.01780914001256556	0.006660762682533035	-0.020598613579759603
-0.007524829880702259	-0.0045237347257702665	0.013885908541582493	0.02157025342774433	0.032678773715098364
0.01704064176951024	0.018239890340588177	-0.02984707539681236	0.0006660612413929342	-0.01605677022186329
0.03338952446737006	-0.005109171040593275	0.018314078360046355	-0.01281938888277993	0.014128313343362533
0.04273457578278693	0.023225271011953312	-0.008219990766570904	0.0193870490931402	0.04258455540898542
0.0067534410506867575	-0.001319615872785205	0.031042875092336972	0.011880559908578503	-0.02528522790673049
-0.00631230870521597	0.01584922452360959	0.025307430976314715	-0.02427918849111768	0.04106703916400532
0.022316602073922373	-0.03262876667036514	0.05405801650623702	-0.014134430818067327	-0.015274338773155533
0.006710021233536509	-0.02147133575043647	0.0011812310144494586	0.013735007340816908	-0.043469918630554154
0.029495097389916347	-0.003493664609231532	0.009245304534006755	0.007633380571916909	0.043021225279737924
0.008932487703850585	-0.016178820026613406	-0.00016476467422555166	0.008363200308067621	0.014190989129663975
0.04550859148196859	-0.0036148836344082566	0.026952829057207063	0.017059057092811993	0.006023099859617936
0.016117421439958184	0.01750866982380992	0.017139871952426597	-0.03585706718133001	-0.016544076744673068
0.013934137533075099	-0.030963668758471865	0.0005985834159044669	0.023902658188166417	0.006059092695196221
0.03118391000743391	0.02664582713398402	-0.007802356125559682	0.011744828978981452	0.025009512080299997
0.0036429353374499256	0.0451616201865566	0.007808782461335444	-0.0019230264577215885	-0.016771095104531415
0.03192779730220696	0.0009910224256641552	0.01949327280104698	0.003333407631038692	-0.011536169750982652
0.00642890502708085	0.023943634778515303	0.006188610625976656	-0.003283794531765285	0.0077274858815824955
-0.0054139688210015115	-0.009563520177529074	0.009099140029568523	0.02527669942399191	0.011441707343848292
0.026894181299626483	-0.0021241481139250866	0.02572104806406987	-0.0023281799794762264	-0.004238748675184777
0.005202180138980394	0.031703248491898046	-0.005763158064086815	-0.006476625650391175	-0.0123022593074902
0.015555818250303832	0.04890831932182069	0.023265068449913377	0.020865138312490317	-0.021571573178600142
-0.0031737892389827388	0.006702092554657423	0.023468777491780758	0.016127342816508124	0.0045736539282387224
0.005456941696843113	0.02363106117317138	0.018549153294788744	0.033740351690962844	0.053052949110112615
-0.01735467584371404	0.006577815069107333	0.050256207806666134	0.008283085789662683	0.008845431043240157
0.027394944475436802	-0.01201292593506484	0.004378075470094041	0.013569388484938626	0.023404900173225107
-6.897377020439847e-05	-0.015272229829509787	0.027485863627194622	-0.02893505003990731	-0.02118198588733736
-0.0013028146804903778	0.011639604688483147	-0.045697088322930644	0.00756430813904383	0.008369750795066157
0.015343968915540945	0.024601125982924542	-0.023137412614384748	0.02235722831752611	0.02713872842915568
0.01690784912643835	0.012099100512528963	0.0020630113705495208	0.02753827277781943	-0.0020843560653371986
-0.025903320234482972	0.009681254994717371	-0.01702019384311327	-0.038342574729118346	0.004945384359715611
-0.030322584493570195	-0.012361132090857327	0.021491234581165888	0.01383278567955721	0.0441869635611436
-0.01838970511220546	0.0002938653310821347	-0.004963243949210083	-0.030233646422828928	-0.0009502770095522785
0.049324495820866926	0.019082776142321248	-0.010720834020266929	-0.02333549793190733	-0.0028222335063043695
-0.010680834523333339	0.013700363228012583	0.01448141059515601	-0.004353675397447861	-0.005734578766987479
0.00395580747869493	0.0431924514770162	0.00408710060350625	0.015207376779685396	0.012709428548225736
-0.007549595951925545	-0.014549648904589546	0.006760998742059342	0.014530644183627709	-0.005074431905890788
0.0159641451709764	-0.034617308824032175	0.024497625128987642	0.007539974019598477	-0.019266832803798845
-0.03798872233482205	0.011547343365516088	0.0217391238687467	0.013230254469865598	0.02499680244968116
-0.0006625832272098347	0.004330277451721784	0.03605103861200573	-0.005373903902266169	0.02642930009621104
0.00677235487142199	-0.01768551944538807	0.00026160620722029057	-0.043035030070441634	-0.004431355309578734
-0.03502342518229341	0.018542148466543694	0.00694171460807269	0.019280914433012244	0.015160804558831967
-0.022571865986297186	0.009139202952687893	0.02201824415682553	0.030565576092663117	0.03255195067424397
0.003997744234773963	0.011667052636550343	-0.005708018742103418	-0.02218494337710173	-0.005983503333909221
0.007105534066142172	0.007871272260001103	0.02297173360085962	0.03124774215435231	0.014242714148717483
0.005592162785318134	-0.011000779458951872	-0.004102142410783066	0.025191404722893027	-0.01931636589336544
-0.007526075888902862	0.015505353957330843	0.008713435006985015	-0.016978703375401773	0.01061081959917239
-0.010373215455493892	0.005190238041002522	-0.024806187629512685	-0.003481060278180761	0.007678446696541859
-0.00715404913942892	0.04695359499866637	-0.02148032284886445	0.007379417179958713	-0.04136420124126683
0.002562098335142764	0.019318341311569672	0.03253253951731623	-0.026247253925059024	-0.010562641747703671
0.008924389421635575	-0.008272515808597745	-0.016907876724140493	0.0026807817714267594	0.01524100188413479
0.03350419080366971	-0.0002472000169113052	0.019003828633543107	-0.010913373841393946	0.023127743933226586
0.02434120104328775	-0.015216544644605078	0.020515096387835198	0.0044889504125903285	0.03954584555315436
-0.005321532317519611	0.024590014860044414	0.003811764265382796	0.0196872850769848	0.025548041245209763
0.01610603652269408	-0.023253331481152252	0.05805820758018654	0.018596741988190515	0.037316163849436215
0.012794914243547239	0.021976913123577656	-0.011568569167824092	0.01546227276565259	0.005913874637980412
0.016283120578803503	0.011965613423242387	-0.00642305611834244	0.015334634304519168	0.006266214194564204
0.01653352087078782	-0.004011410152449903	0.02346245779714295	-0.02364878843092083	0.0069045186779047
0.021498361207520342	-0.006623719884484232	-0.004313616305495036	0.03007702623870476	0.03444398142651627
0.002345486018285018	0.023795723830813298	0.00684413072369423	0.011660262043734201	0.025175139208372676
-0.03443426909069436	-0.010819202501908577	0.0016529519589489872	-0.00388936568501229	0.008076254384158247
0.010219887511869183	0.023232609868134614	-0.0028729447856530206	0.012934740006546937	0.011316128548306478
-0.036085484560477596	0.016978041824093276	0.015607589172889574	-0.015202817494538265	0.03750666054284991
0.004849510135871875	0.005025658115176614	-0.02755741121179235	-0.0005797518423202213	0.030150777150005227
-0.005994004326591871	0.01762024475733786	0.008581705342443766	0.002104125172959409	0.031876261813124175
0.032712264629570366	0.02179420940440515	0.01824245377806985	-0.01610783148192598	0.0225235704335689
0.012821678725860434	0.022755235944564335	0.04751603919043626	0.011173291482331085	0.014470185560774887
0.034834361539706045	-0.014932887116432605	0.014676059812244242	0.016527637502281742	-0.04792470217970124
0.02258551297257235	-0.021439446704080416	0.029447419815371967	0.004241763991045399	0.06404395726858188
0.0299279623149077	0.018342040714250253	0.006626137006080051	0.011736684587613969	-0.006273616982270799
0.009757405272552231	0.023239223645156723	-0.00525464837704942	-0.023406055817635954	0.02988189991579892
0.00557873261695632	-0.004579323846847459	0.02470343583699527	-0.029807969492634537	-0.021849468678478583
0.03800487516427455	-0.010932335200231718	0.010761878037372346	0.04366784153024777	-0.012468634017224273
0.033790789845315604	0.002472879422609822	-0.032287759565691465	0.014027332559673684	-0.006896338789572757
0.002307560589919444	-0.04564949135125533	0.010959747220148095	-0.008828192315493668	0.005322964015086292
0.02722872549130383	0.013285281543957719	0.025874998220405454	-0.0009963684997410793	0.013172116390388117
0.008983771278276454	-0.02139605723162728	0.022464637963478286	-0.03077161028967037	0.003419603886797209
-0.03068193905706433	-0.021160029267085663	-0.013294697126469367	-0.004459150122638767	0.006162744701704966
0.03129907986700997	0.01118652201836551	-0.024179519445637624	-0.021240005749183444	0.038907579058025124
0.002033900066629135	-0.01623027459935069	-0.0009171998791676116	0.001689602830796103	-0.0008399055015295186
-0.015383142651299192	0.02447796168040956	0.025827311225407792	-0.010726937445243187	-0.018185166874364722
0.021785942555829507	0.012287204538281324	0.023985464860562536	-0.016674784460249583	-0.024210987668615756
-0.0042557107638265534	0.04527695507318704	-0.0032733059538587062	0.02726952688117047	0.005168381040768008
0.005283965031021146	-0.03530078931157215	-0.005110249235864508	-0.02546405406955504	0.0036167626246699693
0.026843817831637803	0.010804503141170547	0.05088942487321121	0.008003846694585974	-0.02280948079276479
0.010651147395417605	0.009954075834185151	0.03750024033746757	0.030867389912744465	-0.002386517856270505
-0.020106044155388678	0.011888397837050636	0.003292233234448957	0.00951784379036896	-0.008226793849186356
-0.008716524297097275	0.00722600389347873	-0.018635591857261997	-0.03910987185248728	0.01595743756974151
-0.011744455373661066	-0.02344985130931604	0.02650388943629296	-0.04916522583916227	0.00018336635984722485
0.004378591315927067	-0.0013646690406339257	-0.04114582203557158	-0.03533953113780605	0.00473212705078285
0.0049906195023225785	-0.036000984240871184	-0.006605769159872524	0.04034281250462479	0.020571082835753946
0.015967157171853992	-0.012169898202162799	0.007719361760376978	-0.0005391888651680807	0.005718185901886087
-0.020711746800342823	-0.016340026817483713	-0.028150513860821527	-0.04200609173936995	0.023638457032878077
-0.033222240916130394	0.032179333128061254	-0.039106576874473	-0.021008719470306553	0.005343183812065539
0.01774214584007587	-0.05755725864253035	0.020735305328335406	-0.03248530114384228	0.012814779407905135
0.017414175008630958	0.006230234217643418	0.008083256672796139	0.022738037161491906	0.0432097494483213
0.010356574006629704	0.021511309726115726	0.005350447442449141	-0.006949320167022964	0.01668243083770849
0.02513248648974746	-0.01579239139216094	0.011180785762923983	-0.013057162699723436	0.024181906277078967
0.05560858314929727	0.031802982073077406	-0.04066989250022365	0.00937558595807984	-0.008458313092444674
0.00018485685990502192	-0.02892938524929446	-0.028894895491243255	0.0048601283837339145	-0.02079585363336331
-0.0045438896921223	0.00709713395957665	-0.02059747068611112	0.04236622081472618	-0.010801323261222776
-0.017744127410977147	-0.0038101679817011107	-0.0032094923887003536	-0.012978665100840938	0.028831054059455755
-0.007353251000944071	-0.005670120142379905	0.0426173252679959	-0.004787736506834691	0.01056387067673966
0.007721703317203976	-0.03579355670433255	0.054140457688522166	0.028672114101918857	0.009684856946342583
0.004568521107706212	-0.025272445399203456	0.025840812158361325	-0.019575959417562235	-0.024788768486810494
0.009301150053136968	0.03190523462710494	-0.01399099170403411	0.024651753535981015	0.00371362609417973
-0.05267015632312839	-0.014972094719506645	0.00989283697674197	0.0008004046097743588	-0.00117100736244627
0.011027139226810069	-0.006462343215476018	-0.009819864359074969	0.02738914052423416	-0.020776658856146525
0.024746629494429573	0.026106746122129015	0.015613249811925061	-0.007433514132184775	-0.03569980959485248
-0.03177384622537752	0.025402824753476976	-0.005586998451733216	-0.047317884488155625	-0.017263232942786713
0.047254789224977195	-0.017112328780609726	-0.018481427640963277	-0.032885245175457635	-0.0065377298032954535
0.02143516323257862	0.003575158718240475	-0.005839956343145908	-0.002975289900030435	0.005568910779205429
-0.009436365172061117	0.010984388348892506	-0.022884852581656782	-0.01945217649087821	-0.017247496083558675
-0.004040304539686713	0.0061909261538561754	0.03029125137878899	0.0028700101754374875	0.004429845689146847
-0.004204415244158545	0.016291187568439523	-0.01010006540605542	0.001486294940590836	-0.0010301440148588093
0.04319043850007308	0.01244712848938429	0.003187159862591128	-0.017676305125994426	-0.0008106721920693623
0.013157786060914473	0.0009013972991864612	0.008686295940483282	0.04541212739148164	0.005011585935140053
0.025782631630467626	0.009468101104468864	-0.03410670339077656	-0.010469534445692909	-0.0020001218429501573
0.007275152623467874	-0.022407220326982166	-0.022760218230546077	-0.015662693835685193	-0.0028939604691288617
-0.0010120585851758875	-0.0020461815550180873	-0.014482602937778807	0.0018049807620749768	0.009812292531430556
0.0050851514792225804	0.01237664330240654	0.009825657754000107	0.013902666948509668	-0.014290620820197693
0.0175596032954056	0.040923043732840225	-0.00770543625381249	0.008094507829548877	0.02273131797857383
-0.01631245558079475	0.006317751489655984	0.029538360302344056	-0.009108220010255064	-0.029954782215701595
0.03223723763831579	-0.013999651282866177	0.03540838193332201	0.03860797748486143	-0.033720932634462575
-0.005304248608495815	-0.005651043097926361	-0.027270413193044886	-0.008547706429755941	0.02439870212884794
0.03509449903790085	-0.00995557120636242	-0.03503439739497629	0.04313316753140954	-1.9401571267122636e-05
0.01779813050290978	0.03792332322705218	-0.0023835868663215493	0.004562300608364995	0.03370017541726946
-0.005121591076826851	-0.014767487590775796	-0.02379800266108694	0.027273009634843186	0.059678745964905855
0.018150050771276842	-0.006999569809301572	-0.011471854369843621	0.014926398061077192	-0.006064528223233331
0.001754144272306223	-0.022181316793506458	-0.00912999898444106	0.027414882309833348	0.03400564663183804
-0.025447988598941644	0.0077084668787998495	0.058558437159856445	-0.02834364918292058	-0.012440985351232673
0.015499570731915263	-0.017594838435505186	0.003959044867607023	-0.021987044563905343	-0.022351358462915024
0.05355858082671841	0.03751310146841827	0.011051416104652684	0.013031127692504956	-0.027850487966644334
0.025237511759525065	0.03270302093297907	-0.0015329375396124674	0.0022351237705631284	-0.00010809074331017028
-0.03837580912433932	0.011988604101360083	0.004962086431965775	-0.008429514710598569	-0.0069864986233123426
-0.00020315988875339256	-0.008522121012947984	-0.005303917343902952	0.01451358289262424	-0.02349931907599661
0.027204706475481264	0.01623843824792945	-0.0009799855810945766	0.020974399745858234	0.027959960593589524
0.03142644038618434	-0.004264065540911886	0.03407837190980292	0.008642523937129975	-0.016801592619548472
0.011790087671859368	0.01865156982348386	-0.01194369721552874	-0.039953834558756215	-0.024054940644122613
0.018836625805925582	-0.04806555797040042	0.04017692687700751	0.0329106390839157	-0.010182690035148989
0.013464353012201497	0.015341348851483147	0.01937958237081907	0.002069364816445829	0.023362352099688434
0.014358748690172804	-0.0063756702381825596	-0.002883748877559017	-0.0561014261801942	0.03831347892550049
0.005706227649780694