UV/VIS SPECTRUM FOR UNLOGGED COMPOUND
INITIAL_VALUE = 350 (nm)
FINAL_VALUE = 800 (nm)
INCREMENT = 0.1 (nm)
0.06241824774877857	0.062074439681102406	-0.003914820021773334	0.11459902558516391	0.048111264934026336
0.0390113427333986	0.06460027557947177	0.106740066751666	0.0496394452830408	0.05060465789570726
0.07308081587837474	0.07904596568375988	0.08187248425538697	0.09140961889332648	0.06429015565912323
0.08089030964117941	0.042738614769472015	0.03776009805730475	0.04156303279891253	0.08584754339991164
0.10991287339913851	0.020613132809299613	0.060224831749485785	0.07112356286329946	0.05282381004215312
0.055869281355508435	0.046608952758557524	0.048544180313760905	0.061427824676801614	0.06623274163814837
0.06645930437103309	0.10016911575602028	0.10369634455455054	0.055111463507561645	0.05790475564323051
0.08876725113950253	0.05269783215365347	0.07289425945694426	0.011432120433025678	0.05306640844121699
0.04273915073532206	0.06371303046062735	0.031012836822413042	0.022003454392099026	0.07467885810119551
0.07660810021094243	0.04162606685660219	0.033180931374674046	0.08435636264579574	0.08851180423256103
0.06306481820539735	0.08344261928862637	0.03887644469262514	0.10748025249857344	0.10826335597580813
0.09112726323674085	0.059257194183056916	0.0777732871657952	0.07747953822327351	0.06672484946832938
0.047141732178597656	0.058123229213428676	0.09875835520918338	0.060477107383922216	0.10121870391865484
0.10568012727404232	0.051063985879603827	0.051970543298379544	0.0915639575729022	0.0765131500848775
0.09135521741942254	0.08028575331897321	0.09952904761724149	0.06233053521816667	0.07445846961434885
0.07997683514654932	0.051387506974600664	0.05956965831875362	0.10060697009585154	0.05418909149105121
0.08989996537651797	0.08237050190813021	0.0909122325707892	0.06148209097769722	0.10773582758696504
0.0840704668135055	0.08010763492160579	0.039181631949440285	0.06248040831448847	0.08043569967167624
0.039668743319887685	0.0634102628157641	0.10796545989863338	0.07149891324275591	0.05990563275069503
0.10356854807019836	0.07479672291238325	0.08173724570115634	0.04781297093542536	0.10695336816985056
0.1004773434533424	0.08983583381199128	0.05220133744782663	0.07214548072267062	0.10821791264530506
0.05409800242591471	0.08126122653158349	0.06142433561446654	0.07650782795244943	0.054658688641426645
0.06445072907102102	0.0726670292775022	0.06552153616779091	0.07343867564125459	0.10008460724225833
0.09174544327022978	0.06018012396870765	0.05939634990531757	0.08980880109654411	0.05608727340626886
0.046272619651777445	0.0781481400410235	0.059976812946590435	0.06986175367044095	0.08226827019043793
0.06857528345291858	0.05444771990233046	0.08551370326573023	0.007562535745863968	0.08561812014727756
0.06326339162512068	0.07061485284238828	0.09379036958104121	0.040432152634303935	0.049908951536040046
0.08241257772494422	0.05401795683279781	0.053049590635025234	0.0675944346972511	0.041300253968316054
0.051112623967047	0.05847287911687784	0.0596080345125705	0.018343503099310453	0.07992249108453613
0.08545453477545908	0.05367268548792434	0.09447914549158859	0.07012256226922588	0.0967801939388172
0.0928501696163028	0.06907139945633897	0.03482932073252868	0.044798820591842994	0.05793959163289768
0.048167519701119224	0.06249141897948148	0.07070407336647797	0.0980793596963656	0.06540858211262163
0.0624363655548819	0.05435033132000124	0.04834359166907052	0.042092349379032085	0.08705748379879513
0.10230618945879948	0.06424036368076015	0.09206600232062927	0.02651641813387562	0.0675432062539812
0.04696130009267504	0.04622329698640831	0.047524076725565856	0.04015695193522286	0.07735770039701365
0.03841703868789904	0.037822217170422695	0.013084558912492468	0.06953823508273646	0.07502956184687898
0.06559348150165216	0.05945770692172501	0.035277356672760454	0.05623014551425688	0.08227680029948385
0.07332868145123017	0.05657737188195758	0.05498229204496495	0.07761319042530354	0.05277807579830247
0.029056047574022054	0.04286692630895671	0.04957077453975187	0.06588255591023189	0.04506872730335669
0.03313730938790717	0.032221948896371984	0.06636685687498982	0.054445209204477894	0.05644551418678954
0.05144274101136199	0.05509232704639267	0.06660527483023854	0.07491681902360581	0.03308568311303417
0.050604465065570564	0.03085872532767744	0.015372817611483286	0.04467823800486152	0.07403356194349053
0.008819855253392982	0.04885771064259073	0.014342418928332351	0.05037877682271802	0.0819399013736986
0.027314653500356098	0.040326366096530626	0.04450749557399896	0.04839686198368183	0.05397576900742251
0.06571536479708777	0.06216884014769127	0.06850078984446553	0.0413337669403773	0.027102351140198013
0.008765819388760521	0.08841898010226434	0.04441560594206753	0.06176613374106927	0.028849890069903104
0.025761868653167062	0.03662784801375835	0.007191289930808058	0.06997013186177788	0.036459444950271806
0.044134869449617864	0.004134429878931978	0.05736657893057301	0.041525213915281314	0.060754372699124766
-0.009597233088623248	0.027713404127588336	0.05008687869554478	0.05112631262359833	0.0630320476304335
0.05228683545556009	0.04431812239690533	0.02175691338299236	0.06761358341220725	0.015751529049383445
0.031058218678217894	0.013617970322165171	0.06607464096702712	0.0473069884713813	0.05120446701630873
0.03412281326013578	0.04629036006457669	0.03806185451925293	0.02673368772653232	0.010892685138812658
0.06856084303740367	0.08154404809764153	0.03323947208961747	0.06536816477331976	0.013941966165850188
0.06304539819358852	0.005023819084082132	0.07335524838597061	0.04233143883041289	0.05184894448500962
0.036581670525745735	0.05778467664614653	0.042515978453407315	-0.008604354332058056	0.041586832816853096
0.024417845298005215	0.029937043856636623	0.060861088177444234	0.03811242095822809	0.051612152280723134
0.02583926408145233	0.05147640023442145	0.07361565464051925	0.02499768637111511	0.05686078642674958
0.027869023720443108	0.008421979592094963	0.04804408183790122	0.02295247450973354	0.05868064290052912
0.08166258585101097	0.053137991917901556	0.037431279881617235	0.07315931651682976	0.03816164878486784
0.03352291106595397	0.04812656928764782	0.055389224883048954	0.017132918427753146	0.0601268441692181
-0.0064585287936935005	0.04616672447000238	0.03498543079921789	0.06794580389498894	0.055789831757400474
0.01676366479637239	0.05438046727517675	0.02058277196757101	0.02743205052764244	0.014211327753771083
0.03507793451340976	0.034844023036711344	0.004423414777436626	0.02638102655592953	0.03893889787096187
0.07107722348135077	0.01859826436398409	0.054839961168145726	0.04847095642016138	0.06374936255152697
0.05208194337625367	0.010644615961409845	0.029495194284310265	0.03540212211472794	0.025151138867075103
0.07358928162570236	0.0449853882706598	0.030855270939133716	0.07164775439738004	0.04475084442275039
0.05751843531063654	-0.0011348364914837159	0.0661415928284758	0.03458182512463456	0.039552537682067686
0.028491684479915288	0.04372560213158204	0.04800144912744014	0.01170095228669138	0.05776883603645443
0.03684103033134003	0.0007005765803071709	0.05076259245321235	0.06623358608703186	0.04310220844532761
0.017192887146291906	0.020658039047704115	0.007766159858595336	0.07799698260708027	0.05344888676828253
0.036772142670658245	0.004422900767939559	0.04314312032759639	0.0610395082944977	0.026615288029460303
0.02653490270885293	0.0808640866782871	0.06711611583664223	0.01452588374101255	-0.0037566085323866537
0.014964749990878753	0.053945543306377	0.03321494148128604	0.025696243230938384	0.056143987725287954
0.021329539799364885	0.046773778163956524	0.035405782300484856	0.020053722633106882	0.02778391015665157
0.04133155918041435	0.08735401331935955	0.06575778545396414	0.02672550348154175	0.033975690821489365
0.005708154671338491	-0.004218846870592001	0.01644754955241387	0.013032228621201604	0.026528567739602806
0.02535483436825099	0.03587667735695002	0.009393310009219343	0.038120597872433874	-0.018790996099331353
0.03269370433555078	0.01745712210596751	0.07050556467594843	0.08127362202360197	0.06185240981893203
0.0339427736728151	0.005501100822772994	0.05697122353707877	0.03015827202251996	0.019109928969077414
0.0444306162971286	0.02305398440864806	0.029792908757522128	0.03818895032067432	-0.008237886412671263
0.043428431264397986	0.04538795506096785	0.01694557861159702	0.03944016929395787	0.052959744389452196
0.06525383191439105	0.08344377024280117	0.023956270268982567	0.022612506682286905	0.05068354954690996
0.04846342822661173	0.003490828562817001	0.03460650584148551	0.030586837979817545	0.0203116101635171
0.044938914733789435	0.02038631805871453	0.055292284391898094	0.04578559636921044	0.06712647064309599
0.030765432071437088	0.045965639513411684	0.040705709766801365	0.062123655721110685	0.010312198360038879
0.03647842423919175	0.07326718894233777	0.06043486439226857	0.05951258520987939	0.04879341822557478
0.04779819611033756	0.03971131128979705	0.02019726089653741	0.04709716028990216	0.061884758435800644
0.02487797429318198	0.027277541294341366	0.08153628611413609	0.024758798331208014	0.023023666369023907
0.025095076850799723	0.03699399566016755	0.0667643821748755	0.052742686657796835	0.05105978293834526
0.04041159631115036	0.04122625457224002	0.036185068387128476	0.0560787594116471	0.004984795647388597
0.0593299016397326	0.07122006601580343	0.07582363846303655	0.05199608422196102	0.06842367555259558
0.06506405062889413	0.013746369113127339	0.06986528463405525	0.03012509265078119	0.02566245255606899
0.022521016466425146	0.01734843157535501	-0.0018985514428456751	0.0329284625644685	0.02346456848080623
0.07101690127132236	0.014225982642905642	0.07830382350424124	0.07583505290208976	0.04684632487541819
0.03932951936403915	0.026134370466512784	0.05927052486287758	0.04267774426562163	0.009423735471450818
0.011545303068185542	0.06739210796504641	0.06721246401414457	0.027752672111801813	0.052053419597228305
0.05102915217208368	0.05555804912856524	0.05682231106395542	0.018250727356094936	0.007439090284360081
0.04501910398978946	0.04142223776161297	0.03404229810641212	0.09197152069367857	0.0582333784946983
0.06103410659526728	-0.001948796497008464	0.03896082719650356	0.05449350898350176	0.048154570179775154
0.018153070617436106	0.03250809021872734	0.045691364504955895	0.07952480472322684	0.0843733936042268
0.061781386809176414	0.005143845787993271	0.04662984212503407	0.046319665168412	0.039494250087909695
0.0732624727781031	0.0284719180350304	0.0727999279919911	0.08014365694445787	0.021331800091550685
0.029778206678655255	0.036071137433647926	0.04485196935338581	0.04923035444242229	0.0347037610298938
0.02011000004193507	0.0608309620344172	0.04121585443131264	0.0622373086622461	0.06484255875506681
0.05821147625363751	0.011778091788170516	0.07960327346337841	0.06768423001043186	0.06242273200545484
0.01296297658624428	0.06641712246210223	0.0532796195196338	0.0768809863442768	0.05982815337193665
0.042815762088097516	0.08334295756227422	0.046823257703513546	0.02938880881469269	0.04378745905873296
0.036074108860844396	0.012697921390985264	0.021650063334845832	0.015923565069336107	0.052797285553215105
0.03899711251823866	0.019202228734811012	0.010805006656380066	0.051152670721533906	0.04477037402435386
0.07039123270605498	0.05068199344752957	0.05962724198991275	0.05635370945388493	0.006589858808086185
0.048620421192318686	0.0625933124663718	0.05159088457049518	0.047296604212320854	0.08646166645212826
0.07709218598731149	0.04399419701834859	0.03821948854353526	0.03198911232191626	0.019249262748025946
0.009483852702355553	0.06104702310981759	0.019705089785105833	0.049681493897616905	0.03121667755429155
0.019978507806178943	0.027345521408153793	0.07505743855118344	0.06014930717848205	0.04109116084509554
0.027842763679184666	0.0626932995989569	0.05200430416252156	0.07183262719108024	0.05682159838569202
0.07820087566766892	0.06763153142877043	0.06168191161920583	0.017481164312924936	0.04307102814111498
0.02193491167689217	0.03961440604024233	0.0678125392616591	0.07083752466021319	0.0037180418458920266
0.06847907206476711	0.04389705632985231	0.07172787632311127	0.03172127724652958	0.0708455673163042
0.061967036537529684	0.04760008386876658	0.04874503744860972	0.03777762683090867	0.03774220083454836
0.062228465965870366	0.05174255779282237	0.08550572960032554	0.00805849000410393	0.04922888017897577
0.05087375102893113	0.061493311999330065	0.05976789631494709	0.04387720260652625	0.03919666281508738
0.0665357859018491	0.03370414964005845	0.05985585134343815	0.02534650496360614	0.053587620496915296
0.07286297235382586	0.05784962863498563	0.06231979215666294	0.09374556004643689	0.06995868692708651
0.03157878746039742	0.07499830373494987	0.06463403102912602	0.08833366794270321	0.04259370662952916
0.05309708525814744	0.04578123648678197	0.04412132793895034	0.03553886400412144	0.05225317447066128
0.05118499702415715	0.040325127628601715	0.04111848409438129	0.06366468046203379	0.03290714954395005
0.04144425700068635	0.01594375186262663	0.050663608810351785	0.06047580123644974	0.1064849961443196
0.07919977579838093	0.021727744901634517	0.03962229280974059	0.047675385665321514	0.02538753678282136
0.05094929429410156	0.05516553813400968	0.016286781605888385	0.06265324427817197	0.04790461852495699
0.0935021537742926	0.042122871318831086	0.049353500706997275	0.08875384074793947	0.07294770312919935
0.04967157447795643	0.072413515479191	0.08192757188894645	0.05488992105342696	0.04985489582392051
0.08872112489643415	0.050630798405402466	0.04598696242356925	0.06396730283041238	0.05829333250502617
0.05618248902373148	0.06559750504386438	0.06970685007757997	0.04882723312369811	0.03063648872956297
0.07664348396754227	0.06834133543590018	0.06325451367227455	0.06098826753584506	0.09242501453404525
0.0990635786068661	0.046228014202873036	0.06805850638249492	0.08811757894064237	0.07973951648177177
0.09271066472976565	0.05289738143714321	0.0621932849005483	0.07387173996654381	0.08365653067998437
0.07668501396321122	0.030983691567245286	0.059970034510355964	0.05153797973159423	0.049090572823131846
0.04044589509395032	0.05190600374684232	0.045795610125219946	0.09928578618412023	0.08315065353444684
0.05335260032448408	0.0635154609256561	0.07230528154264237	0.04129307872941915	0.09321484623484004
0.07528910056412288	0.06312842840596034	0.05875694605042475	0.1025412862373491	0.028644021454602903
0.07474374055738442	0.04596725430026426	0.1073866439175878	0.08044365979671805	0.09107036010521725
0.07324794960846617	0.07183599873809761	0.02834030992716447	0.05375079820390261	0.06262392915319373
0.052199228249767214	0.11342360420113107	0.07929481617284527	0.05135495178245914	0.0754581753887654
0.020806315967711618	0.06513163607593746	0.042207832656428496	0.054673820412783694	0.06654868951957399
0.07252435567200503	0.08642988206406067	0.08954387171292745	0.03856524054574305	0.06659448248923204
0.08229938456676236	0.06840335190125085	0.03714436596530673	0.053409264311071736	0.036543490042005994
0.07431278464940401	0.050866461530219974	0.05794219451533517	0.0862799194429331	0.07568157605070572
0.0903708161517081	0.0355507477664355	0.10627019449388234	0.06005188230541777	0.08591616718917687
0.10247117488272106	0.04505615374390562	0.08514383548262233	0.03739794911701903	0.07666352854361162
0.09138528513183161	0.06993809312457434	0.06320506085770557	0.04112784473433094	0.07121679633276064
0.07799080182187329	0.06396453042564314	0.09444980452389179	0.08733919520670524	0.0999972619722957
0.03526599093389184	0.0890441553202569	0.11357785786076308	0.08839996527762549	0.05335125050575698
0.09021803502997994	0.08344459249429852	0.049656826645032764	0.09566219104393872	0.07429048049914957
0.07993918754402905	0.0864397536422607	0.06428958795553416	0.023804605421192573	0.079335278564755
0.07043774598883576	0.07122886433471307	0.061458504799739994	0.07748773924332403	0.06557031892816416
0.083774367719377	0.07632343353908469	0.06988003641681476	0.07665855309069412	0.06763035552045628
0.059304912488669315	0.06326687508697879	0.09566937885264473	0.07432941994281	0.05205695884004575
0.07905171608238971	0.08146747093230634	0.09173910250628199	0.09987436733739413	0.058402495264683614
0.08840205853108583	0.07736631854284982	0.10301769099169093	0.061881754192489376	0.09553896392298591
0.1344127791498295	0.05480890263979325	0.11031952400020006	0.0973356335791638	0.10785341095381831
0.1070124598768511	0.1050210122865099	0.09910374571296596	0.07260004973919557	0.059985006115048256
0.04005497835599093	0.07774856122275121	0.08344420365955997	0.08929375590861885	0.10682647231776254
0.08044847076415461	0.11296000970576885	0.04152496328811295	0.09426363335305162	0.1178509476877352
0.07839661007993491	0.09050627365168169	0.12920353784418137	0.10998887483941579	0.08836980567085934
0.13485763053838215	0.11264421359781333	0.08990840293861525	0.08497470596666572	0.072826973379069
0.09973596904919152	0.13630066979914324	0.0841414701439016	0.1275159822012973	0.0992210130475884
0.10051854971995476	0.06730125217311923	0.060889866965900444	0.05680687540853211	0.0961817299579657
0.0855734736159308	0.0986069544272202	0.09092523843105388	0.09694163905768234	0.09806211789429582
0.09898575751931955	0.11596646991451266	0.11094694634655032	0.0828937336249843	0.083994532705886
0.1271357167859885	0.14016394029886303	0.10854243183677907	0.10450024420210377	0.10748351392276367
0.08935009585797475	0.10670107015589825	0.13362982524073855	0.08862439544931486	0.08750852075155927
0.07929317698726747	0.07803798317463245	0.10894668154318668	0.10927462062709664	0.1127535215217608
0.09208551038336688	0.11469254250077925	0.10559081263925776	0.07174535174478097	0.09403638738534273
0.09142491060128455	0.11028300864121121	0.13147464622470495	0.1203868662427356	0.06891162101450626
0.08778993017844682	0.10581952322894382	0.10991712684802518	0.09114004201273429	0.1306929074047687
0.13341580439661727	0.11481143816572512	0.12031109630602908	0.09824591462899467	0.0536144379758643
0.12992518283121546	0.11837894949409596	0.08367186555009334	0.14972546884019916	0.11023226211393611
0.1665782126946291	0.09065823838310766	0.13175550732673083	0.14462341295091014	0.10435542883011564
0.1145321392440121	0.11411178066226108	0.07150938546222911	0.14244278698091128	0.13217655326532274
0.10642211486274064	0.08783360585641961	0.1083161492763199	0.11881787294286976	0.1525787177660914
0.13590026493378365	0.12484192041783851	0.15518542241645472	0.13906575218417241	0.13274308445005298
0.12865899556354848	0.1372732439426565	0.13517260979311183	0.05495269515920444	0.11146040881059677
0.15694742023981062	0.09564314540759108	0.09348286897671941	0.13415230886016294	0.11868253359717561
0.145020561152432	0.09523074172840765	0.10899095303312815	0.10321877366150792	0.11271680673334647
0.1251066781837778	0.11202572207646538	0.08125262601258972	0.13521182443150456	0.11156170419891522
0.1505497582626423	0.1169773774877952	0.11226663878286004	0.15438795575203962	0.12874393399108952
0.14875769496330699	0.10787412571312979	0.1011854059826956	0.13000988668669713	0.1365480516582411
0.1310926180884664	0.09410517055199936	0.09807850495932359	0.13498593061182826	0.15168088913637998
0.12016132571639221	0.14792414464081802	0.1118193477580804	0.13639238850106733	0.14200035916315598
0.1388342963970338	0.1533496777855909	0.16892031917839742	0.17362946190828835	0.13248662723350957
0.15486724409656505	0.13925095681687658	0.16335766175596625	0.1398377213745773	0.15667339175571135
0.1550903611978226	0.19409334365106942	0.12096067920113572	0.1412176681883685	0.15699866917497157
0.125029004531092	0.1632460721757423	0.15660248139022848	0.12062192264453277	0.12910392048655253
0.15252997546157154	0.15606983280511932	0.14960282367259325	0.1584475659451553	0.16913924464152286
0.1501179444483709	0.14400862599667658	0.1409456996019082	0.13389586463984252	0.15686009495181327
0.1605831442167184	0.15488243446089398	0.11807936760541116	0.2028632850393843	0.13856645392006706
0.1127411789124998	0.18463541941815947	0.10989449724470764	0.14732166841808744	0.18323658420217198
0.12853011216574223	0.16731657857583754	0.08597352538721538	0.14480015901475493	0.18554347763727025
0.15173134959565068	0.18040117414093415	0.14862767564947618	0.15031910680365695	0.129130457278016
0.15953824190025642	0.19438019788401678	0.17927228821251864	0.16334914243711504	0.17788391614630158
0.14353083215270604	0.16640441089484775	0.18124025646531147	0.20337923580069914	0.1988290683930121
0.20118203329711443	0.18972734454218235	0.18277289501010385	0.17046498971164922	0.17677507999261705
0.1731713424249389	0.21839283752020827	0.16985725997497889	0.1992127333402356	0.20089187244692833
0.19313855160376553	0.18197087333632864	0.2032387485423814	0.16177465171313044	0.20142803471922338
0.21001010656297237	0.17961321713110956	0.16609664343205835	0.20095738187857246	0.18492767117371825
0.17098606941576902	0.19237034871950162	0.17004741478380406	0.1670927414501752	0.1659464165451891
0.1879825966879492	0.18394675268506142	0.15145707943740844	0.20440014336246615	0.2175770034159312
0.2074793321220775	0.21263297994520095	0.22256800367721152	0.18641164081444667	0.20215898795338544
0.17990648839338208	0.2153183019680331	0.2286050497348861	0.2125504814259892	0.2145491941795059
0.18247581910892213	0.23068857989929945	0.21725732161951203	0.21622826210290186	0.17183939211388374
0.20272490564398304	0.22808277578764674	0.22924792216073175	0.20535735925123233	0.24907258059915913
0.23186066234230673	0.22685522041585388	0.22139852794542902	0.23076403825519634	0.19389513019492133
0.21984094441414923	0.21169147233665847	0.22978341901106253	0.23151163466340238	0.2004953312234671
0.23557969551955044	0.26690949336447906	0.26968544666950406	0.18588334854584032	0.2668019175041787
0.23134104460169355	0.25487138847288676	0.23203230658668988	0.20642289470031958	0.2212068566512925
0.24600707645053482	0.2623803284233784	0.25004286977436807	0.2509148835310186	0.25307695473279873
0.2527864690654911	0.23016029114630554	0.2337317232355838	0.21663116276826783	0.2277622592661499
0.2707372733603818	0.2715289468150772	0.23672080401852613	0.24045320516541555	0.26832599095341664
0.22707738052744447	0.25368481093161016	0.2449172175816279	0.27300596844652447	0.24885046097925761
0.27039606857456444	0.2729563485940795	0.26135204501114523	0.27807447224351883	0.28730935341603786
0.27597349105731095	0.25672924727649576	0.284950111643108	0.25966930427035273	0.2640790192549028
0.2789211260263937	0.30343992628891514	0.24509692040316608	0.28116428289071915	0.26398607685134534
0.3185030214404762	0.2765637901611069	0.33892921534029624	0.28393279792461806	0.3012863108720744
0.32761151501343455	0.2842546871298387	0.3493293491729832	0.35483537161784723	0.3302291873841281
0.31368309766473257	0.3519553691738342	0.27611248169498753	0.2939741793360353	0.31227094597390403
0.31156185187866603	0.31673321362900947	0.2929559674654254	0.331871314705874	0.2850419689644068
0.30615245582068734	0.303502445094314	0.32261332762772016	0.33694259334180765	0.3371441605423496
0.33039855742744195	0.3721542385865342	0.35563935202935576	0.3603491534789411	0.35165827541924044
0.37218929851690513	0.3296218615527029	0.34146481535882905	0.34453611771523124	0.34273104797992865
0.3109160221739666	0.3485623250895951	0.33942734910753436	0.3380987190861637	0.3499468080497093
0.36669780321729406	0.38793650420285264	0.34245853705528156	0.362029313627352	0.37904036253303586
0.36472467381881996	0.3551330947511173	0.39545571550688485	0.3885209525125443	0.4000918841740449
0.41173000073520044	0.39499441523038115	0.4166777216760184	0.3931154131180349	0.413607486727917
0.4010287922277856	0.4240132407739947	0.4085857590562456	0.4210962820721833	0.40834986353371755
0.4575520603136592	0.4472365619896526	0.42562474238340264	0.41967977647068266	0.43285335550622134
0.45831682529151296	0.3815707124621478	0.4096918899277682	0.46194314989553376	0.46245546867221043
0.43696228180725366	0.42632709224807847	0.44538096870915456	0.44892793672597603	0.48787463024722905
0.45289550081659746	0.45898901792735636	0.46924445041439855	0.4692116224668033	0.44872225653818043
0.49416303769222936	0.5125778624609557	0.5043182456568136	0.4777196485780367	0.44685224315414995
0.4824996657311535	0.4832997671483149	0.49291138388103356	0.4897626411076166	0.544268349835921
0.5133013147259229	0.5742382521587017	0.5877320496330818	0.5124445593819068	0.5231327001707914
0.5374873473012993	0.5449547917554658	0.5528623049786139	0.5617095335160773	0.5467629237854473
0.5473026978863285	0.5538202868907423	0.5689290733642078	0.5411589064501554	0.5543779220222829
0.5561501109084305	0.577218880432556	0.5705548381161132	0.616765512169069	0.5857398496479645
0.6272796937823722	0.6408084452645249	0.6020403543512036	0.6389421584583683	0.5965229044244595
0.6521771739035369	0.6124437635547055	0.6123031223709119	0.6330615999874172	0.6713399747985715
0.6090634739713897	0.6622629189191231	0.6555938407851856	0.6215380731633698	0.6864180018695898
0.6743138145691678	0.6785922477344809	0.6849209370832149	0.748278194011473	0.7134302178332246
0.7127096909505286	0.7074023164921787	0.7473042988734101	0.7250813146503856	0.7539309161897261
0.7340695480217901	0.7574699779941165	0.7397640165575297	0.7361116190023377	0.8004255706850766
0.7774614955725438	0.8106695410844729	0.7689577048650758	0.7972216056117661	0.8003945564201982
0.8267137039190409	0.8201888954086437	0.8452455919116292	0.8127588662363028	0.87968124845629
0.8774122009797564	0.8345135768696825	0.8524836730201346	0.8994958771171325	0.9030755266981316
0.8704764951631532	0.9240656662293568	0.8845229958463859	0.9098835944583261	0.906534500615466
0.9297794067897742	0.9403333344827807	0.9749332323149752	0.974885528907741	1.0038714023565418
1.0099892860361024	0.9874399199164949	1.0032977743206886	0.9497933731377912	1.0299369508764826
1.049632613566096	1.0697279366554013	0.9967865031255337	1.066853054521396	1.0590647614553252
1.1018696201242009	1.0726878867679925	1.0721962071331121	1.0917824883529792	1.0959936991596477
1.167507785151156	1.158124375399606	1.18075623908687	1.190812517527568	1.1562570860490569
1.2030251494896338	1.2294609464060848	1.1872897211955955	1.2232094400249032	1.2500857997141237
1.2505145543075138	1.2842739090983508	1.2895942572164385	1.2722598778123093	1.3299300133378371
1.3465405134833248	1.3323746517123436	1.3636810507138646	1.3773197888364959	1.356908546013117
1.378732677770185	1.4055122223685919	1.4444553248353555	1.396668781418213	1.4660304686522554
1.4649057254111597	1.491318787455218	1.4789801260300748	1.520475026551222	1.5179615561267752
1.5479547940814593	1.5399309256963054	1.6106641251093425	1.5720940985802856	1.6656101459874886
1.6356575370144208	1.6934236713233255	1.7313162540164844	1.6914742558239093	1.716699697894747
1.7327331365972207	1.766398764272353	1.744961676960039	1.813716622188843	1.842372298669253
1.8160943496897275	1.8144660405719442	1.8676148336637504	1.9386854867133587	1.8715267069007606
1.9476218160467895	1.997059146946507	2.0105110358819567	2.023271049207842	2.032225514293083
2.0562502201305626	2.113523072504295	2.1075576908501223	2.1129811034058754	2.151752141590002
2.1788184411768476	2.26112917107005	2.25693194096672	2.2856971228066594	2.269813853312696
2.3324665882332236	2.3635441429770583	2.4077161521970094	2.3784476461813044	2.4180547810127386
2.4589589898851174	2.512292853216658	2.535901291408515	2.5213494590702394	2.5734833138832096
2.594985586866554	2.670354874211076	2.652709851258148	2.6865000555771954	2.7601935349508895
2.781021229726068	2.8037077669260073	2.8362658806434	2.8847477552993284	2.9156412510240433
2.9278639508908433	2.977476422647209	3.0343987588056023	3.0559403445665994	3.0659780055443417
3.1391377607503133	3.1568904841650745	3.1949638442108674	3.1977538906829905	3.278055696707769
3.3514840648928597	3.3307986139603827	3.371953495101891	3.4137809376580295	3.4406912304077073
3.4768853806584055	3.4874274787704014	3.534701654971113	3.606814887400891	3.5579362484548893
3.6437681387862826	3.695628038697844	3.7506849605303976	3.7494281462591452	3.8141095270266403
3.887986177232671	3.8630291186505215	3.875767983709033	3.9372815424432197	4.029011672205647
4.018321078617783	4.032186501804554	4.1283030309897955	4.094836109475556	4.165262037217082
4.183287382964616	4.182055289564982	4.216696938372963	4.309826791479849	4.275144193332077
4.3177188852976975	4.338903777592872	4.413747663581827	4.427462116070514	4.4526676125714175
4.455354869090914	4.473378105591292	4.523289909852315	4.524333488451733	4.587227028139023
4.64103226988168	4.592497993704137	4.651765244431607	4.618433210015298	4.653344258508141
4.678014451757681	4.719550944296431	4.685157227856968	4.702327938060406	4.697660917027459
4.729935257102896	4.71101651456114	4.772583820369162	4.7207473921069685	4.684716770986681
4.793479601637758	4.750027576247603	4.759465761635723	4.76225830135678	4.759559178919676
4.765537733378801	4.78320991014269	4.7177694722603105	4.730368354291077	4.716652890296503
4.7187930970708045	4.695481531775915	4.701206328811637	4.660282734977503	4.651597248954744
4.626148219608708	4.6460423789255145	4.626088248868794	4.5938990818806715	4.618107835524439
4.589938038976203	4.526839975652596	4.504534294751886	4.471690885099892	4.480535179819813
4.401935899682627	4.38846803365734	4.396540487996937	4.3007380877626735	4.309501539938068
4.256916310090762	4.262831168807679	4.222638817358525	4.1684568593126095	4.1827478309781885
4.116561896558518	4.113986379394808	4.069034785126761	4.0085289033289095	4.0016702495585585
3.9221054419371293	3.9068456022377602	3.8735294686286927	3.840854262420742	3.780630004722372
3.812643684551202	3.7242004591325517	3.6768044336353456	3.6646704106886743	3.66085229552694
3.575385385421561	3.5262013468005553	3.514492916692046	3.4717247753929867	3.38988812542816
3.3846303396237873	3.3773273444390144	3.319327684046669	3.2979802904763513	3.238013459157381
3.2162824958047995	3.1817188773828304	3.1154270569958	3.103810891492256	3.0975806594386186
3.031191840291008	3.0320816149519834	2.990075151595768	2.8997566039277918	2.9134561435569153
2.862950111452805	2.8232250888471695	2.8190525422580093	2.7814055162699427	2.7254047252260505
2.7047765802704915	2.6783644337209562	2.6486003960943743	2.620196434513582	2.5854387229435183
2.5177490443807717	2.532022014896691	2.470933806966852	2.4901896303939344	2.443911277591136
2.3945998299541906	2.401694437502022	2.3585400742816445	2.3419239632565096	2.2657154522179783
2.286963077231648	2.260578661527674	2.1898185794463814	2.1932625800518633	2.1737408400985605
2.131234114512218	2.1462744453450195	2.0978041887267977	2.044675155081903	2.000806122323737
2.054978850200337	1.9963374995705685	1.9732418173045414	1.929010619406941	1.9532631791602164
1.9087609782830453	1.8747152275101557	1.881033136095136	1.8248005953063042	1.8031136083400305
1.8168363371744152	1.813140022617352	1.7442871439235654	1.7729653062464874	1.6830067056149873
1.6842199186768976	1.6508676707497312	1.6429933282282079	1.6154508561564977	1.6395349184288412
1.5935314976611896	1.5930441924773795	1.5744587066464846	1.5606563671657867	1.5469311469003861
1.547197001599413	1.5152716100252828	1.4708146789930405	1.463680099754189	1.443807569924685
1.4493050076690852	1.403258384161399	1.4110112554958858	1.3696302586925562	1.356077952232139
1.3598714043689624	1.3556292904889937	1.3317767450250748	1.3383499690792047	1.3207281944503613
1.291776034859528	1.2617999841326961	1.283552954985152	1.2273857997358197	1.2518013738436318
1.2399361821949049	1.2337748559362751	1.2567152884975636	1.1963571792102567	1.1730400412948163
1.1329789696483548	1.1493387128238397	1.1585401832118862	1.1361311221893602	1.129007455672799
1.1280058362311542	1.140811811711304	1.0597845174981895	1.0598657208387714	1.078858947437129
1.073854954755635	1.062597978382521	1.007989420707304	1.0021191645195504	1.0405071390554241
1.0463577834890443	1.0030350146932363	0.9950914568807643	0.9990363880234033	0.9459133758296407
0.9804410271069158	0.9533716370055972	0.9270850005558423	0.9337929394675643	0.933055157838563
0.9089454966750443	0.888699419622958	0.8696448067167184	0.8788424432756311	0.8951634680620171
0.8460283490741953	0.8664920709275221	0.8774960437278904	0.8357468699216132	0.8390405844159571
0.8338970428605633	0.8154851782809498	0.844445346538013	0.801385444016837	0.7849655414996499
0.8102629755140731	0.7710977503893658	0.8231697851956465	0.7699308268478845	0.8076229722112764
0.7442008484000613	0.7619938214781496	0.7790851970960048	0.7739380169487083	0.7169533872906086
0.7206342976687544	0.7273739372146726	0.7060613178673808	0.729430142991918	0.7035658114316535
0.7128575661812108	0.670872472644297	0.6667915052578782	0.6714967868203413	0.6558184224624702
0.6538037251995371	0.7025016018192076	0.666232629832768	0.657119729898791	0.6180167616916021
0.6330585612344918	0.6554747581786722	0.6357154854199244	0.6538565050829975	0.6759458324088244
0.6234752882070482	0.5968829515725722	0.6098763142712242	0.5823850951774029	0.6193162642992421
0.5885106920339207	0.6061790484447143	0.6020240356981641	0.5453857734114409	0.6029071682938978
0.6028155433777089	0.5683171817195052	0.539231532090385	0.5747659011345045	0.5417744235450546
0.5557662085449278	0.5394966836391373	0.5501794761801053	0.5505626449194138	0.5285286244516626
0.558257256154339	0.5470262482344959	0.4931197132918833	0.4886893663265869	0.5185148548361782
0.5034109623043879	0.49086948303145894	0.49509326386349856	0.4693090194514807	0.5073937187228362
0.5563379421702809	0.4613579233702254	0.5007980126493373	0.4813341398350277	0.47172153358986674
0.4752698691636381	0.47719301957945676	0.4482983114195841	0.4726882568624492	0.4560858821921821
0.4660279159145318	0.47886762878909317	0.46791568516649285	0.47177595927479754	0.46950310021519864
0.44585076901658427	0.4428872024172591	0.4535179531207216	0.4236002503073185	0.39776361483537864
0.4141182826130539	0.42049385184926646	0.431111757862634	0.45036347996752296	0.40590892695353736
0.4125852889978037	0.42445232328296156	0.416931704224199	0.3939546618767997	0.37391613661376005
0.38853308738808695	0.3784933515068537	0.3686927084672797	0.38036685971034456	0.3720318187373296
0.408650573409976	0.36196708581891707	0.4452456714590047	0.35014879224982753	0.34673861693563907
0.36810996510066696	0.3910154248410554	0.3619037335250076	0.3922670736097158	0.361843468374962
0.365612255148126	0.37476727304070573	0.3563589824742256	0.32889949293170917	0.3521904941470899
0.3615167245545577	0.3295180325307201	0.3194542935356359	0.3816898110909901	0.3521501108780457
0.3605410012178823	0.33349515924245315	0.35506812137618454	0.32939094142231173	0.35517218743168166
0.35882628621984536	0.34880781680606426	0.33451604293972703	0.3299773462429477	0.34221393990197196
0.31987165266567436	0.29510890480084934	0.31306746637497873	0.3121130339736183	0.3249819437540522
0.2942507744353555	0.32978224134966966	0.37830406751095097	0.30531604601741796	0.32467102318730173
0.31207188306910677	0.33405716972130745	0.28813313766483106	0.3116562489984737	0.30236469619621936
0.29208138828542507	0.2889171448378044	0.2824296158847173	0.31201293989172124	0.29657503770585597
0.299244976233643	0.3045532334593505	0.24983908462491658	0.3029128425704349	0.25491794976703414
0.2482806981973991	0.29345351333706937	0.287283649176448	0.26039167666237795	0.2464103993819241
0.3039118922669556	0.24516627249403822	0.2556217590563945	0.27625505182576876	0.23971590833233852
0.26764524411886714	0.2872657023179592	0.2745511087528193	0.25501323132782294	0.235766304211224
0.31421810249421084	0.2694340760526634	0.23400622698323487	0.24889348547715576	0.23292691041485775
0.24353005856335777	0.2383049329181879	0.25779239893566536	0.2664778157514374	0.25803744387394867
0.2890362956681465	0.2377100226172689	0.25546480781771463	0.19846891732718283	0.22965772116119113
0.23011844688032984	0.24790891075741395	0.21648383046227157	0.22105687236585136	0.261448231400184
0.24814975330381533	0.21664862059643153	0.20933223457833228	0.23802159996993494	0.2440247430899453
0.2184714288604245	0.27097877724430114	0.23002215177995805	0.19535532490984736	0.24290475867617706
0.20896740504445846	0.21546605360076754	0.1929057868699182	0.2141116980038856	0.24834596761850974
0.20136135031280322	0.23371759909279138	0.20281085518038877	0.21886693691274964	0.21894320027769543
0.1966975573756844	0.25615027203615753	0.2058373059832659	0.24197130724943938	0.18857381144103344
0.20559606181409715	0.20634271715508365	0.1866573220973652	0.19527307510650502	0.19290596535438015
0.200669587894364	0.1938995075551248	0.19959224587108443	0.19808352168122648	0.2177895374147579
0.18148286842644315	0.20469067719746584	0.18720144494416668	0.1586097763253683	0.2149195890066128
0.19598586626622136	0.1899190426032387	0.1621995882089184	0.17706038419534667	0.17990854767719658
0.20128173428745377	0.20381620626943522	0.2096860112145691	0.1478405872132501	0.18965430971516378
0.17923350745828293	0.1620951374157194	0.14787624599414276	0.20092374002592026	0.2069958180721633
0.18071699251337442	0.18943649718361028	0.16509237057943596	0.1730755117827708	0.15462766071003342
0.16239563876110152	0.17692221594118485	0.14640866796667074	0.19081195446943916	0.15679758604609684
0.17069221139953308	0.18013805854461298	0.18662221084678116	0.169219796969543	0.13307758214168863
0.15392548291255545	0.15242987811561898	0.13574622363545383	0.17355938377540162	0.16266179228491703
0.15105002067854215	0.13428209580911668	0.12459380798292664	0.15331610613888477	0.12987606928395523
0.1787363055224805	0.20124334914619202	0.1564772698127725	0.16721210623924948	0.12348739976095106
0.11301007910871079	0.1627105603976139	0.15126384416199626	0.1680574691226707	0.17272896564980147
0.15020790597347794	0.14458380203364965	0.1637180183893322	0.14564044924939337	0.12174747413802392
0.1524837927075233	0.15996644054610376	0.15118077787596548	0.13464104370529723	0.14657330938394708
0.15289418139949182	0.15211987697407808	0.11448518732411961	0.13903827044672165	0.1334729111144473
0.1554925285744259	0.15839650057801044	0.14308516904781093	0.13191730988216585	0.1387931612148765
0.14020865281166606	0.1407944416426128	0.12314610249362044	0.13305200180228344	0.13074438494197418
0.1744806534740127	0.13708452215621014	0.1690370625806626	0.11914882550757969	0.14560900926296846
0.1587253741415268	0.11658745463740154	0.13947722666457302	0.14508128315792884	0.10657377125953663
0.15712183273554167	0.11751031691468881	0.13280455717491318	0.1334838597054044	0.1225199537570365
0.13968016873427214	0.1300012474780411	0.15613699439237724	0.09849341707536999	0.10978222558914646
0.12239513995985028	0.14759000861414714	0.12985860556439277	0.11674982563424831	0.13486086468695793
0.10133445161339057	0.1507302994884787	0.12696665327515122	0.11335004619841137	0.09829141442746056
0.07719433262744872	0.10250925282396231	0.10675671030253958	0.09083393564387791	0.09957549822188634
0.13987532939765618	0.08641726713633638	0.14152980637527032	0.12871766910001303	0.09722221342321685
0.14894450745291904	0.1140042200854872	0.14134658651290802	0.13946251942385526	0.10391666942885339
0.11154059320553374	0.10522166250180218	0.11320474463694762	0.12357204854898526	0.12427082435911327
0.13677477934176313	0.09876815923832238	0.10536562726818009	0.08440750388908798	0.1417367381983411
0.08015571760754733	0.09630316137540486	0.1265852445828078	0.15927187941636362	0.12188890790461855
0.09590125443179452	0.1502001189072231	0.09724844072612944	0.07688196622015923	0.10174699837869008
0.11841155615317471	0.1362287946064846	0.1265204703594835	0.1017241707620029	0.1085735558385251
0.09369731493107984	0.12933692692927642	0.12381961549027032	0.07865902693242138	0.12097911192985604
0.0900883361925998	0.11265383236490197	0.09150067058893281	0.12655636648215637	0.09786891853986782
0.07140199096728593	0.1298943116108909	0.13763200566766037	0.06742511679115042	0.07286482935106343
0.08563707412080036	0.10051950094676014	0.1366980799242049	0.053323156570221186	0.0993968583257724
0.10746925606720435	0.13106214746628236	0.08537418907698788	0.11019173657452938	0.13649681365662908
0.08964850452743922	0.0990662433464676	0.11370512956970133	0.09797513379746922	0.10197048103968988
0.09754114468852	0.0971666074581448	0.09967422748159308	0.12361917825948676	0.08971452040689552
0.13780776598672423	0.09475583463794908	0.11315629749939767	0.11938528348761336	0.036081723490513425
0.040573732467281305	0.08736773521442678	0.13311879800033813	0.041735317275649345	0.09291692087942545
0.06785527363070129	0.08797809950950637	0.08827812990046698	0.06751385302468743	0.08743293523926741
0.051294406320401185	0.07585212508469674	0.07102093048687085	0.1253391414817058	0.13375929355375216
0.12750822151787125	0.10214788660258414	0.05327384335234622	0.04926509858929931	0.12069061068392026
0.05808139668168137	0.11537168669283353	0.1020333887709769	0.13642687351480184	0.09566719799137154
0.07798846044375926	0.1128866038607201	0.08073607708521258	0.08320776253948176	0.07822357918329163
0.0576663173684801	0.08370672422063422	0.08362127446702076	0.05383896742864039	0.07825622722868901
0.08102223500633882	0.07627867781220857	0.0914297256127502	0.057466789680748184	0.12471540728476604
0.08204627302261337	0.04924005306667068	0.04937401990179095	0.06065015567317491	0.10157064753463321
0.07784593205880397	0.08203979833088204	0.07120058893458764	0.0929345777535349	0.0830707193435126
0.08909199720736222	0.05951196554569669	0.09021639462516988	0.10195446460522495	0.0902500503372833
0.0817725921911094	0.06966694668842485	0.06024620030946837	0.06992804807384403	0.053015773790978236
0.06592629360918538	0.09777705689223737	0.08017231079978486	0.1016950977727023	0.06527684260883876
0.09955030479126366	0.040606220253147945	0.06113722493788121	0.03202663549888794	0.09778605215166836
0.07504647885471732	0.07333259128003633	0.06994777260162621	0.06433072559458618	0.03973114427382769
0.08955206771955362	0.10722924487892814	0.05986364928524426	0.07891329543193232	0.06328862509393621
0.08766742962617802	0.13149125995034208	0.0663671046267162	0.07456922328965217	0.05566484414965862
0.059770662495341395	0.07762239369438949	0.06981202358915681	0.08043710565588898	0.07305604584025382
0.059888227136398485	0.08888738786569297	0.07650232569477769	0.05085263831401926	0.09261594780221803
0.04180450312856593	0.0795515559071621	0.013447349140265913	0.04385632749516477	0.0501863919894559
0.006948141292859781	0.09033079646452007	0.07259253926835223	0.07061494662516644	0.09265531392224861
0.06021026222028003	0.06087013238227177	0.07556953179723665	0.0456573482746705	0.046449800231672306
0.061983792365321304	0.04698159473812493	0.09421046084171848	0.0692049980142986	0.12410231228802095
0.08008610030722099	0.06121028227121593	0.08559034404141161	0.06066892258088011	0.09833401336588689
0.06445082424127599	0.07308808125563326	0.046087452418499396	0.07659228029805198	0.06587422967615422
0.06110980883539616	0.06919170846371944	0.05503533981382013	0.08223245637622166	0.07951103538342798
0.09636871087670128	0.04882470223710359	0.07035139787487117	0.07497787263178467	0.06099658536070273
0.034214867044795434	0.06964708089061197	0.08671969333188487	0.03336159627214677	0.016717194346967314
0.0747414133760966	0.08227451485776714	0.07922245206027648	0.046431568436197904	0.06605369129012507
0.0656381279951089	0.06252070502126218	0.07722922645788044	0.035696202456425935	0.0827482690076289
0.09146340700917997	0.06624946871548203	0.06277890810068353	0.02825596370934481	0.08240253170041903
0.0898711779885104	0.04572962771426006	0.08671136782050191	0.06756464328803095	0.061812166914425294
0.020452349903160638	0.05845719522289079	0.06163358336760954	0.07632380132600121	0.0797305088695653
0.05718484234990288	0.09101114960207349	0.04028469316735582	0.07080187412416926	0.052077992645850384
0.030246434196022055	0.07884491006698019	0.023802019961833537	0.03194892955748414	0.04671278779499569
0.10006592784325541	0.038044958099186905	0.07762327880933838	0.07150831744607629	0.06741229225969836
0.06866933367221184	0.06966379198121271	0.07868288466403409	0.08423589361811643	0.058220127069819404
0.061059828371670996	0.04863614252157247	0.06471691591532192	0.03962934954469139	0.022951043509956998
0.0384319292707921	0.06663521542108267	0.0778170016899426	0.05834977438958718	0.04574760069432758
0.062107456601232	0.06953275385121391	0.046819472036021076	0.0757050313273436	0.033625239674714626
0.042633757735502084	0.07389954034033444	0.04421777820955213	0.06538204028449632	0.023993737997350932
0.043531951761996424	0.06551411527598586	0.04514798174703403	0.02502617947338214	0.050091808247865056
0.015507833090928094	0.04547891350636005	0.056446037631249335	0.03419117741142566	0.032857664977199406
0.05860467119830039	-0.009563113912288635	0.04176489477781469	0.04892833096358338	0.04472702142004414
0.06804640460557901	0.08334398820747027	0.04308697544222019	0.05472478617486175	0.05727036476930166
0.07127648162194097	0.08290019502736005	0.043843344518784286	0.019429398354521385	0.08959173887061968
0.07732184239782322	0.0479419129233381	0.010989286873521418	0.03899038900288435	0.03164978898853891
0.07422397939885954	0.045327983891818545	0.05857769199555152	0.05647386405469634	0.05164469356097008
0.015924924261748304	0.05688177000820229	0.08485162480204131	0.04073760039644824	0.034012343369553714
0.040082619636278315	0.03036725577431662	0.049059939638829556	0.06532325780306623	0.058274890881024104
0.05133323803316011	0.028220999035924087	0.042598182849785726	0.022469088300644646	0.06815808284089842
0.06589609805913686	0.03937443730726963	0.06558294477362568	0.011138242976278485	0.04772927353871467
0.017432561086405472	0.07161955984783223	0.04177830447513842	0.03737733882614373	0.06090292425061412
0.044024255334338534	0.05723140646237729	0.0715224549675754	0.08371504627130608	0.05507867083191884
0.10166368296320663	0.06818918117587806	0.014073937673332659	0.044160173196240216	0.011072741109935953
0.08032418969578302	0.055423833498110565	0.03036581235685514	0.0061662250433864715	0.03902842755968277
0.029801446690551212	0.015322348734508474	0.05827477687445949	0.04771461585110454	0.03266405622354591
0.03862199456592797	0.032390254862709245	0.03316390252190822	0.024896072603823066	0.030906701173318604
0.04114917716485865	0.05725289104697407	0.04560557224604212	0.041676558057936235	0.053935426772893647
0.02065185817722307	-0.004141218937767168	0.01179219140165948	-0.007268620019066863	0.04741710287149096
0.05250193007435658	0.048886477073872274	0.05189293095860797	0.04408650342939558	0.03740135809790992
0.05001234272410682	0.05383615385134689	0.012583555435187936	0.03252108156972374	0.002562777634394436
0.05219562215810477	0.08685474676385656	0.05504749625125541	0.03515078327923453	0.04896217919330841
0.019638218577732767	0.044047959103231574	0.03795393427832671	0.04824824417990309	0.028545769525375637
0.020092290899289142	0.05297932632773305	0.018083778125189277	0.035754728836962804	0.037523315441307714
0.06317268379458311	0.0703451941284444	0.06451897805736583	0.04213448501420917	0.09452002765565862
0.04178331419541188	0.03737704795756749	0.042395998466579876	0.013155865227547673	-0.0033246891932107937
0.06064087232292989	0.07019184528326339	0.03514337864351866	0.03095533114669343	0.007550278085218988
0.03776563205311377	0.03756578093000304	0.04939493678492437	0.026768108255948088	0.03434067004434058
0.023332588267607868	0.035824364719709206	0.030150094514970697	0.03910752017145842	0.007506765545613003
0.049493336630452626	0.009161280673108166	0.06097231968310697	0.04852281896938466	0.05223786039975755
0.03562356250970591	0.0352403113812768	0.030681867712220527	0.03825799403162611	0.05166409486445495
0.027713314700961604	0.1030437230103315	0.05198023310477298	0.0369637979827999	0.051687285168779046
0.028819772906071548	0.014430005135906141	0.025706315380551636	0.013179677111122085	0.03229954571234916
0.05578083283608271	0.04456970786249003	0.017774383051668362	0.015194373833920747	0.04920736426635055
0.015164358173132468	0.03063974779711269	0.024631373360500475	0.03437839401999555	0.0224693778554218
0.0534073282160911	0.03189834468671761	0.0689973891363792	0.02529477658100676	-0.006546631475368946
0.03800593626178334	0.04558823455400338	0.049027783632757775	0.06517339220211207	0.03805823088384639
0.02787494734822202	0.015582916276674557	0.03391172454336801	0.0049352293780477305	0.028150250893341708
0.0677871909784741	0.024883837986516957	0.07592329082658218	0.038555956332203885	-0.008509587514276083
0.0368309476759858	0.04360115540842961	0.006466741368755492	0.01974550022130071	0.0325684099250174
0.06303923649484645	0.038964828027596286	0.04313168299205213	0.06156093106024773	0.02409227001346034
0.004383242708221392	0.051071828276343004	0.017468349538425923	0.037764754846651545	0.05334638178823279
0.05480751607726311	0.03871424997749103	0.06843038299777755	0.04248696944891261	0.026976180011587757
0.06037934963535347	0.04075190888201377	0.02605566077551281	0.05514147632282859	0.03615020187317382
0.06476890927277529	-0.0006897218982996924	0.021422568872924205	0.06700321173586865	0.020095861191181993
0.047517562452582866	0.04029742124877696	0.022575054788300082	0.03966229740401149	0.014879778613841464
0.033047107377632286	0.041265083146873584	0.0349035200475773	0.04153323288494555	0.03937014592141733
0.030175376121260623	0.02896716973421457	0.0025715000580917103	0.07181556787289943	0.03072727117336453
0.02834127218836313	0.03716917549549412	0.07215409138236514	0.06136873235661911	0.0077968165909285915
0.04212494706556273	0.017225211930772127	0.008311167995901576	0.033777103950462316	0.031018189612191077
0.03456126795742864	0.029567510680799367	0.025262695896855314	0.028402484282306677	-0.017186363909474683
0.029305810810144772	0.031810229620485624	0.020957017451150577	0.06212610759176144	0.010974943834926212
0.04159701010966572	0.02751560623199315	0.052589414800610766	0.02595206542255574	0.005944995095833539
0.03831876831500198	0.03658762075844859	-0.002589965698293337	0.013950328971666207	-0.0001399930393516267
-0.013805006313196033	-0.0007014282485134325	0.03439550426208053	0.0446135504400388	0.03215901002575342
0.006010297929307785	0.005700157427062157	0.048113874578962004	0.045521362153696725	0.04285175122326582
0.026091086837758345	0.027541411866243863	0.07579409168866424	0.033711840570953944	0.046698665200666976
0.047213620827673365	0.03027424309280333	0.017608527595387453	0.048512155874465133	0.009868135927324571
0.03518408609212678	0.024946504099220407	0.03789973373542061	-0.01614393419448054	0.07694958579823521
0.04248977336056659	0.045809082812657956	0.0436395430796722	-0.0065082287823656606	-0.0025969953332135465
0.009521961147429802	0.03088596361530566	0.06510672243787893	0.0128124991450124	0.03879424772825543
0.05640938278441366	0.06754215235537213	0.022331706086837683	0.04419477753545533	0.0031207346389888727
0.021020249741547693	0.04407569662712672	0.033133765047135874	0.02751821866461452	0.03666092260630102
0.008856201399091823	0.030641310544544848	0.053551672636643524	0.035345725771460244	0.030419838099006644
0.036079118754936176	-0.0024452661249527476	-0.0071918568417123855	0.021274010023731263	0.0607891539098733
0.05129467053669153	0.021668162102906674	0.011961654193948536	0.021737893893673345	0.059682001265078534
0.043646493254195576	0.01424503334086238	0.0358336712750355	0.03140662947888391	0.017789228844795904
0.02551839368584031	0.03209947010274366	0.021137580187787688	0.047881273707807565	-0.006278767892925199
-0.0012041359384135147	0.030196960671536054	0.03599821520194421	0.02430322430460225	0.020079627638263913
-0.027269939793951554	-0.016358347104166563	0.018299773092126524	0.020381192719152116	0.05591690951855062
0.043949326398542064	-0.022567571517845598	0.01344828895562153	0.003840369134724703	0.02648771508409125
-0.010636013751797891	0.02761051783686316	0.027794319590581134	-0.008057263155401154	0.008114210283769952
0.013991260771939473	0.018586029935432506	0.05073418029686643	0.011841253930973709	0.03679409112367463
-0.011808078627705377	0.03361811626600933	0.048061333880655345	0.019583762062848578	0.0005317693020570266
0.029911532655721863	0.07864752872818273	0.03050753655264521	0.05532941235425361	0.04822748787578428
0.05812007577525765	0.015574443624418358	0.02273707023059432	0.03688311805059017	0.00023433324575902487
-0.00996789616494106	0.03401449692923007	0.028264730532131202	0.022896882159943035	0.018434105941954257
0.011671990056847346	0.0005621591288888237	0.027444895958113936	0.0327198476630779	0.02999694449454659
0.03173089810267599	0.04955853903127589	0.041209260121683945	0.07032881378908039	0.05093729870978092
0.014100601965056817	0.017960474674634144	0.02685081576614114	0.004051542249335449	0.020907164870375756
0.05477249572870166	0.024882359978883075	0.013077188391431911	0.04994127589266761	0.02619880347245849
0.018460478328218864	0.002131964288749317	0.022761686064847905	0.03563834977226045	0.015012156816102717
0.0045119641294611625	0.0014988476768968664	0.0586208068770416	0.012485673843861494	0.03162499540059997
0.0067283326262290045	0.043766508561586634	0.0501305077284581	0.036071602387791696	0.04184143903164421
0.03961514569709097	0.055120139320677795	0.011087673829531285	0.03827018103739681	0.013251274618272675
-0.006968566739585354	0.05169211076653228	0.02703479786538954	0.04265954094484403	0.05357345256287907
0.013463472416239696	0.027267146013743335	0.050741913177779395	0.04104069342707842	0.017709658612624975
0.05449951594231044	0.024569775109971183	0.03835707293255565	0.048358425952611535	-0.017861301038996247
0.07204567556069025	-0.0020650424790921848	0.05805041283956051	0.029756714571341474	0.030341951681299696
0.039592384108493105	0.03547469778239812	0.020918858898060645	0.02503467964684848	0.04794932046037781
0.06469990432773183	0.02155487965964043	0.0020369275844902626	0.009262671325331512	0.002742745438221811
0.0696598843443176	5.5289890924582405e-05	0.01688640234800926	0.03257452762979604	0.028303989378873445
0.03481664629787608	0.03280188683629652	0.029863958901866324	0.02288847287354155	0.008431317132758832
0.0153000007713914	0.03390885983537499	0.020234742463399843	0.051567450017608825	-0.0028745743743719787
-0.0024978768132443356	0.03898228518777453	0.048608942953802574	0.008889804918394901	0.030014252765052644
0.013563030628500061	0.02727360590601323	-0.0020298080189077154	0.047831929837890814	0.0010012258011435696
-0.002961020467372263	0.021117962714731917	-0.009100759823953149	0.03762792988917701	0.03930285625478662
0.035938008654389356	0.033272841309947204	0.028617776128105954	-0.0018358636777389748	0.0149882016537215
0.02336080525856722	0.018154303357221076	0.0035790850086163855	0.004385799813897405	0.019195113681665373
0.03674920776117764	0.037548817394948406	0.02131875060270012	-0.000434021371408433	-0.0014800616380300068
0.0051153447218960325	0.01954066573164082	-0.04494061852035205	0.03083668594506188	0.0018128932034183645
0.03537964036565373	0.03444414729311014	0.0032750080211168212	-0.020155995538216155	-0.005163722848859496
-0.00695205382630893	-0.03798632611513049	0.003348342282698147	0.010102212770426356	0.05150203653225041
0.05235983434756744	0.03698369671824609	0.03803563857656325	0.009606271559491866	-0.006445284560440387
0.006511615951562412	-0.017604871054551826	0.01177545365413948	-0.0010159599900477845	0.05662235469823094
0.04901541334944062	-0.01281688073051277	0.02448679735688377	0.0031211070248758598	0.028779336706107557
0.021106138159734222	0.006847818358552111	0.022670973861201933	0.049194891475410875	0.016898973687282264
0.04782511630857257	0.04387428716065295	0.008991245087516813	0.013665851027649625	0.05003297372605034
0.021403098843753215	0.014140599358887937	0.004011913003255199	0.05119448421712007	-0.008835968833785976
0.005027463184332155	0.03192929747196733	0.0405770071055236	-0.0028101817495800184	0.010346206964616944
0.004132350874561392	0.019172937170385228	0.005358403469865882	-0.00268156306745389	0.01651641309819284
0.0015873493896258056	0.04063157181355276	0.06267257176491631	0.036193037985536206	-0.002958076088750909
-0.021147140866252443	0.02322655247436224	0.005968643964306191	0.03601696279902595	0.02643980108891975
0.022212652630284817	0.006938890367879397	0.029276357160179754	0.023469030339524126	0.0111139790870378
-0.004344421790503336	0.0279451849204767	0.0016830861410052468	-0.00947904847321546	0.021513871471226298
0.05289649069697338	-0.03688149460456168	0.03524173981978098	0.06029084947962708	0.035580250018702415
-0.03052133543974929	-0.0016889739933117105	0.038762060385607686	0.008614866339229685	0.013962106762415357
0.050957357923661184	0.018381305402657068	0.044923835168512366	-0.013228192411541877	0.023363580938902936
0.010616806769538387	0.012528075980516185	-0.02197213043842237	0.014541918692619248	0.016699169115949077
0.03460040469501792	0.02842801829023071	0.021215626551512816	0.03329120801241036	0.023410316242875245
-0.007834929163941805	0.010637964438007155	-0.01168015977636459	-0.007862185067109454	0.03986823332699599
-0.024502179500588913	0.04414548996234966	0.019653401810541735	0.05683072286154341	0.010114045830180492
-0.009054127035721806	-0.009006162476633595	0.02942140087270447	0.0021060571666081194	0.015699896736229978
0.03596004826980875	0.019614694658607768	0.038110623819484477	0.03017699584066249	0.051377644331361806
-0.0006467000379498091	0.016100160826825256	0.0029202405695065697	0.0027271484317728956	0.029244294878802764
-0.002113735625344745	0.04056265601501044	0.008635266048508403	-0.005126334939031358	0.006710591177813638
0.004428272425054641	0.039133178602494725	0.01731989622636894	0.013624121480502087	0.00513480181864029
-0.004908290660575144	0.020089299442763157	0.02296025647865224	0.05017410532315218	0.0063527970089675674
0.002878911943977252	0.011587038392290909	0.029270205293940043	-0.0022568270512065168	0.03143193800652383
0.016763218081245035	4.552976471917675e-05	0.03244239670730787	0.058373769886369976	0.007112414030226686
0.017338904331212136	0.01600611230728361	0.030009678178998557	0.05494734295041903	0.02616740059889658
0.035204155487981975	0.014609009362915114	0.02780465094600604	-0.023370623945562906	0.05208575032742389
0.006871818657936799	0.03290155318899766	0.0357774229073291	-0.03431023988209741	-0.01596567197365789
-0.0005192682202417487	0.002803984191122471	0.0015313182349367621	0.011121743319910891	0.003689220314505092
0.026747371684809403	0.03265556743420988	0.024874177452843205	0.030121919408592344	0.02021689439055065
0.03147831843215533	0.029431109791794287	0.023602856302800363	0.010329735594357684	0.009598452379704928
0.03286963836561275	0.021558430140604733	0.021652263894123155	-0.0051187579324990734	0.028023346223302062
0.016681097755213578	0.005984461376756036	0.027398441558322432	0.019270923517072353	0.04937492462514981
-0.01210659012356698	0.000563552724213422	0.023794903454987155	0.04152790367950824	0.011518467541413047
0.008554614561468152	0.05129320865034362	0.00406459093364821	0.03591759264829871	0.07150468866157382
0.006930955972378832	0.01977487538977987	-0.006044043007169417	-0.05703124832272362	0.006293345700662313
0.011517198622917217	0.03136041088062167	0.05252723888948289	0.017187794567239782	-0.0294738689814446
-0.009282719051731418	0.0010540467620776678	-0.01867072718466193	0.0005305646738669632	0.002108253650109729
0.02476832607000256	0.029060621515023616	0.01730387375972791	0.049927411817041384	0.008800407546866484
0.011006430468077918	0.03825624275863443	0.0022218444928313284	0.026403447738849284	-0.021750164040400127
0.033664993707756455	0.03224040872950989	0.018247528148543773	-0.01201691016132592	0.015044090942048581
0.036730313660694264	0.015818193278915788	0.0436621722484249	0.053394930998093025	0.02380668569779441
0.03099417833304975	0.04130685345850994	0.010445788852740598	-0.0011524977079667008	0.022623185858511655
0.026426631983466314	0.019823087941513665	0.03149210759814425	0.02418019423669511	0.013959771328457323
0.028938952265666645	0.02297240713811056	0.033511617133599694	-0.0096650336242976	0.0008790830379872168
0.022650382060918833	0.00905087846619949	0.002417091940216049	-0.013203978088241173	0.003029044747452419
0.026691059801689742	0.0273859751684598	0.026216552419675385	0.02253167517958772	0.026094182722063555
-0.007581874796519731	0.035281839565380536	0.010164262978317776	-0.013239450364411227	0.008128262768896756
0.05992858614369215	0.04879940502581214	0.02284269050512423	0.03535642028779855	-0.0402746198888401
0.02421662345365461	0.020608761601927757	0.03147197467011605	-0.018164155983210407	0.0012351814717550796
-0.006568256465723112	0.009140603286510519	0.02316096077878703	0.04672398052184144	0.019058061680202666
-0.010336828391114078	0.03158504506311425	0.022821309495394373	0.01092633525769528	0.018342286748524027
0.01659670519033559	0.013421734330566523	-0.0033689495828107515	0.045475165003102294	0.008991975037075649
-0.022797855169244267	0.04330528906668074	-0.0023600884501492935	0.00348476596437417	-0.002636060425615803
-0.002572034833177033	0.00758685673806939	0.025286123864431246	0.023507690389196718	-0.025061716389773385
0.0541347373626006	0.019096338508273504	0.03782730993801743	0.003792697059186654	0.023115071510453004
0.009128279834438187	0.03089235377648121	-0.0006319927558022637	0.013844520645107137	0.003919680129568079
0.0257711363925463	-0.02567453714981165	0.01855923419139066	-0.015540228696683986	0.036690297903174435
-0.010893763571187397	0.059834293810879596	0.02890580912701287	0.012430248012579151	0.02494034944013515
0.04733752730191577	0.028349742804727324	0.03514485886168063	0.034225293318936485	0.02492294817358995
0.014218874202188432	0.03320316002020792	0.004561383961315042	0.050693941489385254	0.0475584064338787
0.03308087766221518	-0.005474527201339952	0.045747222260422715	0.009757512782653376	0.026566049628004157
0.0014151999619821283	0.009004359615051867	0.01696831140778422	-0.005981738811116131	0.009824208527807403
0.019258657215190652	0.0104926460164906	0.0021938037699632505	0.003003304908204966	0.03634284001415407
0.009055869771301205	0.06317089880685689	0.06049581744901976	0.05658671463171608	0.03787656115706384
0.01760512488258542	0.04399725365990623	-0.017129203925658778	0.015020730571508807	-0.002952597096468627
-0.011438455899313096	0.024079553114837303	0.03336806549153472	0.027066147091621764	0.04589787985935845
0.027562839081647087	0.014885766590940675	0.01893034874855703	0.024945769204194234	0.01888418845153705
-0.022204199708102765	0.018820057454926264	0.022192150319920563	0.06123959346718896	-0.00413351053844907
-0.0029126419031059274	0.030017801305141253	-0.0035255087972625616	0.022829560052091906	0.014638199648004266
0.012654820680366542	0.02409269915013763	0.012997496114931775	0.048369479601715074	-0.0158204787314031
0.011245199999802256	-0.019373544502075367	0.0018671470074280768	0.04511443149475679	0.016335257728947214
-0.020882748249874093	-0.011164518044008394	-0.015331195489545677	0.021710679457342025	-0.013726427198195154
0.020988447445743533	0.03498456079518305	0.006820811429883501	0.003401026174186578	0.030030510174615135
0.019360823545013766	0.005315494962070083	0.012952719158005086	0.006932533182837395	-0.023157339916614984
0.03086561270044215	0.012928521941102217	0.00977215095589749	0.027459674980658627	-0.02417339029045043
0.013974426069444655	-0.002014124670814335	-0.004708613156491372	0.04151867923227013	0.0073819024108796975
0.009836316459569337	-0.005744420840135989	0.0012300397920170974	0.022624134746592875	0.015076113981178278
0.004883560592988131	-0.002100398627465731	0.05146888758794199	-0.005238452928945113	-0.04000408980897952
0.04256499552612816	-0.006751471738712541	-0.0077942311312585695	0.021494782588065656	0.00915645651980118
0.02549423480853995	-0.01091632309805013	0.006361808705489555	0.0474916877280992	0.038143508757082736
-0.019923486538619625	-0.013061972699837594	-0.00038229249624523	0.03149171213003021	-0.017278509393070338
-0.008170008452427987	0.0318117493900984	-0.017372402247727015	0.024836258910367663	0.06098668362060254
0.018959254366877645	0.04993322867354438	0.0033541232174990627	0.0053707200453344895	0.01775379975536166
0.04541308923040388	0.045456430527397916	0.005011470927372335	0.016740160779471904	0.06046516541720089
0.026886782660082747	0.01439933691501939	0.02597274244507341	0.027282942065722494	0.0068701223846913025
-0.007322677909686021	0.03933414450010066	0.0004052842062565563	0.042504800613664184	-0.03386659272344684
0.03580642325567946	0.0234608502321218	0.022822658765291607	0.04407608571678719	0.024534562757598875
0.012656196811331632	0.01301175705753249	0.029361412324222305	0.015459861144420703	0.01550090673907983
0.02783651130212865	0.03072693629708715	0.030201900138488974	0.008959447356787295	0.012474414914527365
0.010209192027992892	-0.0098950784989673	0.020421113961268028	-0.03668636483257951	-0.013923025805733194
0.03376764926347484	-0.03183275981946446	-0.025583193082466253	-0.014943328300011466	-0.00897847739246153
0.004225509883212581	-0.039198237857047194	0.0008680589905508415	0.009593819036619482	-0.013611923803395501
-0.008950335816588889	0.022248727029051164	0.039713149784465857	0.012720844502664055	0.008422373394095432
0.038555806613424254	0.015296249535686137	0.05120590801772403	0.006640150634048373	0.05332962591481515
0.026492837308042513	0.07021911801306599	0.03187327556604559	-0.008927965853930162	0.023086909160897992
-0.016963976071713766	0.017679547536087664	-0.004054735406056066	-0.01687540011815105	0.056308049178150285
0.02396108876960702	0.006902773119568302	0.04340966564920158	0.014905637539126958	0.0324024971089176
0.03152324343475879	0.010958987668436542	-0.029109822994216487	0.011594819917611384	0.02529060314238627
0.027654732537942484	-0.025578741253365574	-0.007108853252993683	0.03315612639314374	0.010009130281943713
0.01136819229097684	0.022216155006459536	-0.010283810250475728	0.02598018955361029	0.008058644234119804
0.030682211140575982	0.023703913546639893	0.03947816842879488	-0.0003274415924853771	0.03709275547501936
0.01118795553239469	0.032153061182750166	0.008715926908865178	0.00684786367132287	0.015935888224530664
0.04468104103487476	0.025333128218795353	0.016920657031744505	0.03490141551502224	-0.010380629070646394
0.0005168648822281696	0.020359045514516873	0.024490962859216273	0.0023590892081847403	0.018225030119107644
0.006588355379119404	0.029012926747784877	-0.003363591778170903	0.047182030220039514	0.031644386574408455
-0.01067773657668293	0.024345928473534503	-0.020968543385508364	0.06644634374486479	-0.004082794687621457
0.009010613510803168	-0.014805860794250744	-0.0016730854452626765	0.02177766640257883	-0.000959132322000596
0.0656389585222732	0.03244048645390443	0.011211453524757106	0.0007780051179915551	-0.021189492568995584
0.008547690232558702	0.0030270632604824377	0.028836365463646863	0.006357821338969383	0.017879981630722224
0.03460294021671711	-0.013199311469673878	0.007017629534188458	-0.016605483786175497	0.04435991972912066
0.003978906192695258	0.046375105641144845	-0.004625609450828469	0.00016933173824048957	0.004759953600819083
0.009638821099092707	0.05911773826139191	0.04918075243625572	-0.0035417646518366465	0.013332410295601137
0.051034611507683104	0.003865761050043567	0.012324122551623276	0.01044705536258817	-0.014792430475063902
-0.012557638608938253	-0.015077678410300027	-0.011692161429398037	0.005238205137838873	0.03971002060075996
0.0037635177807731845	-0.010592654579763508	0.009275072728193794	-0.004402896652135959	-0.00472273199855046
-0.037065471408933647	0.054264387105942474	-0.001719201375066011	0.004092657939521719	0.04273561880522134
-0.036905217518058135	0.0020718003016821102	0.04408659077514438	0.010603801997590496	0.014428101103207972
0.035500230879100585	0.04287201997633453	-0.04285002988257397	0.03452348045070599	0.025022386692027977
0.035107675184613975	0.010400127431765056	-0.021795743041139362	0.03651543631146556	-0.008424839280466454
0.014785304622093577	0.011347024875831137	-0.03258086068654915	0.02277206744066204	0.027322683726545588
0.05774777134686158	0.019853921655457345	0.03387634897591431	-0.015092788908708151	-0.003283993616144878
0.01385676932957346	0.003994040065248719	0.016541148020179433	0.01999609252684248	0.0055487045200082385
0.02360426698690319	-0.011972385364375199	0.011092383689372324	0.02506272920910815	0.02112166442822143
0.030042930653336776	0.017660450949601628	-0.0007387497844974981	0.0029063409106181025	0.0016269950620044962
0.020595024106759164	-0.021168184625117083	0.04053206826576067	0.009174987312157427	-0.0014445739206028424
0.011020792823180303	0.005727794824518111	0.028324769444832858	3.425294595558841e-05	-0.015082902621812388
0.020920627736990906	0.016381788094772195	0.025918234766819117	0.04518135452810735	-0.003012581787439809
0.028997899950371532	-0.00037194679977678793	0.002102408143882674	-0.01789822643323282	0.03776283588814194
-0.012671563024443163	0.026971630143082993	0.020255748801060347	0.03556841383309399	0.0515024305275263
-0.010588890242575894	-0.018997988242897775	-0.026737500856203626	-0.006208504032305704	0.03280350273948769
0.006649112470242637	0.016686334296000898	0.013555163239833627	0.016323960593453733	-0.01038414817301477
0.00501093399653923	-0.017450488856527276	-0.00565880084518015	-0.011178355280323286	-0.00516615702833266
0.027508831136031007	-0.025278676140385318	0.027666085049438578	-0.00048718665385447937	0.015320407245842719
0.014582184345480798	0.03288916906549872	0.02994049187120457	0.015243371341458714	0.010750656948176857
-0.01301125879529106	0.015016690033534027	0.008261542653238623	-0.026310946774735833	-0.003944987578205583
0.0017130869226473517	0.032549164493329334	0.01457963035915699	0.040792135359892616	0.03987158687790593
-0.0022738943585669524	0.020902969405374713	0.0066633530809439906	0.031032316489119235	0.05373221342555628
0.011246360192648863	-0.009944589979958344	0.03877970613166437	-0.03807120909946353	0.03660273887501802
0.0033463778655461567	0.02064999932632488	0.03601702578002709	0.02298544335422147	0.02085892594924821
0.008425500484794872	-0.008751014005830234	0.030507986076316964	-0.00976768629724757	-0.028750299375413225
0.014076667521419891	0.006764294166574175	-0.007225347855270233	0.013824694916162157	-0.006222732836456951
-0.0011476407941540308	-0.04501324543603219	0.0019387712180706377	-0.0014018063613300484	-0.0096808829961961
0.019004705465780827	-0.014179980537197998	0.047904796164806716	-0.009121391391608613	-0.0013070461400038211
0.0069412255630580035	0.024922806251551917	0.0035465074800194347	0.01012635382284396	0.06479793095200398
0.011516258282179063	-0.018312186490501942	-0.027459705036935112	0.020700491553993502	-0.012437539879448692
-0.026564024526550677	0.006934703007667894	0.02678396206046516	0.033434859595548844	0.01459372955358924
-0.011093671528986633	0.0034090448060080237	0.045927852444138884	-0.019748483707175125	0.014120947871245937
0.03257495016187093	-0.011050649098558817	0.02599083898278793	0.007251944546218391	-0.0010266004979401578
0.002469902983966236	-0.005731878626389118	0.04459632392501046	0.04364295286162324	0.02172996907054586
0.027073530949337926	0.026788449225807025	0.044591145209762324	-0.026168732240778623	0.013253739316275027
0.0048117416224558816	-0.004706105754600098	0.019899707186644	0.01683794164674517	0.011307933551662744
-0.005107845506802073	-0.001736146975324251	0.0068387951192235225	0.010103211039444846	0.0470066540958335
0.006521973036803954	-0.04221980150101216	0.054696383180562	-0.02445215748633596	0.014820994636544377
0.040681461442783326	0.007711333362405622	0.014083843771060627	0.009540125663331268	-0.003217833300187655
0.023056393044354695	-0.023379518783646983	0.0036656968325026193	0.02281651497343007	0.04742948769866794
-0.006532650850068981	-0.006121191890311957	-0.025262269822619626	-0.030899242353521424	0.00635971613483522
0.046789803944486535	0.012342737923055146	0.04066713842762197	-0.03154038809550017	-0.0037564829523222174
0.006707056976655193	0.03571443298116824	0.027415197944850936	-0.02822838617271677	0.0042738388610499
0.01631195085708262	-0.010773085750151993	0.01851230944890605	-0.02854031047669645	0.009719137303573915
0.04325012937691546	0.004918718764611128	0.019049393874305112	0.02981818730616409	-0.012526825029806357
-0.016139078751920128	0.04398586894312358	0.02187420976266878	-0.025404777527289524	-0.0024080115645955416
0.01424818838577092	0.008479708410393073	0.018897900990220717	0.027022877985057238	0.02481828670079779
0.023402670799628746	0.019960311142712968	0.023498502401487917	-0.027322010548533684	0.04200364334760945
0.006706432855662449	0.035648217541233734	0.03551198239282065	-0.008285409316572442	-0.00810089092849249
-0.016421802782704668	-0.007554230326171263	0.004658966427523587	0.006564045553634422	-0.018639542464424057
0.018528632298924427	0.03184109018830507	-0.020036009029658474	-0.00273145777168331	0.013816236795693194
-0.026175324513767688	0.030639308287659997	-0.0069062715870839425	0.054951858793213966	-0.0205864167200897
0.004713361134252398	0.0006786418285794783	0.00898171704714846	0.02100342977923443	-0.020679826701966185
-0.01917529306439749	0.00423693674437807	0.02490643128305261	0.024624018198165665	-0.029555230781649938
-0.013466963232329023	0.003074706931093715	-0.00024651211397244514	-0.01958316527768324	-0.020797899809420192
-0.04444121358055056	0.03193337560392202	-0.0044475941115016794	0.032295510068473546	0.022366527480601278
0.03245603582183277	-0.009569373007621845	0.00024880129864682157	-0.04268052603593724	-0.032298112090920775
0.008012525096072505	-0.016295415718622017	-0.007253938752283066	0.017336393625015812	0.055593398189602336
0.005253810178603788	0.00862587517879002	-0.013575623807198126	0.004125649241935678	0.037890581962500725
0.018266422435552	0.05525426598493803	0.025821273408148673	0.03451468967686311	0.018075781139521685
0.013828135016314904	-0.03093989837698744	-0.02322081011067848	0.0009085162974323312	0.018231816236782467
0.0034486504878412207	0.04267330995476764	0.014013651406612315	-0.012456270487462144	0.025096626871618108
0.0409961776587383	0.008358677766902644	0.01953380828737175	-0.0030770470055611707	0.024381580070825217
-0.010043257394936715	0.010364637029059372	0.009204033131147137	-0.010893801145771164	-0.006899377732847286
-0.006118286515558129	-0.018645916057677462	-0.006811987902362833	0.03420906514658893	-0.015988346277836803
0.006041870391248639	0.008862993354504408	-0.004071210854512564	-0.004033380332476923	-0.005968160752167139
0.022807685707930382	-8.940752021159223e-05	-0.024622613198102744	0.028080385045214058	-0.02080916007572635
0.016002751964534233	0.012119821194595795	-0.007802280674652974	0.013663650503282521	0.02701728480318381
-0.05895445988293187	0.03423455725047319	0.038851904181324386	-0.0036299973355709107	0.02546052461948481
-0.032443892903594694	-0.0266421060351638	0.012135114990996555	0.01222392874789945	0.01663387542113198
0.01930028666763598	0.03900879893561877	0.01653553879821234	-0.0105604465247541	0.03487853883374775
-0.0064949638632500525	-0.0024633978201179267	-0.006367491910785432	0.004700053844572963	0.009493156235443643
-0.003325182604815429	-0.0055674598743818745	0.0033578072240029143	0.015512164923680627	-0.051457732987107194
-0.002128770229658734	0.004450885893691721	-0.007884203054949385	0.03211723645115548	0.02902669077681046
-0.0036750537911201	-0.0044607814200557944	-0.015451292519286694	0.011725811736974758	-0.01594125017285741
-0.017508178434947407	-0.008457812326787734	-0.017952682650016868	0.012036895394528924	-0.018825054844687817
0.004634073509496331	0.003098126657786009	0.003842475024188296	0.04502283602275926	0.026715234146195366
0.021543371719243417	-0.020945917805041823	0.006107911344745859	-0.00043448749315403465	0.028358901227579596
-0.022233120458309476	-0.008890008760052654	-0.013225622212862076	0.006936103718689513	-0.016078839979356586
0.01850897677730934	-0.004252889375631363	0.017330383323752377	-0.014976176444113587	0.05809708064692493
0.02852897461333211	0.059700892852328685	0.012523183043717152	0.018338655776364256	0.017114366879620986
0.026904003902152272	0.009058561737718426	-0.03776457987619553	0.007696715068947139	0.015147020732384612
0.05127366452393131	-0.027168126186164678	0.03855338216284243	0.006125098644788756	0.046556977383951224
-0.013284151782598421	0.011122573402298361	0.010985366997758001	0.008446644634250775	0.015718898272455966
-0.005332055596461999	-0.006245469870310854	-0.010743573562258385	-0.046958722072337304	0.023342205017564763
0.045257821027789	-0.021990868190699238	-0.011599052865153468	-0.04660870847732669	0.006308851460125618
0.021858071333407274	-0.004697261076032691	-0.000510647448030528	0.01856987457524252	0.021008236263567508
-0.02243239139495559	0.025060548291540856	0.001421663359158351	0.0022196482650362944	-0.034089820623270234
0.01363737643123177	-0.00962202796495321	0.05575279712239182	0.021568199210174777	-0.027623023667976497
-0.005388637328379649	-0.006325621729630861	0.0009099540391110852	0.010368421119131754	0.004573657596125
-0.023931439971918367	0.016670070033338657	0.011032593175610355	-0.0061441315195950655	-0.02511865414252793
-0.0036863752939707015	-0.011145280673553108	0.05160915423914186	-0.005509154309206281	0.0013321193986471566
-0.012785288236356766	0.0428749192980023	0.01224494545033032	-0.0214399528810763	0.01168355946240245
0.0066471125246981054	0.014695695368221913	0.056132621880979436	0.0006456166347544752	0.014078044009664238
-0.005467473691690546	-0.0017062867580727214	-0.031179114050513303	0.03658079268802314	0.03350453820074574
0.024008056915078804	0.03159570634774532	0.005842127938410579	-0.005977714486765923	0.003758130263847503
0.02582243991593154	-0.022945839690438247	0.04556799085136832	-0.008023177757014572	0.03619035097400796
-0.015830224691764636	0.01168831369781185	-0.001774610331531777	-0.008309796315965526	-0.012741153340006209
-0.03639819452924109	0.0008448205971833093	0.01816492130683741	0.07039406201628533	0.019615497883038756
-0.0004956484621346679	0.03226885522886615	0.022251424661967643	-0.004589269168746015	0.004593595130843602
0.020788055626386456	-0.003871133461665659	-0.0026791455504908204	0.04718924602079324	0.042147604649043754
-0.03158286626213933	0.015206187896825062	0.03399898491385006	-0.005707791036788441	-0.012384440957851933
0.019660013072684182	0.02258576058652046	-0.04509069456940279	0.04767323629615773	-0.0140717119506337
0.010211237544866521	-0.000211571600832826	-0.0014163255978250685	0.013610877577981427	0.0030088964908596113
-0.0026948445245600404	0.023800039559988648	0.0009419891010853884	0.016106840335689945	0.026355508495933336
0.006045716341781581	0.022978857389613912	0.002787668363795087	-0.010146921476756188	0.013817653940173494
0.03265778891727276	0.011544793987075315	0.039603339535794035	-0.005626974378710236	0.023091184049773256
0.028186933275263674	0.03541812833320128	-0.009766820418239428	0.024639394182755417	0.026771443233440013
-0.011108078013750754	0.0021104878347363784	-0.007971541928201004	0.007318109784465569	-0.0060742334636128565
0.027751523159136725	0.017068905544948717	0.03559791535070865	0.006060080517212709	-0.03560977944274378
-0.010951757325917846	0.02281249675499653	-0.02864427416861241	0.007402103698421941	0.00826155311764577
-0.00025062409948764953	0.027621878452674213	0.007238861408774312	-0.026334275134317346	0.06101828697014604
0.009387466792072027	-0.002387718636422318	0.019054955409690315	0.02061565469629973	0.02342402203999708
0.011863952989664014	0.014603002164215092	0.02330892548418856	0.004966026260241522	0.0015254397217068895
0.03584269737161531	0.020671642294839247	-0.010054648722253201	-0.023290338017147437	-0.004540309150294589
0.037368545524421204	0.07113524238637116	0.057253824610875914	0.002286712200003869	0.02650420654250479
-0.008306586926551904	0.018068505094208754	0.005579527767448637	-0.01159668566496986	0.04888103416962411
0.017684999519967087	-0.00916176724716213	0.04021529450463056	-0.017181310906230887	-0.010872223161802575
0.0053710928526259	0.003002864387355824	-0.013556611645328773	0.01849381665677681	0.02936449133849163
-0.01287121217541464	0.013595570147640623	0.02195990760686127	0.002017876252430023	0.0435245686736186
-0.007243467290316625	-0.0022780288515764613	-0.0012759811698753374	0.004233334855513591	0.025289593412731893
0.04091549209260003	-0.022337562153045852	0.0027458213358233213	-0.018184523010783098	-0.00034769567546244756
0.011302681215366806	0.020599377012544325	0.024722911846802517	-0.025350848197990567	-0.006388954051134282
0.026682559630472752	-0.02541095265968285	0.032912103469439916	0.00017740562922707696	-0.02345542844042292
-0.008753225991827795	-0.0022322789788954108	0.012579968524262988	-0.016483890290268807	0.00978433072867005
0.02803587361475108	0.006879681089916395	0.01741789864287433	-0.01043717610764728	0.006088570052330692
-0.01800041659949117	0.010417171208131674	0.02504683990269306	0.021177000124120184	0.027771143064005827
0.0018976792183173566	-0.00900829015326664	0.025068211417658488	0.02557471242977499	0.0013545453696890706
0.04119124217424884	0.004550699650888992	0.019408376143063587	0.0055722267393686405	0.005278905841851068
-0.0017522959158667614	0.0065724336486912	0.02600027193580335	-0.028451726435784818	0.022095919241397245
-0.0273684154589639	0.007941967084642097	0.0014346497895928265	0.017894135351969844	-0.03353630769027484
0.0010139913134942764	-0.010124945682487353	0.003618476613968454	0.035416838677694996	-0.01401219109024505
0.024565664099048704	0.0022642543223016977	-0.004022756516727466	0.021408171934528746	-0.014342443954593987
-0.038294292988601424	0.0044343576605107475	0.021055640780108267	0.0036713494097341997	0.017722161214937086
-0.02569925385718913	0.0009786196848337826	0.004842190268209944	0.01607062999200482	0.008795506918290768
-0.008211747512082935	-0.032276468540444074	-0.015302631928600475	0.009029487771653603	0.01624063938121515
-0.0013502670674323805	-0.009563431303257151	-0.013224197010130641	0.02721751454184503	-0.023988971210294727
0.014204632907186276	0.0061221078464547135	0.03979546300907845	-0.01203525667944747	0.024162157233410187
-0.005093053706460855	0.0044859262366027785	-0.002323335092160834	-0.025729478012641804	0.040459236416675745
-0.028913469353414732	-0.026447295024602795	0.0078006252844066495	0.05626146357631753	-0.014186750015523684
0.01607451742716162	0.05762938229648159	0.032511931969208346	0.01644068068248242	-0.0114221907041329
0.003308773010365422	-0.011186453229186145	0.007176643744837827	-0.01005942200891758	0.02815513611395427
-0.004661429824185256	0.03292617586726296	0.002554300709698024	-0.047594476371189604	0.03176709653237484
-0.0317203245939246	0.04676395599109215	-0.0062224476088857394	0.0021946178359503795	0.05695423049105423
-0.010707508095681585	-0.002099006504409795	-0.03370336074065114	0.02878501454143248	-0.026747359332613158
0.032504393236952214	0.026016220494777968	-0.013661516111639294	-0.01065426594282378	-0.03559134591963984
0.0002039488142578181	0.027012327313626187	0.04294296642825519	-0.012334761762332612	-0.00954432436016599
0.02603099275927554	-0.014455234668706858	-0.012883098341452407	0.019533201063849093	0.041929433419068275
0.013938392940363115	0.012922130533888236	-0.017270079440189625	0.00908830831547178	0.003500206388403407
0.020982262770847332	0.006269564559922633	-0.034300216764198206	0.012855929655158183	0.018196685374819443
0.0038234152492777054	-0.021776633268731808	0.025667170291118153	0.01827384122830917	0.01554624448627729
0.03543616407676459	0.03194395177539834	-0.014076047098632243	-0.0015314871694299837	0.05392367029957088
0.0002304978105035129	0.02171154168949967	-0.018958306508638667	-0.00022549680520601335	0.0024513378419817166
0.016429520476826564	-0.035194696815160166	0.014724170938781464	0.016467178998010416	0.01965314386877736
0.030049760156056697	0.002723695730945311	0.02854505830079597	-0.022894218538972572	0.055238382344348205
-0.010943396742206837	0.023180371594320327	-0.02179590324602164	0.01709090792471901	0.0017284413207489554
0.006781298012463864	0.026492260281525827	0.005706187192492232	0.007829281526044927	-0.0307623230450628
0.015916450257031464	-0.03714415573443396	0.01407624022940247	-0.015014128496886346	-0.010317392630981023
0.010522120062630029	0.030438760225194275	-0.02589197604316916	-0.05220002979323256	-0.001443737678742096
0.03557311285954603	0.017842381296260874	0.006155381684597555	0.025682966430324118	-0.028983449165930764
0.0058218054008097484	-0.017241668271925355	-0.003138990151930153	0.005287504337923752	0.024570021076146413
0.01092171238169102	-0.0031910563029525357	-0.0024215605880223232	0.004718122414896311	0.05306449843994914
0.03097623311162698	-0.0031729894951530732	-0.023712466308403318	-0.029849464137316213	0.0421135486093325
-0.03934672012452632	0.0019179824031439379	0.02303813273717836	0.01767757146705693	-0.009997590172542353
-0.036030168874977016	0.020835397500357466	-0.04390833670293945	-0.023604095465968113	-0.008467039310844224
0.014590333527754854	0.020581837585351904	0.01104947087885642	0.02595055179862031	-0.01956489954430233
0.025764051882741237	-0.0035827391100745603	8.591212851471238e-05	0.03320032856393671	-0.03362580090921728
0.003434163642404793	0.02942089764142881	-0.02554018939956932	0.012742774831082914	-0.002275611535595754
0.0005148363809436187	0.01435314252953937	0.011113830983919132	-0.015254154180416053	0.010262049619970234
-0.009472105689633845	0.010479333542963558	-0.010883629566752574	-0.006731814930482097	0.004888150938166732
0.03042275699429286	0.022822968290830272	0.0347673090523809	-0.03398583937774058	0.04524974980952514
-0.027339514783810213	-0.03416413976301482	0.04307761228006302	0.006217146944882981	-0.005492244019842538
0.004638741200484832	0.0383692738418867	0.0007561146855102419	0.028544217104190868	-0.029465924748566193
0.03224948528394459	0.012379710735995867	-0.049976765677813596	-0.014699359083141185	-0.03126242747698345
-0.003930957924142394	0.0008630435586221929	0.016052078274096784	-0.03915386132503129	-0.011887224457787763
0.016804198341698703	-0.002093330378434649	0.04347163167721323	-0.00972780347313713	0.003687338428531957
0.009544205710984351	0.01278338054225378	0.0176090667627929	-0.0002970877248246479	-0.005178242516340728
0.018097121490520937	0.018522056719785178	0.04268541267744702	-0.013864135947675684	0.006320096954568803
0.02133659771093408	-0.0014958832247480534	0.00806778563473578	0.01276432113400466	0.006781534879098054
0.03258641253989444	0.039328050555373	0.03861219268538459	0.003398274860861931	0.020210612155439546
-0.02502815793203178	0.010208371370293633	0.018717359347098318	-0.030215333962236628	-0.04934588296442336
0.02053088427902746	0.03079050719845115	0.06299314931039739	-0.0036018697464835193	0.026914078172125114
0.019251372471187342	-0.004222864658869584	-0.02722123477184337	0.01755178855494122	0.023774621841990383
-0.011125558405164689	-0.009748353114987635	0.010672294792180228	-0.008492821428080295	-0.012826185637553958
-0.01420062953139561	-0.008930769215280656	-0.009943820305797471	-0.015508592140090673	-0.008420902753813884
0.0013605294276992485	-0.004827726551346139	-0.00033853732896906366	-0.04513888599777816	0.02716095648231486
-0.026581491618209198	0.005184481735481481	0.00844221181037708	-0.04088706823943781	0.02236165889537821
0.004624046991481754	0.00783787599368876	0.017712273480590266	-0.027908387163910028	0.0376856397869814
-0.001350750635279833	0.04146870364737301	-0.004275084698297337	0.0072166495160103745	0.014018193034371062
-0.028748455954614976	0.023179472899648647	-0.03491369019976949	-0.03976459402774898	-0.014464138684655986
-0.01176571683503181	-0.0006550721587691346	0.02591529502713458	0.00309900110530305	-0.019424427609153427
0.050483493900719316	0.003657503523109529	-0.014920472007844025	0.0019269490447478815	-0.025382820565025405
0.016085543049705477	-0.021960878840464052	0.04725798959420978	0.002325772863791528	0.0411856701488933
0.0010821028864616503	-0.008288341578679494	-0.042087291013752706	0.03823260217713269	0.042415612117423104
0.01745571814604736	-0.03449121989864739	0.021784455607712458	-0.022245441334061932	0.05689056373004292
-0.015465143188029514	-0.009004903282998206	0.020048597828757952	0.031885292398468094	0.027702557925824066
0.01822470932552816	-0.03311234036614279	0.01140527426658512	0.014589957252261821	-0.02106668834584268
-0.00881951399002542	0.003887311524993194	0.005134946578637252	0.008250184450139222	-0.002879129300013213
0.017663367605373785	0.013256627496662976	0.03970690382082618	0.025149880452436595	0.027416319606493312
-0.0046447311762069215	-0.017916747765883048	0.019230931284736498	-0.0031955697571386093	-0.02509111585604705
0.011874416431536942	0.03861811787497619	-0.02201157768780889	0.017363578706325773	0.02500519146044084
0.032173550759830194	-0.018781042693176507	-0.04400582835374006	-0.006292202043752657	-0.04993718781512803
0.0038666477462463555	0.005236580959347546	-0.0036266919628462884	0.008307317617814933	-0.012705813657355416
0.01408750923389033	0.004199529402027384	0.007104725035419883	-0.0013648010764068072	0.014106702512436498
0.0008124996269758627	0.011714385261864885	0.014067568341642148	0.013199186487723617	-0.01956624360697618
0.016953715698002525	-0.013892942892176047	0.018792704434819354	-0.0007207757104179323	0.012393470958299648
0.004275110751523391	0.022178196228444087	-0.006104803880951207	0.03719657751967164	-0.005372462996496498
-0.04752078501246681	-0.027890780565972183	-0.004221140389696002	-0.005381535129013173	-0.03096860677738633
-0.027472873880957382	-0.007559267151316902	-0.022234217801234486	-0.006960077711432643	-0.022538351095908366
0.012770472806811699	0.007475855831103254	0.0027864227932382227	-0.04234243644172231	-0.01952352928898169
-0.01429031793914132	0.03438255622482519	0.01122761158519887	0.03559844483767055	0.027938136807418985
0.027331526479244892	-0.00036846997757482855	0.025069065566344084	0.013183851909383785	-0.06710320060350873
0.009574580006116011	-0.015373250087275954	0.00942416370558732	-0.004333306292886935	0.04093344516793869
-0.006774759491491311	0.02352418657261761	0.006230408481611557	0.03891599579887212	0.030279510335864374
0.002901061791017327	0.02178349602299586	0.0031243020176289823	-0.0013524805197779426	-0.013477866838569313
0.0043580639301986305	-0.006000854610849105	0.026767401442053466	0.021305479427296183	0.00990365183018355
0.003825550116195762	-0.014989154323637014	-0.014837450269394533	0.03449269820007635	0.05715837147319858
0.005461827359695595	0.027728395806696133	0.020256627334797904	-0.010966058635714253	-0.01154091550284311
0.01588115148866752	0.0053197857655529444	0.002718670863294103	0.03790601304869209	0.010417312565833944
0.012211827828368351	0.02364644431072368	-0.01005038852502257	-0.0047304513787057596	-0.028954095074172896
0.03366072455127364	0.008812040678956396	0.04854083070085942	0.013031852184974243	0.03446973054701803
0.01913756649025996	0.015810759386172994	0.02994511713889424	-0.02909896598659483	0.0014172825101328493
0.030344122601080704	-0.01584437058202773	-0.018279859603965228	-0.00045963899856202913	0.006731253857236153
0.0025169470765872993	-0.030499306536333867	0.001342356038379902	-0.012125011376196097	0.00633252858078256
-0.0058104553675459945	-0.03623663334275641	0.05247120453515209	-0.01118426736128855	-0.027790572282486565
0.024417568852682106	0.01729333821071069	0.018581452080368422	0.014393871444102788	-0.004110577811556469
0.03249278881281662	0.0188149119866251	0.003013116367896824	0.023906470111260077	0.02331877436298222
0.013806023792219105	-0.009420517987316135	-0.0057805095724099975	0.030242874610044653	0.028132645327413577
0.06081095548122773	-0.019751538463372235	0.007917251378508045	0.04465347091460488	-0.006319052771845189
-0.03542260906407746	0.008165821758050147	0.00293378112237961	-0.0172827497843807	-0.0012942494460667607
-0.03167430910746697