UV/VIS SPECTRUM FOR UNLOGGED COMPOUND
INITIAL_VALUE = 350 (nm)
FINAL_VALUE = 800 (nm)
INCREMENT = 0.1 (nm)
0.36949769474762384	0.4038213545367137	0.3430453773115159	0.3660471053873533	0.38384207393338193
0.38842720734468356	0.3387167121904331	0.3588059353437656	0.42346786445733786	0.3924703104474692
0.4233026151533171	0.41571158002485586	0.3830996787441542	0.4032321124228149	0.36459420547878163
0.4018584280471633	0.42771734464411737	0.3851492789149872	0.4064868212120035	0.41220758655124495
0.43074139738234013	0.45395717670812546	0.4406625056241215	0.4750448804353019	0.45342171968923445
0.4200684210813101	0.4437098104295081	0.4166364125957897	0.4565255421063545	0.5188169853016189
0.49052238851838326	0.4954980612667094	0.44458219158305223	0.5086957537741525	0.4731222379764852
0.48401079618695514	0.5199782346357167	0.5184282189862658	0.5184322721775982	0.514418718982166
0.5213254482577312	0.5152720308000643	0.5316226731175313	0.5450386222328699	0.553528744092502
0.5521457291609002	0.5602391347604276	0.6130106407843793	0.563354569408581	0.6007357381987563
0.5476691136978122	0.5982438972119776	0.6123700637560011	0.6160960754538254	0.6283940114105209
0.5698314542655382	0.6479338888698783	0.6626268508497337	0.6557097419495739	0.6187971619872623
0.6666125478768927	0.6781087265989765	0.7195067646333154	0.662051992658583	0.6437666719650156
0.7224106439124839	0.6975142356897376	0.7129408491817769	0.7059091153731927	0.68540317770722
0.7010968054079152	0.7517931563619203	0.7386484253776312	0.777666792285736	0.7435900175747692
0.7761998047314096	0.7694460321225798	0.792542958665792	0.780926067202979	0.8403224698743857
0.8305356656548354	0.8059684805985001	0.8235789154542672	0.8276622428557097	0.8561395908419822
0.8771895972717292	0.8722051846405192	0.9053444754704016	0.8899774692006006	0.9483860281156309
0.9577092151920292	0.9303212596905953	0.9720788828522461	0.931714257579241	0.9850671786038818
0.952871367288663	0.9628488930563867	1.030635836465057	1.0610293380306492	1.0517628400425905
1.063699496543036	1.0544818171159434	1.0131914740593957	1.0656049200852746	1.085016650592943
1.1403434296452668	1.1155857922726664	1.1014460362565737	1.1573721756642987	1.1488146837515556
1.152736124593718	1.168525046890054	1.162827875220707	1.1981829665117922	1.2156541693060885
1.1825139280303747	1.210011036143046	1.2839643169127897	1.2461449136306693	1.2524959065565842
1.3122522638848735	1.2571791944354476	1.2850706416738278	1.3444557757620366	1.3664543617804945
1.3242072735541077	1.3257933442361518	1.3454131165708567	1.343717011083046	1.422416237119102
1.4486537510150659	1.4050886631928095	1.4348508562490037	1.4443625271700873	1.4084884850348585
1.4589263115694375	1.497919313121219	1.4991622770152988	1.5031173801948976	1.5189234949913948
1.5208369804611148	1.536582126259768	1.5595975406299316	1.5092168053190715	1.4988704047967567
1.5485491477398579	1.5582829513709908	1.635603439414156	1.6023288788760899	1.620345008453513
1.6148030996327019	1.6337804744501594	1.6342341591074212	1.6373703376778113	1.6507721259007757
1.6214022250886189	1.6861602879794733	1.6825721170679524	1.6667720027287338	1.6234512375691972
1.6812590031167345	1.6295070978470356	1.676893653747634	1.6886966819719018	1.675219349662704
1.7158167448836952	1.670118387772664	1.6419447968445013	1.6765720754730753	1.6585329894431335
1.6492373076393543	1.6767194858031826	1.6720897662875238	1.6645687088830905	1.6784893261318188
1.6745813831490208	1.6605118009398414	1.6583964122993697	1.6383692778684007	1.6654690573333983
1.6646315643428207	1.6502152592168433	1.637276938772297	1.6312105347904393	1.6003009420704282
1.6137574799263592	1.6289954395652937	1.5927374530330205	1.5594921013529843	1.5813619943297998
1.5732746878465844	1.5752315826190901	1.5929921396768356	1.5207344586100875	1.5023489206990575
1.530700318131964	1.4939457243348604	1.527220049775206	1.493942798303141	1.4640407008352752
1.443747438061301	1.4657260308067124	1.4684516845013393	1.469973515067215	1.4293925654741446
1.443184359390236	1.419053688295702	1.4074343528088145	1.422437546146123	1.3401498139811698
1.3175787752970265	1.3039584078059923	1.2513144610994518	1.2752906397847565	1.2512851885936633
1.2821254748595547	1.2968300846721355	1.2278212992642419	1.2704600496463032	1.2346839187873662
1.209435702632426	1.2190313066451985	1.1966319657590787	1.2018374954065894	1.1441385526360341
1.1633146103149776	1.1529681074214069	1.125538924849314	1.0943307684518657	1.095269524461044
1.1274507968181042	1.0277228348918215	1.0576092006408429	1.0429521702342026	1.0587178371897796
1.0273011863217216	1.0085461660182906	0.9924451564199982	1.0406986291575373	0.9937051632613001
0.9341373769760051	0.9537599298691125	0.90574584462666	0.9315230309396096	0.9116607077729223
0.9203413933959864	0.8928680061848681	0.8936378597818802	0.8725463438823202	0.8771953125717281
0.866061957814629	0.8448075984589227	0.8486319357884672	0.7937143415644495	0.8349465901167444
0.839525247819726	0.7976473920520655	0.8047290444544376	0.8032864942108054	0.7689600834147096
0.7870586137654205	0.7461966257997846	0.7788283007733962	0.7425432776133718	0.7678572349931172
0.7282273768171924	0.7164969486190778	0.6841035707648279	0.7357910852389965	0.657461364521703
0.7196790645431254	0.7011946475404215	0.6628411372401345	0.6677869305970721	0.6342166522851884
0.6506862184300073	0.6449404759924987	0.6547033369263302	0.6362780959303822	0.614356873389686
0.6202284107084692	0.6498458076669166	0.5870405969735482	0.6185579361902742	0.5891224419600559
0.546785591919968	0.5976541647761033	0.5762161026502252	0.5394187747671313	0.5602461700854443
0.5246895624206519	0.5072480120793448	0.5536667357004091	0.5376310102346543	0.4951636991066477
0.5098082670013312	0.495405377345819	0.5225380149193749	0.5051567863297162	0.47285435346049165
0.495723218969181	0.508708443410819	0.47827679638719445	0.48117528202511356	0.5089307355638484
0.47682613053266043	0.4725131095134167	0.4923626704805481	0.4542764906486111	0.4434544141771458
0.48383490135367924	0.48373250238827153	0.4749581536813823	0.4140189118497577	0.41475452846864325
0.41228903185422855	0.40413525296153857	0.4253199914449459	0.44867909474688655	0.35674184649010354
0.3821048963075228	0.38924414262399837	0.36413427515986224	0.3844935081831668	0.38281580055655356
0.4088928319643669	0.38716815683165384	0.37472885835768094	0.37058447044504883	0.34003049521666223
0.344508293973542	0.37369500120701965	0.34264710766628403	0.36662198945648594	0.3969809543866438
0.3345608450495938	0.3705619804808897	0.36699563341018165	0.3296569555199788	0.3396855584045987
0.33346448082561414	0.3646438841720408	0.32574838334774164	0.31950092864549734	0.28723973301089734
0.2949504190575467	0.31492858460993584	0.29890912513391954	0.2955113915412359	0.31450305585099164
0.34487449902968503	0.2951645712198577	0.34620875969734477	0.3199505712144285	0.2956824231084092
0.2948696701704942	0.27384031867814884	0.31285347288534915	0.33272900222360885	0.29401269491926846
0.2755866547477935	0.2922792258360971	0.2708596273589608	0.27802935660714184	0.2833727818177728
0.24083693952360358	0.26503934884756947	0.26969852258171806	0.24047021121760365	0.2888480161344254
0.24287178856329228	0.2525349352673584	0.30749034757501725	0.2475269911606342	0.2663008547778914
0.24903497079084513	0.25049457768516137	0.19908931336539382	0.2549435050175533	0.229493697060821
0.23454541213709368	0.2585458445869669	0.24656284842829984	0.23287513730438683	0.20462250536535032
0.21708645712343178	0.23939932868434385	0.24199223183421797	0.21975017114659987	0.22336632910330606
0.20351208680769434	0.20589429239162743	0.19201783138608702	0.23258001244371462	0.2118346144915586
0.20934503804609844	0.2068355717405996	0.25293400561644563	0.2535595412655538	0.20869686456601708
0.19357864567781563	0.20872126027108276	0.204782824995063	0.23260255375740488	0.17441195703884638
0.19183689977423823	0.217034860852065	0.17696904207897624	0.20895422096851982	0.1687212198858312
0.218766630798953	0.20736306088980128	0.13808328920163124	0.22269404294412545	0.20964745893998932
0.2009982502098624	0.192925853474014	0.16890288581617893	0.1672780161266647	0.18439553706854536
0.19170625290371573	0.22246973757792846	0.1921763449357545	0.22445354186061914	0.18243513564319624
0.1605518652451295	0.16120633054635558	0.17837451435311016	0.16747485362617498	0.16002775090260138
0.18910849875972896	0.15211747685248428	0.17864904133472537	0.16933633033657874	0.1603334037336367
0.20512481760971277	0.11995586696876855	0.1651326497072837	0.17559096846686245	0.14705312710232818
0.18813507224610956	0.18293134652287135	0.14546250150035037	0.14929229038462932	0.1653104337960626
0.19077308923882594	0.1833572087034244	0.1441570733160477	0.1791792767777858	0.16345703653465807
0.14913105531940726	0.16884586655453965	0.16706945719016902	0.14088851403347669	0.12601778240196074
0.1511526291064539	0.09992012915246093	0.16456540783176407	0.160877662921571	0.11481565811571051
0.14216365904535763	0.12319353489081583	0.1629088609330915	0.1120148063838463	0.12992490986894054
0.1553305509514376	0.13491056180388014	0.09229044746345388	0.10862501885967604	0.14284602560931686
0.10061228102528456	0.148499008296863	0.12292871787164969	0.11781563907781847	0.12934828228862819
0.1462486129526839	0.08791656569910858	0.17472204363662125	0.11920946395971255	0.10776788283086082
0.13313770123075247	0.12891151041397003	0.13987988276113097	0.16607493064777396	0.1470824665114127
0.12273347483047241	0.1266789346520955	0.13112639260050668	0.10543330785876252	0.13788226910708368
0.15270525926991052	0.11918813792743897	0.07817183195737569	0.11861881618789248	0.11219304918347527
0.10585063354673949	0.13766250827888432	0.10351329407945722	0.10656509497427659	0.1178761808489353
0.08767751507817709	0.15717983358364213	0.11153613418781973	0.08257886300132843	0.10628268862039053
0.10142684923946248	0.15458939825848458	0.08656444974337714	0.13699954842429884	0.07894203935494382
0.09614002566405783	0.1186888345312524	0.10110438314668704	0.135661222856314	0.10121965045258306
0.08734330573041256	0.0806014400132845	0.10251060296854612	0.1300838726372321	0.09821431037282867
0.12615526417426942	0.12216515787765087	0.10242676604492244	0.10096542250723275	0.07109745503170789
0.11501193214182702	0.1201757512517368	0.15260825996788496	0.11449571131950266	0.11221283789606505
0.11826568840904134	0.10244481777329256	0.05642815063825666	0.09445678718002996	0.13022138830627578
0.11393283090189438	0.08068083621760888	0.07291863708422922	0.09319476086017606	0.08853416052427751
0.09048592478849728	0.10178284050968181	0.09779439329300461	0.09572615814131182	0.07110675563208436
0.08605988829295687	0.09575537075180057	0.09434386821412477	0.1154341362234768	0.11303973850233881
0.04168874552441108	0.113618697386486	0.08524035270697486	0.09388947380578633	0.08825100149013684
0.10975553481154253	0.05346495967648867	0.0965512516209307	0.08156282780455355	0.07575001494205098
0.09669108312051461	0.12289619321517281	0.13176511960220003	0.09674224226361589	0.10019726266112074
0.09253489925068387	0.06319515405950782	0.06494414860205855	0.05540778104727662	0.06651962929967238
0.0953711566870833	0.058100687505715315	0.11280183767530595	0.09054461653174856	0.07178168906701064
0.06807497119356348	0.10064044279760845	0.0609687121562914	0.0683909483176945	0.07127140961437763
0.06692551661331544	0.06235305678644634	0.11718347345275243	0.14181077935156122	0.109346335183743
0.07058835659213639	0.07059099527405902	0.09511184619328684	0.07773870883870203	0.09615666174840376
0.08714718627595418	0.11107836266650759	0.08036832538996842	0.08256599028316335	0.07443143485989027
0.10194947487370276	0.08143174218870569	0.08388041758282175	0.10733892921247642	0.08314697479911508
0.05010498240482822	0.08080147562443642	0.0557047862841078	0.09676784551245121	0.08885269225041753
0.07713214339180018	0.04279209653984725	0.08219525505374416	0.058727455044052364	0.08376280881396167
0.10261979294364468	0.06216002761448523	0.04037468813739989	0.08587303277686409	0.09287830468984273
0.07614605419685279	0.07880775694208113	0.10287695975948573	0.0885682562675487	0.08680100713232403
0.07836227368451913	0.10356901098393874	0.022980025420785415	0.09705167014696738	0.07976725297662991
0.04991806038869049	0.0895956655670721	0.06328580781911645	0.08811281688453167	0.09532913792607275
0.08241094085380779	0.0957992086019093	0.07511059183306291	0.05437299544696918	0.0803115208641505
0.08418973666743032	0.04302428732769655	0.07628674007998745	0.07760289074178801	0.07051598760983951
0.0792453369239722	0.058017880563549805	0.08328584352435643	0.10312245218391508	0.061688300973817375
0.0459385612947759	0.07152040843304516	0.07367069517991442	0.036438391190641364	0.06785533967595331
0.10194771671089886	0.0369003817913453	0.06986739690595949	0.06350727051305294	0.072114742819198
0.05919597553520795	0.08302683352238882	0.06792304882315915	0.06449873242000774	0.07322787223582788
0.04167555104622703	0.044448884898166285	0.09185510400314567	0.05523621914694169	0.0694410554542701
0.05961293026869071	0.03392896330038919	0.048099173138195894	0.04013745677098997	0.03547690028385858
0.03579005653266525	0.030703686587712744	0.06820258052216029	0.045210611786674064	0.07125596605582614
0.05359978117575414	0.08073742032738208	0.08576576966839583	0.08401717352516182	0.019569528896026464
0.04656622427885475	0.08417648979535691	0.016302235323309613	0.04738556660946675	0.09080078778121449
0.08115235046325311	0.05464680508556782	0.0965074049565219	0.04457813214704907	0.03698393328641644
0.056060062471288606	0.05611992112743311	0.034702491894189516	0.05711160779117666	0.06062956275637228
0.046062627687917544	0.026779542636993586	0.04656964149318792	0.050816633139718716	0.06255167715699997
0.04149059607834887	0.038646932856720856	0.06351107579406462	0.04448426050304244	0.02695291116978403
0.05922206086078784	0.023560321771745725	0.08794987146045144	0.05066007971703479	0.0401108163934431
0.043249874728558645	0.0689747857048352	0.037470572802913084	0.04772592477679124	-0.005334388513675592
0.021209336320541866	0.049732297281265304	0.04211751310805641	0.06315585729409538	0.025134584758410614
0.04719164036057077	0.07989831593482	0.06915347225095647	0.05873045215799471	0.04297203653362982
0.09376867428856726	0.06189479411297375	0.03495560396513314	0.04693585060837382	0.04469039299212314
0.07364625527046967	0.054579871934845564	0.06401454149727116	0.024523520927382775	0.04953000390167988
0.03369996974259461	0.05099012075492016	0.03560749571266185	0.04604609388918741	0.056664837960926966
0.05781827948501317	0.07643126858555026	0.06247154426203966	0.05381665756175204	0.0460735963255256
0.08643439284046973	0.023490623923520488	0.019846845441359805	0.044572240086045024	0.06511321664248784
0.041270653013125644	0.07477040914805265	0.05738875715570194	0.03439449256179228	0.04289317615456092
0.039530765203245444	0.04308715005335064	0.05221016861224754	0.025730093966776335	0.05933737557757028
0.09456428482242137	0.05089539099902173	0.046265472368796585	0.03947084003775971	0.06130658614251375
0.025312241674253878	0.047955792015379785	0.04638964305955788	0.059236665530202876	0.0313047982863362
0.08013540569986717	0.028763105419165873	0.03507622456759545	0.046389935738147814	0.04317122687112211
0.04271145598996881	0.03682513884103884	0.0961367931573412	0.06735910588069359	0.08520318148059933
0.03002713296469794	0.026414439674895925	0.04843024468873277	0.012778393518687368	0.01800301397184849
0.028487908439922827	0.09419530339976007	0.038400222804087815	0.0163317615326066	0.09746599289284723
0.041360628408834414	0.03860384333042181	0.0538860010670022	0.07783304047240254	0.05785187319370868
0.05220798952197482	0.05255082249829156	0.07198040678372243	0.04460242526154505	0.020069073351240117
0.0482535770978253	0.032865777658309385	0.068878475250155	0.03706620169684342	0.03421915930188967
0.08847483392364548	0.06283081656716014	0.03217663641854014	0.0157516548045553	0.021044900161811226
0.04324918813802792	0.06493189812326884	0.06924155333106266	0.04341777012460484	0.013773557720628358
0.06708659156249731	0.06877397907418377	0.05152458832930703	0.0282283650498424	0.04449546422992847
0.05235358247244344	0.037622949052835086	0.04068417347239548	0.08123678207620368	0.022588096762412774
0.026864859275007404	0.05104622602663762	0.011331625574559242	0.024472769370843906	0.04751700592512926
0.025215233713890266	0.03408109948511162	0.009689667553310907	0.05095345790377588	0.03040274176014244
0.011721061323620325	0.012134883298397745	0.011176109091441467	0.03492867168124333	0.0167928373525621
0.043308147946127154	0.05776894603592697	-0.010672343580490658	0.07872172670139076	0.07573181436110704
0.07620826584007769	0.02877255790851141	0.06548869851653136	0.013137279410734441	0.06159953440479428
0.018249130511395956	0.0688840161316151	0.06752366467748466	0.051380728687291446	0.05985086889616556
0.0018769862608500514	0.036801878711035546	0.03821563767049735	0.070177776789691	0.04711596584069392
0.012001236858764235	0.04701830012047803	0.06832061577021256	0.007723435489754852	0.01599499038912839
0.048629240884715645	0.0335783560900812	0.00793094067528547	0.047223835039014284	0.04412216337265957
0.026196030941507298	0.007176163447011885	0.07237645189668047	0.050272659802989256	0.04213857436325778
0.027036494482913172	0.02690263070058856	0.07793580481071974	0.0016687426616909234	0.059897386353535725
0.020228153595223414	0.05402188584718387	0.07897309947041753	0.01483849050377452	0.05844896355425299
0.045790524761310195	0.04942661739670058	0.0295938643382354	0.02019508923894545	0.061081992240305354
0.07580673419837247	0.05349974617941798	0.08005795525629666	0.08704246109819068	0.04123001655447555
0.06742793039544265	0.03685317549033801	0.07352147556342747	0.04872478832163613	0.023196287261137042
0.04098022210845439	0.0618645505757311	0.09405855835489561	0.03570779113557225	0.026947908142691754
0.036603916999065324	0.021409670066640765	0.04589365020274744	0.038386806397598144	0.05334221767510419
0.007841584374448842	0.0019706444342236533	0.03644563123161793	0.011536383795415793	0.041978968124547586
0.057783051826021704	0.10390092354068878	0.0173960064621487	0.06906025793499129	0.06026687234181882
0.0031423346804587463	0.01727437798204763	0.03570013885676538	0.04820887922834907	0.05967810848702674
0.015239571007590795	0.0480481169457916	0.03242178107845794	-0.01675094060057182	0.017033196635107897
-0.009913713200449321	0.02728370482432949	0.06222694547357134	0.03258872265863791	0.06126030954826621
0.033021907245819965	0.03078448383891879	0.049198967044455824	0.03776932116747104	0.011954003305692832
0.07032845142393618	0.02440971574705514	0.07940448513231049	0.014453739406497192	0.0664096528309786
0.04584457098924066	0.08250936458890018	0.0033446972059302787	0.06200439120544511	0.04273941155147414
0.03837435524283785	0.06651604755606502	0.0488077658821758	0.02698171452709965	0.014325088066421276
0.06690487750468552	0.020636552069232275	-0.0008238847549135002	0.03996272819809334	0.04945770978244559
0.007129163085150644	0.036674116377760246	0.05641927411180365	0.030390762192368085	0.05118202154488457
0.03296000358202676	0.03882111065995048	0.062016104719623974	0.054103653430770865	0.05688021877901934
0.0034688539105322265	0.07624532631364327	0.057134328238981416	0.006694957295054786	0.05520760343282141
0.008641681804977878	0.04477555118053891	0.023538761071855527	0.01696619239235601	0.046506805432036544
0.060496962449705635	0.0673441815765513	0.05626612895346096	0.02406362112315896	0.012041118994889735
0.043343087176151124	0.07049083181814389	0.0666087189150345	0.028047864531578703	0.06578273369453702
0.002824314787817	0.01733300381148969	0.04421416881330254	0.06517483420346176	0.009151040396266087
0.05066444514654429	0.028337698698192037	0.031520625297996464	0.04022355349533191	0.04101197229499119
0.0637438664711501	-0.01075992804771894	0.033325514885383996	0.0534468623111767	0.028824905532113407
0.020842158733587197	0.025876230712804812	0.05659298996004292	0.031129476616267717	0.028678335940940703
0.024557637389547384	0.052377920460732495	0.043488553043266834	0.021221953512621884	-0.004382621387531977
0.06735362561039294	0.025172921603688322	0.0652773459014693	0.04762465511229439	0.04584916009000839
0.05325586905190297	0.06592599467756242	0.044220947719609646	0.06950685280458889	0.06475845316452335
0.05788523470081378	0.04154386445590913	0.048982221727763044	0.00848787789780105	0.004943600045804087
0.03034365869633644	0.027870615773558795	0.06217887175344544	0.05030864501075865	0.04242221949567036
0.06495775271614615	0.06973638517171672	0.0300552138972663	0.0029287129933862834	0.056696411323358044
0.07574955694368683	0.038410005226232335	0.028803750056014148	0.015449111524367991	0.0344231265402265
0.014498084748665221	0.04371835869791818	0.03170539778662704	0.03935391142677594	0.0728758958826837
-0.013832574602781825	0.012472640192615791	0.07561225576363437	0.028259676397681583	0.04499438172619087
0.03625148869853661	0.04791292506177511	0.0701067496371407	0.03772824761892313	0.04246140246934561
0.060433867782668634	0.03360827239608226	0.031018959975659725	0.04399374957468102	0.03649518021250901
0.0561943505210712	0.057289375881187765	0.05185696655877697	0.040473546851505546	0.013129300306736372
0.06828350148912173	0.02023799268068505	0.04553853853623933	0.05134499452965073	0.04296392248250653
0.06859432343948992	0.016573470288419545	0.0591429568544905	0.09244479037370001	0.07596645919996615
0.016820363156129427	0.06452371353003018	0.01751085547497923	0.06266810201333917	0.026829230140959462
0.05128721105951587	0.05537727989025824	0.06476264757792868	0.051458895952181345	0.06325782621175231
0.040166982441359814	0.058056275830901456	0.019839229250937795	0.05782635506461145	0.04013031672775687
0.051085987172213576	0.04121905333450709	0.06629155566903189	0.00456676253907891	0.03869603489863836
0.030829784995566892	0.04430874821793284	0.027626035386573346	0.017357598305957157	0.06941751021444509
0.0562706583489706	0.04868738626738086	0.03966767145224956	0.05519305765437145	0.09160079382458781
0.04556919760585364	0.04919058497287509	0.06878522236183647	0.06469347576968137	0.06606315207769496
0.04204779205807483	0.04310349188452359	0.005278217645145742	0.06753337048064753	0.03513588990468633
0.06948843315585895	0.015391107642920116	0.031675598935953724	0.04281889591551647	0.09038606519298907
0.07822452131179594	0.024273605338390694	0.060724421203615375	0.04750521767930489	0.008956715271299077
0.0315707325710966	0.07898105652611592	0.07271315421147109	0.0481278361469151	0.0771032014419304
0.046370814985567055	0.0346964798320275	0.0972164164421554	0.04878044003122391	0.03969092587373494
0.024276522156539228	0.03811393876405399	0.07277768977038221	0.034703342662114944	0.060482638226602235
0.022556301947770592	0.004962722357899203	0.02468720045363762	0.07402629513373858	0.07734498142843269
0.0573164147987856	0.06272494501961909	0.014008627921074608	0.020212298014018044	0.0812468991805319
0.05087468916101777	0.02818220730456906	0.06633354447083074	0.07812669565436949	0.062111396976100824
0.0702891288994393	0.06303843267507954	0.06137207773025388	0.007254731562696507	0.04968410082861024
0.052657487108697394	0.07939000135945835	0.035010974125605596	0.06138120442000569	0.048937599088720335
0.045145689542681215	0.00992818551563506	0.08268509853225531	-0.0033822155371288683	0.02651251758894763
0.07231544029579956	0.05826505434651767	0.06864611914509063	0.07043527204053958	0.0325070241482066
0.021911180372445247	0.0736305103041958	0.0599425904596277	0.06729448148313528	0.021393633500153553
0.035141599922263594	0.042934280082010313	0.05565263407517259	0.019411683878002215	0.03376245734336302
0.0347592749980296	0.05467084089699801	0.07409680447985434	0.013961557741217353	0.04543475972731402
0.043069181860338805	0.05098589313999895	0.05773475672379115	0.03148254476563062	0.006985212473383365
0.03077257591505155	0.07993936519854246	0.06010632414934628	0.007838447173127289	0.061779701724693104
0.03324160339932548	0.014482611934680267	0.08645204466890394	0.03973106238909065	0.06462796749939587
0.08968325541824584	0.04330998826929892	0.036383053941871565	0.03611480633629241	0.1041418885624494
0.049568720098500045	0.0516661878299313	0.0455238760002398	0.06490408464712501	0.051341610991532394
0.03903349432712163	0.0555727564502409	0.08815165541476294	0.01796657344969671	0.07542805645803108
0.059893746084739644	0.05934112188071366	0.029590258566725664	0.047631744716209075	0.032643012851160655
0.08464352094957033	0.04684447838253156	0.05346922715522748	0.06928546313673341	0.11678136113619031
0.04859514992042691	0.08738368968631681	0.06275870976952994	0.04235137887181241	0.06472733733874396
0.0960585562112509	0.07929795380725486	0.09805741728652295	0.08353337431896361	0.06256267697758028
0.05265007476505134	0.05065864197349482	0.06838185469639252	0.05142747142811162	0.03275710488094149
0.04281583844217389	0.07035702924941237	0.0527245126928451	0.07335863708259478	0.07808094176033895
0.05372661234790872	0.0784517277750324	0.08400754235694269	0.056141222824071545	0.07561002972907001
0.08474580971369544	0.0835449494373221	0.06743575153029442	0.04518072495664774	0.04468032830494259
0.06637635917776633	0.05378389670238307	0.0544763168051089	0.03540685556190952	0.04456037546535825
0.07700377858315735	0.08614832881266934	0.05446218010817971	0.06873713280014143	0.03310918416153891
0.02886430681421624	0.0017731510813541271	0.06895754421876138	0.046130567861680995	0.07239025328042883
0.052705182780738345	0.09267207856659292	0.06384883771236123	0.0371921582386963	0.10313654394555964
0.03983622665472558	0.07205127872368688	0.09947948326618607	0.0736230748168184	0.10018115748309071
0.047911542822876345	0.054507679881283994	0.05050733279091023	0.11412265549672883	0.046519018478161485
0.06178921342048041	0.09402822706566145	0.10743041221463336	0.0755023955181145	0.06339139012729564
0.06198656494462891	0.04857759319924139	0.07691104973281154	0.14049065561101837	0.05850546058173429
0.04246419415408975	0.07399765639219408	0.09706221685207991	0.0860521207863445	0.05367953927489036
0.07275649791666215	0.0713058026855565	0.09051878163410958	0.07780895284233127	0.06167650238323966
0.05383468278336839	0.08598212597969884	0.019377013594442077	0.10352772651788655	0.07598980499929252
0.0996926023733049	0.11277588690294116	0.08579541975664645	0.09540865640613333	0.11314154871535215
0.054874420430072866	0.0899428481889797	0.09977897020847354	0.09701787205782586	0.09214917487001602
0.11071076393750856	0.08871188718695372	0.07988012135728996	0.09891174239500616	0.07094254832644767
0.11769801232218126	0.0636046498866314	0.08455882971460192	0.13313641493966158	0.07735656163554151
0.10356715763191945	0.06675805749689463	0.07069801182396118	0.148042611099312	0.06678744577181314
0.080032217087281	0.06497882796538643	0.07820044256261278	0.06803161077639085	0.09257957742426222
0.051466092828592616	0.11764677261516146	0.10416151916323944	0.07643919313821967	0.13454856925646957
0.12544627833172844	0.07385006941774157	0.1037346849228808	0.11112398365893683	0.1260972300389779
0.10179833105563608	0.054914805195121014	0.08088468527150376	0.12131147272989555	0.10091545972090261
0.13896175522172832	0.046983492760618376	0.14109203384319577	0.07169935883911226	0.12453442871218894
0.07350776770070301	0.1286535516103685	0.11749040845955996	0.12106462549455096	0.13297848350639282
0.07417080876929175	0.09846238567710017	0.0985095892860861	0.11319755671374247	0.09206988807203348
0.12101949760795071	0.11257897688939346	0.08419109071669206	0.08161853064705382	0.0926404903201912
0.13506911168380195	0.1197998338289407	0.0919450562368799	0.13768859624004262	0.10703867518190915
0.0810054971967672	0.1313969323881631	0.17272505692461204	0.12734532819003808	0.12458715524353542
0.10092783782378803	0.1329511934130984	0.13901514685972224	0.07757625100134642	0.1492876330486583
0.09891385860600671	0.13207329512214044	0.13572833734423567	0.12458359413659899	0.13187673426652696
0.1513166134484785	0.10718950549574542	0.11545408807909026	0.12918034371978787	0.09358618351119777
0.1566608187311963	0.103422455564777	0.167032337802297	0.0689924802116521	0.16396131372546296
0.14746600224380507	0.11571989254976825	0.13335479211855022	0.10914853767654224	0.1448980586934294
0.12395320585786396	0.15172452925999824	0.16338320247437654	0.13603676477498525	0.15356114475831956
0.07400671105875754	0.1366485781091536	0.1457892224305418	0.15630196590943982	0.1318986956263556
0.14801834319143886	0.1527650810604609	0.15848963305770886	0.1886438484243762	0.1907591674942368
0.18100464061899443	0.16573746049980712	0.1324592743398843	0.1514620467608818	0.10720191481761449
0.14448006998330912	0.16193054870809337	0.1443826009379302	0.1617871834571084	0.13818596982745868
0.17517254239248742	0.17849693242187767	0.15519159742849525	0.16289934168833167	0.15878354494207111
0.1838996832534789	0.19725436961711598	0.18789342135338824	0.19035181405183493	0.16543937098231007
0.16524551114616676	0.16280382246819516	0.18541839901699136	0.17552527821563937	0.16115226830976026
0.172127088206978	0.16904976053079543	0.1857415468616181	0.1645059035179139	0.17519433259189038
0.18737625790645282	0.17679620337567287	0.2041637208159443	0.16232299673068118	0.17082201936493516
0.17561053882549232	0.21985537463518953	0.21624774271710817	0.2310392763892722	0.17736439711120247
0.1806351268316939	0.23044558083101754	0.20072271169299408	0.2048578470890015	0.21065714991151005
0.2175969730275895	0.22820299234504107	0.21858948331528222	0.2422646760219536	0.18648144085806614
0.20358857972468086	0.2612082204255475	0.21466062145924805	0.25375927786749164	0.2074609057600054
0.20488294070898902	0.20189522994752745	0.23874839228881303	0.25293511493448323	0.23017249868487977
0.26091515064707393	0.2640050828331248	0.2679406074901124	0.21212389118199634	0.21619494812212536
0.2504020088493349	0.2606298490040103	0.23928972905192541	0.27027236396347365	0.28825972346973944
0.2430924445346982	0.2646257501434248	0.28057145384607773	0.2374278278638197	0.2375231254490652
0.29000415554355785	0.29252998113937156	0.25050309425332046	0.2826076139413332	0.2730980963398534
0.29055140592615175	0.2937631139420147	0.27954763269335575	0.30241950915793236	0.3128638289572328
0.3228142548589357	0.3296772199372723	0.31711105008745694	0.30974935447692276	0.2995089912594782
0.33327217135466203	0.2948702346917978	0.34304666119951766	0.29684831662122435	0.31020780365880724
0.3099517146053902	0.3254905379915945	0.34943112059373815	0.35532463203301773	0.3354169119635704
0.35152647676767734	0.36827878553053717	0.3718897812353396	0.34786500831548917	0.3470370864200576
0.37563577157429034	0.3784879033315143	0.34252882111141614	0.36853307098932825	0.39510342270937604
0.38819732273557606	0.40889346935049226	0.3761704783594577	0.3987835271355284	0.43815363278947694
0.38831309141136156	0.3976003691983317	0.42401038533723284	0.4146804511844777	0.39102016802688555
0.4120413042537009	0.4382308088193853	0.4452636007093268	0.45613618718618193	0.4461486331013175
0.44476714443053517	0.4896386587760276	0.49623062057170486	0.463256076682347	0.47233136808912685
0.5066441413741968	0.45487836206629145	0.49002269809527266	0.48333412548065985	0.48338051567145174
0.49365323028122265	0.48323233162807105	0.5258816028826764	0.5550076105808531	0.5321834475144152
0.5287469615787265	0.580839948318309	0.5756481665148058	0.5899784065928249	0.5451301312851128
0.6014059431665636	0.5901105519370275	0.6081991675697638	0.6175516732639915	0.5981164194258617
0.6095763010724917	0.6136365221608046	0.6463885941848562	0.6629943299412673	0.655843595582097
0.6381497381791111	0.6860089247685371	0.6647281011891057	0.6895227410569095	0.7129659866974976
0.704321209937782	0.7012232719121351	0.717440886463981	0.7589997017280309	0.7478946353890004
0.7501720039440518	0.7584079336056115	0.7624019331658295	0.7786755876221744	0.8028115900621491
0.7892755189470401	0.7887496239397691	0.8325254697092275	0.8507908503650217	0.839224537442743
0.8409404466392856	0.8504915493081407	0.8758089775726083	0.8536578094715178	0.8475385871742493
0.9132147935779857	0.9030174958758077	0.954856929039466	0.996244684864024	0.9565305075693114
0.9632137890768281	0.9871353711849223	0.9726761756439328	1.0293164361169498	0.9877320356145587
0.9923245128276594	1.0432927274705528	1.0427561816143043	1.0714129156383896	1.0676419019159282
1.079685323826318	1.1237581948808713	1.088850116033809	1.1204346389541788	1.1610711638002966
1.1787443524306085	1.1631467600828438	1.191642778975071	1.240145637107208	1.2278837514586105
1.2642677562732914	1.250792405756578	1.2613995318979419	1.2456481906033652	1.2750325304311656
1.3148544229900465	1.283596487345114	1.3165501381226152	1.336247702365093	1.361335526261004
1.3422865424286796	1.3605387332367525	1.341422360876266	1.411574674242114	1.3829499207125027
1.4031270973516066	1.4569123322594435	1.4498762875359548	1.4799841640532447	1.4772641253436094
1.5073413097695716	1.4677578123647153	1.496430570719878	1.513441424048698	1.5309475245674296
1.550130349100798	1.526853834576342	1.5218163164882446	1.5710159858711457	1.5818994009944567
1.5837877400262246	1.6178382565664362	1.5881807387896458	1.6105313126981002	1.620451601146803
1.5907388593861567	1.6455463410268565	1.573194049659955	1.6157918200431096	1.6283430134971757
1.6301861085502978	1.643772258671113	1.6408118757300432	1.6637811273678578	1.6491094991871833
1.639025878197203	1.6406524161720837	1.6273435917672043	1.6377346004523778	1.6294222674554506
1.6727511398191428	1.6004271845443134	1.6378734681678369	1.630227219334568	1.6349204892350084
1.619965861990327	1.6404060123325448	1.640659323432871	1.6004174353389364	1.5787777064352095
1.5808217330270125	1.541132673483679	1.5479189126335504	1.5213208379391097	1.5232420704145389
1.5361971783742916	1.4999276907589694	1.529360397871392	1.4774648865124624	1.5271239412734445
1.4681993665322661	1.460650906032883	1.4538260748197405	1.4918561139971003	1.4480387366577112
1.4219040884735006	1.4075112089493567	1.3969580275673639	1.3901505863350647	1.3683661122119615
1.3909796673992187	1.3836025026766747	1.3344447291561325	1.3256035012653258	1.311512033458095
1.3332946271264285	1.2834511124190606	1.2783425059458244	1.2551913128231422	1.2170600972883827
1.1931886505008054	1.2337659479783296	1.1984801001705225	1.1797449883356672	1.139760686171042
1.1819844127328771	1.1139759189718017	1.1485010088814978	1.111859970083636	1.098806316490536
1.0868651547439387	1.0813425177429685	1.0721920641109972	1.0542764027102578	1.0346318918595396
1.017517830693629	1.011862081871912	0.9992888492952084	0.9684396685979965	0.9897031705930919
0.9725743259781653	0.9616490078100802	0.9523504683798198	0.9443109639532864	0.8862253976426966
0.9178374801743913	0.8974144385227625	0.8759037950381533	0.8964625793786184	0.8563264695013408
0.8201143098435825	0.7967818689832475	0.826600945765266	0.8585151160401616	0.8162368984524836
0.7947939072387145	0.7993456812638845	0.7344384009863838	0.7737081202578925	0.7747303562165021
0.7397656762804544	0.7457376245549292	0.7219951100726786	0.7284694363250531	0.7534051896293554
0.709852865306351	0.6911855514552878	0.691116918971592	0.6982075358907003	0.624055370406818
0.6331133783477837	0.6506038982154237	0.5779876458877249	0.653830661669744	0.63575387207708
0.6364431460096323	0.5622789595141445	0.5943153935910349	0.6451624992913363	0.566002542256101
0.5876310092143452	0.5827741740843515	0.5516960688229215	0.5523107642212569	0.5852185082511798
0.572880922418115	0.5330247789603633	0.5393789246959674	0.4988505624159925	0.5512216681830451
0.531004721384168	0.5093047757498852	0.5231013280007739	0.4895967833077548	0.4733820728617847
0.519386419306247	0.47754749985323985	0.5053601905616917	0.4941504716770334	0.48549323446078474
0.48668573995002573	0.47954421403870895	0.4396873432055399	0.4659022341831424	0.4270641654424446
0.45455346986376366	0.4252377446349693	0.4470440287838908	0.4461089415931665	0.4277887500264844
0.4173873079952423	0.3991440371813333	0.4001808231032951	0.4191834813523317	0.39016116963112124
0.35491745273704156	0.41056660263372385	0.3419068614108279	0.3651308871764606	0.42691727916763883
0.3937925343092023	0.3895416392544778	0.3366892551888721	0.3497359337752232	0.3635026237855738
0.31501084743300606	0.3355140519107169	0.32612997944900496	0.3136129024015504	0.3170993487067995
0.316534475723395	0.33378971928172807	0.2950775004752823	0.2924611288594062	0.31240756991129204
0.3119187071566547	0.3465379717445517	0.2845001335425012	0.31041076756909747	0.28057103762101876
0.2653485137198161	0.3306911476031549	0.29498582395412015	0.2785304037016217	0.30905131855853435
0.28558574195711633	0.2817379359924982	0.2799254997820328	0.3136705264614906	0.30415360490389415
0.2927715584530946	0.2539191163459588	0.26234628148113653	0.2601103274228312	0.26395341897303
0.24335543065578455	0.2414801159375522	0.26401064612011543	0.2844841267656931	0.2577014801031795
0.2591756681096924	0.2395247302215938	0.2736659149233501	0.24387163813251916	0.25740628393627063
0.2153766089904939	0.1881858901578148	0.22099108345893897	0.23616131717431754	0.2494533808879898
0.23719057672053778	0.21727988897351988	0.2148626438763856	0.18113250844610088	0.22645415726099677
0.1848073873510979	0.19905311668132195	0.20823192327207546	0.21056800236203288	0.18618146819959847
0.22384220594182225	0.23194100401357726	0.20716413869727954	0.20886019541045645	0.23646123984330408
0.1973222741828652	0.19204444431896456	0.1900599213917555	0.1829323342771525	0.17412895390879587
0.20252843616153587	0.2023115344545835	0.1804301134967424	0.15308010726754362	0.21714962627713924
0.1806416158655037	0.14384579401229272	0.19687546606998033	0.1971115386969276	0.17218209547055938
0.1944573048342724	0.1607211178614203	0.18865654207847637	0.1405506693643338	0.15291448919314488
0.16960440570765153	0.15124753049240325	0.1789817635934556	0.16623220050416285	0.17722147466482216
0.1882702610053252	0.16211596328309166	0.1170043742311523	0.11143408383757036	0.13758602948547857
0.1901694835107192	0.15273119762446596	0.18130557058358454	0.13282238058480592	0.16627439191366802
0.16460180660597945	0.11234914918580927	0.17406956959631512	0.15897871052308862	0.15238395046556427
0.11094531418835935	0.11328037562490276	0.13577681844292167	0.16782192202507634	0.1432768455710045
0.15220220357700903	0.1204283421034839	0.11752565244943491	0.11350209218946061	0.15702011404474547
0.13869783821833317	0.10302552327222833	0.15267668206963098	0.1111149336485576	0.15363629011240776
0.1440107342356143	0.16376058186345677	0.14013266440722472	0.14620544864134863	0.15471461994895438
0.1193174289515296	0.12499974459547952	0.12730280807617814	0.1427439233134802	0.1102861853766325
0.13238230801087444	0.10798138387939837	0.11670764925459186	0.13902772071013597	0.1661670169860258
0.11398076624784874	0.0947733838295972	0.1002586200215867	0.10554572783043306	0.0767614765503278
0.11772399765102355	0.11154150487685492	0.09633871551932867	0.10740958940337512	0.12524842940402928
0.12265848637363845	0.1026625458761535	0.0691655189926167	0.1224202492833131	0.06029090326490802
0.11543557239306226	0.13065115947111577	0.11341056284287464	0.11334556299437996	0.09710802236688139
0.11511635713616099	0.12027271494022448	0.12727797191859858	0.1228003417431266	0.052518256065980096
0.09676550817240707	0.10906248657888697	0.05980237038438792	0.07172878341254603	0.11231074499235136
0.10556497252943046	0.0941389921025308	0.11708027724968242	0.12115336981657956	0.09817002270865097
0.09413299305384089	0.09827412498237055	0.10692431402254547	0.07335591893848618	0.10848089984939951
0.09962184563199603	0.1154619223017764	0.10149320318625576	0.05537636299642636	0.11034212681853026
0.12725540894864243	0.06473921944250324	0.0816098339475295	0.09405412507993428	0.11543619514504201
0.0789064170029786	0.06869858594641162	0.09143046132881287	0.06392640924918697	0.1181459729635763
0.09678516946054402	0.11152875286262832	0.13004296012573052	0.10182071504769839	0.10484588806716852
0.07231359997509343	0.10138885240531431	0.0619182210834541	0.10882263492487161	0.13615085705013275
0.08247837218161923	0.07328653988222558	0.08657514428033006	0.11944775086937719	0.09291149536013073
0.07428027664566739	0.11150243466358242	0.09000944711300027	0.07800405310106555	0.06906149896150177
0.1070852968459156	0.07768024278589708	0.05545951551529501	0.10713184415795775	0.06177020829917685
0.07910394302484498	0.07091838709121878	0.033346679369412394	0.04769406778212057	0.11286255514401063
0.0749666724601608	0.11095137584805242	0.08435377193727153	0.09417951890542633	0.06985815827663407
0.09076777076235897	0.05079579030207	0.09407629538837468	0.08510981857126201	0.09756888229139939
0.05239785758693873	0.03625410447806323	0.08550773785932275	0.058786979556344744	0.06614118364036106
0.03002622882719483	0.10323179360521008	0.07925018001750445	0.078129514057587	0.08398206897594375
0.08551329950237885	0.09739564245668961	0.05955184955073797	0.06443836830406897	0.05240417574215435
0.07759620616991668	0.07326469317785572	0.08136056482011815	0.07344421345239044	0.068302843658315
0.08364480011414704	0.02880986546845857	0.03420641981743424	0.06466099699039363	0.04951397355829548
0.07577269320567402	0.041882597006868416	0.08044735086657653	0.032552182641341694	0.0929952937066954
0.05076637310156399	0.06268761353351197	0.0640882259876732	0.06962327876638053	0.03784978013816467
0.034737947624418564	0.031474118684935805	0.07738199241997144	0.10417127407584108	0.04025595068817792
0.047335138485470635	0.09520814849709025	0.05006408637849902	0.052130387033252804	0.0712703537601538
0.06813920543509364	0.09574388751778808	0.07871824923935687	0.04077735914788829	0.06732559828463928
0.09136429187783013	0.05674839312201946	0.06447127288804788	0.02683274162039412	0.08923369643513229
0.09227086400676347	0.06685033960097041	0.09149278123381492	0.042280589008506626	0.06055564385350664
0.06530213155050757	0.053195439364708996	0.08284906680581008	0.017092424150834763	0.02993861001467882
0.059893669668717155	0.10164227266403483	0.05706243040409703	0.054805782993448404	0.0654685831481027
0.049306666145845314	0.026976770030267386	0.06761263180535022	0.05016932339495746	0.06745331221925417
0.07525290691800422	0.041182386509408926	0.03176264756724091	0.03189522729544323	0.060830834458477284
0.0605443703426912	0.05563294242719604	0.044173289322674766	0.063233033623513	0.02905654078347124
0.026127184987282975	0.061167987833689215	0.04366721068508826	0.047034517610978835	0.05201221784430987
0.04132777137115789	0.0446287019028348	0.06751505583413274	0.04407836492270714	0.03368602024716327
0.04502413097925062	0.06722186154168089	0.036224693937401235	0.054157697807636546	0.03330132081196643
0.038335565219726295	0.07536140071047298	0.08487472094101318	0.03926819664008035	0.04156529952123961
0.05596390162952981	0.01962286621475916	0.07113985490360256	0.02634607100315112	0.08874396313696281
0.032781458796878	0.020421082349787758	0.038072792758934576	0.04622444656461764	0.08652214985229496
0.07290960566649338	0.02050202922223864	0.038211080365071225	0.07005405521737804	0.012177207597839466
0.0897859605765809	0.044748722332103905	0.07788423307491184	0.05340925204878573	0.04858889310146332
0.025737852372845742	0.015993671200830544	0.02993258102845283	0.06651189766602189	0.02805196339358452
0.013841724283435136	0.004222470192162431	0.05835186705605163	0.03972310046084333	0.07069306774143104
0.024786391478464655	0.03365633783880003	-0.017067869836094537	0.036395648013889434	0.043361740341960095
0.008534340702214099	0.04632836370364606	0.0230332183264265	0.04194909394798689	0.04009854547240945
0.038697848768521524	0.07179016833058396	0.05063898745804252	-0.008053730554807986	0.04799301331850711
0.04478365141981706	0.03700158690359941	0.052787821531859604	0.0758839715236569	0.024898578973185155
0.015313503012116151	0.03485762429853132	0.04571177216089826	0.04654060556542073	0.012773054350191583
0.04899461497539101	0.0625878276321903	0.039628293833825115	0.030042909857810707	0.09500384667911495
0.053745523938116824	0.0034349723496046704	0.011649878824648689	0.05709787678875881	0.060610663498013674
0.05651165669862073	0.039591232904314	0.049640673284446823	0.04454559583192925	0.015568618385766437
0.07976520226169068	0.039515285809278274	0.042760860145002445	0.016598737683271525	0.049467813130576715
0.029809314342306843	0.07653660115485678	0.0332839099095789	0.02792693258398867	0.029153169447907756
0.040029633762142414	0.043637676747555615	0.010714779916722154	0.011422961065933756	0.0420360650203858
0.039655698297157406	0.03389875941108887	0.06443960655323454	0.04276020429435739	0.07530807761109935
0.03598540475025617	0.05533224077283091	0.014074216641382024	-0.0011892196915709707	0.0010441100265923906
0.05776317766550221	0.04334525364342533	0.0012928081088341738	-0.0072587815303630475	0.01610121764979022
0.042317516471290305	0.029645538473924524	0.03179337255439467	0.018132436307415196	0.03674821993423319
0.00282930000536842	0.018312262495999182	0.056977452132081705	0.03648017082527336	0.03256088956323073
0.06236549278591922	0.022872264177865288	0.02844443168604896	0.0641049291787028	0.010356296036839973
0.06645880670261221	0.04555531968223473	0.024693985575623037	0.048926709060999794	0.06823283482257772
0.0007863566091136148	-0.0010053905931135983	0.011045033986565554	-0.02111642663712573	0.07902622479252651
0.017923750942141548	0.04222520555351263	0.0194756901198257	0.014665885353658072	0.03539131405291694
0.013810203846401269	0.011541037970486123	0.04650609462226291	0.011065814792301662	0.0335954009033865
0.028490253219440164	-0.008895746497595993	-0.006617312082629041	0.06551646880828464	0.007497307820468691
0.03741209857831778	0.017189937410857187	0.04423450517445321	0.002756372864505791	0.024545493551440478
0.029855203006885392	0.007191286632046589	0.0034270997382495013	0.014786325750249546	0.015017219022742462
0.05843319561411974	0.008211070675321343	0.029395583186857074	0.02384754069352034	0.011445467930671657
0.007667730899551418	0.05471111003724026	0.06942689537836909	0.042707482799110075	0.003626384466978568
0.032636025864897784	-0.010441354666771251	0.011825965841484563	0.05468567910921061	0.03077542480148155
0.03325847397943695	0.021036845249129785	0.04372780167957407	0.04021437696174267	0.08205036255513808
0.010728312830752979	0.0662635764507451	0.04357280473916644	0.015214409434422642	-0.00741403547763426
0.04187314067060849	0.021733220323869214	0.03133681845250236	-0.0040053887183081815	0.02314112220415744
0.03249032200301947	0.0046654960519061294	0.024678385149985438	0.03468302529833116	0.0033728051980490767
0.034846991080705825	0.04774668169083835	0.025048295879163594	0.002276800339991801	0.03764146440609885
0.021297982871565847	0.021078561644989766	0.04907576831382732	0.04502582622019331	0.026466738730568033
0.037172296607832354	0.009215889973445062	0.03994428094373301	0.010682766568872194	0.013241072147466067
-0.011073608003499144	0.02864948504420848	0.00687547906116476	0.02344844306672731	0.012657496419577663
0.026083752936679246	0.012445440816244319	-0.013475038431683519	0.0499687249182115	-0.010929604343664292
0.04876056449060768	-0.0003643915272679779	-0.0030939919610480718	0.04356478586901195	0.04877855379652335
0.012838345268690881	0.011026814313269434	0.054225869510283235	0.03642291110269267	0.03987483124334424
0.07938644780296883	0.0007229180893474326	0.027744828116903077	-0.004653093688550654	0.0503818872600026
0.026715591560002076	-0.00020457263574591607	0.01596523935473705	0.030394123326977673	0.018227358905907914
0.035190610171783286	0.04067149262597739	0.040460351402803296	0.016174073333395378	-0.001746213457861234
0.031771104911450916	0.042299152240503686	0.018144305962508107	0.04606606276777122	-0.02782607374343343
0.05128764255358969	0.029634174505594572	0.018690128147044106	0.01766204342499521	0.00634527354911368
0.037547921612807345	0.05550517716459217	0.06463486068550055	-0.02843047269824248	0.013053191413802418
0.05419103006917339	0.03913532160113437	0.034575863990403015	0.05161247732934636	0.020424348807414453
0.012606044321969793	-0.0023211833238256313	0.01919811026171453	0.012891040263309226	0.05167966405911677
0.012865041467702093	0.0128012444435204	0.02612588202707491	0.05568676271799271	0.018488262837334225
-0.009141495653885905	0.0002753812366264035	0.05684210652603779	0.03042811739707338	0.05398432380603428
6.159701086438452e-05	0.02429282328779886	0.04040064829959664	0.002805369446388116	0.004040636211181503
0.0407969659829312	0.028969991147109013	0.027636189785392392	-0.010840049832801943	0.017819790896427528
0.03189658081955216	0.017509863740598573	0.049978758138403426	0.0019365747238650512	0.044649429156884385
0.03659327945690109	0.03403552089216785	0.011369437416895162	0.05034477723941428	0.06271428539945306
0.03422973086648254	0.038658351289064675	0.026337163031836985	0.04463376635829241	0.034699385167842274
-0.007742399294013117	0.04069577367468388	0.012656600586747224	-0.0034805802586546438	0.0022383780606972897
0.05105368404190052	0.03473357112288901	0.03996282991334133	0.029721104697559717	0.030795665897828905
-0.00909840915041643	0.01992464072134224	-0.0030354182625625817	0.016822903959143758	0.024452447557287683
0.039690396133578505	0.028895880868737192	0.029536302909886406	0.042541679977974235	0.046846346942054445
0.023126099111626164	0.004031883358168526	-0.00799508075319709	-0.004619108144627405	0.01954176781984318
0.07261010914243435	0.0595332000197941	0.009821035741347087	-0.0018277209184042386	0.08395116650894428
-0.005361144204950889	-0.00237984759837713	-0.0021596950966715177	0.07104526143309525	0.028591923577580655
-0.01890493907256638	0.019082948299033283	0.01651941959742461	-0.008623256642177881	0.019392968538214518
-0.01377728641793809	0.00402087549341917	0.03385236613820886	0.028588504432447037	-0.0032763598567814214
0.04326156574460671	0.019156789679554795	0.037559555169470175	0.07520836859645236	0.0069477734508713975
-0.002971234122948248	0.055805116935567826	0.02245659705948146	0.07416094131341536	0.021522878903246223
0.024169418294104832	0.04903803326672046	-0.010380771462137868	-0.008025759430938159	0.026054872608232995
0.0011474529083096334	0.04382391076671708	-0.013313374509106479	0.017273322798508958	0.036099557056125345
0.01282985502384548	0.020393136767931728	0.017719364692484422	-0.00021581056274314926	0.0014296783049190845
0.008973908497098733	0.0031465651017863745	0.00364067492686981	-0.03129914527298874	-0.009078438536266623
0.01588628293800917	0.012888659198889155	-0.015397763655369202	0.012443039269696757	-0.007727131335419071
-0.020733630870306025	0.03037303101017577	0.03285947525362971	0.006733561595549503	-0.021035959454095213
0.0013358976441248949	0.02096400236527223	0.0006818422378336879	0.03363791978167992	0.024811777591307982
-0.00895718170483431	0.04860292193536393	0.01665752308444118	-0.0017873860308800851	0.02758764155370027
0.02868057180030284	0.055782018663328506	-0.015138753007211271	0.033940445896923965	0.03851392023518034
0.0029923933260238653	0.000667570248176489	0.026711756225949044	0.018063609997393752	0.004150947460660605
0.052796071738985824	0.03487347865692673	0.04757908870969708	-0.012680302325511417	-0.0070425717331239705
-0.005519905993197808	0.012546969611282842	-0.0063633320685851195	0.027840700454878912	0.025750246406610926
0.019722221422060388	0.01826992486723545	0.013162975732857568	0.03220728144303403	-0.020411817676816983
0.010519808843541196	0.04484014714395486	0.07422201242622728	0.031800396457360935	0.011828798939932725
-0.00035959478514051985	0.022171013695783393	-0.012376107271031611	0.023120314625878248	-0.02242282646424533
0.030213514935227673	0.014949887379249219	0.03068093484683831	0.0034051788375021757	0.03424403855510132
0.011108599881735048	-0.012151084258719002	0.018669282485139223	-0.013637777680469233	0.04901897829588177
0.01621892215394542	-0.004873919976312993	0.006715115045044018	0.03330138609465085	-0.00816794423975566
0.03524512793533982	-0.004468280656125111	0.015513522465571538	0.02063773339295753	0.03709730828268144
0.04129469138602757	0.011753831148657256	-0.002519295084905982	0.03205216474836448	-0.005382592648926984
0.03756453679584899	-0.0036471932682144003	0.03593160427624499	0.010184046281544398	-0.007570466455780584
0.02500346778573088	-0.009427295762403903	-0.017448375921065254	0.026748974910661166	0.0177390577026944
0.01385195153080936	0.045065050452009384	0.01958232535162827	0.057256172556545006	0.0027516448424420364
0.011656702897326626	0.008601249066046713	-0.002389401337842923	0.011215573581218646	-0.003613808360913301
0.04774810883388479	0.004215649342046787	0.001564383755943889	0.00815614412410135	-0.010719571339157798
0.032749231761462515	-0.0003536994016899164	0.04014342622659561	0.042545773214592686	0.036120294790624806
0.027220009174689596	0.00897929943288732	0.001052063311495505	-0.0022629017641316697	0.006349311238154282
-0.011621114660270878	-0.009410410315671313	0.005075307307375987	0.00489871566012839	0.009106706333561986
-0.0035961057266473	-0.014074019044097523	0.03648594569944346	0.047554950561584465	0.018010099352030722
0.018103361893801306	0.013553853715706898	-0.006411964843711841	0.014578478864814708	0.010385351918939405
0.03804979514653262	-0.001964862165348775	0.016475524773325728	0.03922379740970787	-0.014458209477823551
0.014581122069561829	-0.01942622921859166	-0.006148774208323215	0.04302784571157579	0.02116675154726413
0.009210763009961626	-0.0332763509684473	0.003816011244709073	0.004933074594444498	0.028997839662455935
0.008365604675614967	0.017090761966643324	0.018438862998285215	-0.0057329625957955035	0.024621211088297654
0.05304272435854848	0.02233738446282777	0.041440809041468366	0.05232972404811056	0.020947147894643726
-0.0010637899374530456	0.023680104152155792	0.013386936630762646	0.037916827800687246	0.010026895806253577
-0.038509155490084775	0.03764922436815129	0.000880953853812867	0.024226871764396547	0.016171077627096398
0.03868245479857932	-0.012697509977623644	0.039353487511304644	0.037849158762644115	0.033080491480235175
0.017371657042958448	0.018915860829115817	0.029431269072927896	0.0274201186148028	-0.026729650367202457
0.021704941061863676	-0.02584513575318487	0.0385432482416048	-0.00267609612363458	0.038575226043332744
-0.0025473775364256808	0.0012941948658320088	0.01587288225028772	0.041385464425582386	0.019555975536634
-0.011502919119135945	0.025494720110979783	0.012120557007610371	0.025455815774778276	0.0014420651083953788
-0.014411143725027466	-0.017378923003232807	0.017622473554045184	0.04214968878049744	0.010164489978326887
0.002844096298830648	0.02524842843742031	0.010968475316711036	0.016823687222460373	0.03350255013838793
0.03825578283036929	0.0329052870530083	-0.008432497491783188	0.03236634633474136	0.004836231246697758
0.016373858889914585	0.010487904152679058	0.0007141280899266057	0.045104525271521534	0.004620222601451379
-0.006850287030710681	-0.035863076193254975	0.03302320086772504	-0.005805277539006906	-0.0032933066557909296
0.01749087138030886	-0.0135509038477155	0.059891693727404244	0.005025584040859611	0.007989145795233306
-0.01478822061192556	0.009949794312613358	-0.005319613200745076	-0.002753417626020684	0.03568479967777085
0.0108674831693935	0.0029608108736454957	0.022417850309507048	0.02351764327228732	0.06096305782113164
-0.00021544658321013144	0.026935829393343887	0.014905073935962744	0.01492529893315815	0.000486639021645135
-0.020764125671645754	0.021305809046078202	0.02051159093427066	0.014734472078143268	-0.01637109816123778
0.017791527374163306	0.013015411545669897	0.029489429863947675	0.03959923829778194	0.008291822793045373
0.003114121873122674	0.005567354144731994	0.011346360752240619	-0.029395478954683744	0.017212391615010165
-0.013753769213251065	0.025841637278003385	0.03246623409322086	0.013846480737993635	0.04325380384129938
0.03529607108332172	0.004775523406500594	0.04599565236532477	-0.0012513645837095055	0.02973977326095079
-0.01435283413410314	-0.008268872041215743	0.021584447330560728	0.022708193259259452	0.016021386820845
0.0039842021924011775	-0.005706273046258851	-0.027923137147476875	-0.022559380309220323	0.005346546342350417
0.0025647273861104753	0.012932371959420052	0.04204333411505182	-0.02569212451820104	0.02058099252340176
0.02533321841648702	0.052747856559481596	0.04226271257373648	0.023291508883668086	0.02383627939295368
0.02457790535579646	-0.027241621942042243	0.042677623536265634	0.013540032668412756	-0.0015285180955581434
-0.014804337750193982	-0.013560397997687917	-0.003300941270747199	-0.00747696281728196	0.0362140026647585
0.005543843225038882	0.010782844452439249	0.029168413101909006	0.013242107048590756	0.006741853269275919
0.017935527435802102	0.01637185590197827	0.010963855653628346	0.05237531646213724	0.01508532554113984
0.02482961355666479	0.04741858260519894	0.04829961940893144	0.039803116362056176	0.003491755672612817
-0.02110908659955477	0.03630243617745592	0.040569773580997705	-0.009873740791382833	0.0020802355221740685
0.015503562479929915	0.009713047857757286	0.0025356827569204994	0.030445024873775123	0.0019880472136030837
0.0105876221072483	0.060996269363337616	0.011010308863410152	0.011753626799033549	0.017202663698742838
0.027406686891265304	0.03152754518051538	0.03950820944488116	-0.017766507044766122	-0.04177110294428525
0.006057006078547372	0.005851926172394493	0.00477684083537565	0.0012686868921250915	0.0015787274221844337
-0.015657879912314678	0.03877335672476246	0.009138928256001997	0.007680713482435239	0.01588324461970149
0.04112097958066862	0.001204410888879954	0.010961648192825161	0.025746672962192158	0.005250688235553935
-0.0023017707275087	0.01228667089389344	0.002641529628365495	0.02994608725346162	-0.017801924931509165
0.01898330691778387	0.0072966780426445554	0.019516219652786253	0.034676962970090396	0.00953447567735534
-0.009675907615076834	0.0316831568315932	0.004474996041653535	0.005935584073687128	0.015798532394676625
0.00426028397412177	-0.014135573251362313	0.03356940524088108	0.02324150508342273	0.029300119708141965
0.026266957913218668	0.01300179884583244	-0.01036432699347881	-0.009079414415427305	0.008635006409754132
0.012086483564114257	0.00881250257473564	0.02035865033372326	-0.023122542019786786	-0.003115439341881749
0.01755373894906746	-0.009928269899567792	0.02381951426954276	0.04773181098651969	0.001041018888601232
0.027371926415419332	0.0010231022053100187	-0.0023884047932324756	-0.0009000830059004792	0.01582500014651492
-0.0362661298984417	-0.008961969034657446	0.02873083157094812	0.002986487953541831	0.02279827077636709
0.03459379667644079	-0.02130761037713174	-0.0008315023700267228	0.037757114470980464	-0.021397835653351793
0.021761141036145234	0.008925147903164572	0.02273548491972931	0.005780717612577262	4.9644316711094146e-05
-0.014369554562154458	0.024185328681580257	-0.015802876459008186	-0.0005179419055849743	0.026396060832008707
0.04077485771671795	-0.00997095196702798	0.015515396611934825	0.0332875462519094	0.03510479721380355
0.0026351470639520234	-0.026910796280703888	0.026622468541311776	-0.0048329267049379	0.0037304961996820537
0.011840991178048849	0.012844831934438451	0.01549489300037173	0.0043316608926929154	-0.0005363831881226048
0.006834588482276419	0.02810358295224008	0.059828509189370306	-0.004046271988052781	0.024473566716700295
0.013144716293201929	-0.030291517371007604	-0.001451649658696594	-0.0036317450465963206	0.04432763506923381
0.0004952951456098689	-0.03757687635295502	0.033712281021448354	0.005755947825448153	0.00827077548074772
0.010625865592924015	-0.007810864094668473	-0.012580753608597664	0.015805549968782473	-0.014684343462155814
0.025101459371381356	0.01034117857787565	-0.0024019322927228727	0.006916668308748679	0.03840070890384446
0.034084135878413455	-0.012115938564005415	-0.03360474474537186	-0.01748287855695007	0.006873211536645591
-0.023978821655597997	0.0324516183570591	-0.013755555973472706	0.011913789411976046	0.0043332763908027335
-0.010886536190205902	0.01426566514986747	0.008930701352739604	0.018922357744721285	-0.01190900776204828
0.007543052059556987	-0.0077061624404355725	0.016611363159105712	0.007956999998526348	0.00928740646537662
-0.02416135739203492	0.047199270273708044	0.004369718249247455	0.0025410104852926054	0.0037067968770385725
0.011449901312738724	0.02017623378284769	-0.00466788971777298	0.03222602616003321	0.034096394677788786
0.006365496935643141	0.0006068744697013406	-0.019155844391432357	0.006385379962672057	-0.00501545987300154
-0.026747807899571145	-0.016200575861599648	0.007915558800428903	0.008289143405055283	0.012778993858965467
0.01671757296813419	0.017749184708109732	0.010110684757715585	0.03550396706672289	-0.008804138046883427
-0.009852897909273895	0.0284124577963956	-0.011856962798890189	0.014198761027004538	0.010157228418251871
0.008937640813477258	-0.04496252512682509	0.0009179008804367055	-0.027716134352803165	0.01060961117273319
0.009680797290570786	0.001277476756834841	0.013467977628594918	-0.016427922686753006	0.007896138146952895
0.004395081356923812	0.017594884731282876	0.05664232598988174	0.016728854425126952	0.01855423826615412
-0.010338477739155085	0.015590209305853286	-0.019141774354493754	-0.02945975479084162	-0.011046633576614416
0.01943247177040923	0.013911847885570946	-0.005074710938597245	-0.0015540038435683107	0.018749270869271445
0.032161757370099464	0.013637227724374293	0.014935808657464224	-5.0538557721864497e-05	0.0028496426040600566
0.0047886772616629	0.0012402697464234044	0.018744127118634227	0.011359774730617892	-0.0016294004795695937
0.03505736837014691	0.02306084543610071	0.049124256263041906	0.02059085053128878	2.9498027219935705e-05
0.03229707827314342	0.010098262621378236	-0.027811253191468488	-0.004785186477153791	0.006417346364608227
-0.0046214028418458016	0.051550640591102044	0.010711218228586162	0.028088365653762035	-0.00559621232436306
0.023203896092402414	-0.02798203164292777	0.009054817145893547	0.03186330697171843	0.009354639103692426
0.008342714625255633	0.008202237997423636	0.033009755003945124	0.01891498451790969	0.004494589440290393
-0.014930750755961371	-0.0063770799187412314	0.007762866446506965	0.020795568509637555	-0.012577755912447836
0.0032760354867442804	-0.0013110949481740398	0.013731500580758694	0.017035144787526598	-0.005231367424747389
-0.012419310335465504	0.038671425464817645	-0.013601717866943561	0.01573958965875373	-0.008496934082301462
-0.011010948219605096	0.03281614080845419	0.0003402325182736369	0.012892625030938978	-0.0041012664714660235
-0.010767739591068685	0.015140324907816343	-0.004272031865250791	-0.009836347412868218	0.025652183541071023
0.03030349313464061	0.006671062664578564	-0.017181519716412217	0.013582955699137172	0.0094326943595183
-0.03189463484079512	0.014720532320252746	0.0174212711230272	0.0113137121214217	0.007190456783706366
-0.007927801035085124	-0.0038757578563625816	-0.012139357066613019	-1.9969151524645585e-05	0.01464880081635915
0.011175737857255414	0.015792902727608672	-0.004148883243390161	-0.011974933083603912	0.03415631132067322
-0.0011960027587633974	0.01574330435880859	0.02563719141916701	0.04623342186094035	-0.009897995958690824
-0.03417154025516736	0.022020336200064917	0.06459933848335785	0.012885650466221407	0.006832557097927104
0.029583346899761085	0.02129888448915871	0.0035805845528817256	0.01987837021705201	0.01601892181418068
-0.007773194095446257	-0.007579510643375574	0.007604582280336855	0.02498502613528048	0.02062543526784505
0.02522444389756332	0.0034720063927009674	-0.023627826950676247	0.039942406051449345	-0.02452871554397301
0.02100417211174092	0.015569339312979914	0.008653475914539617	0.013374805912443647	0.02943960125409773
0.01570247753517589	0.032262507160758944	0.03288255755194614	-0.026304712947441064	0.011856334012293891
0.03290845900172406	-0.017619175930414163	0.03261139861122635	-0.022732905737942063	0.006230008309348987
0.008688600795917076	-0.004923299762412481	0.015279628279374574	0.04544328208265323	0.053328867993529684
-0.015018221311154274	-0.00840570364846602	-0.004428693128182027	0.006050445297005137	0.0405830833596462
-0.01239792490305653	-0.011205966742065313	-0.0009937955172459613	0.026394326927980473	0.04897096809405869
0.01687786715221941	0.010853005671087474	0.04307410487750497	0.02573185863138418	-0.0015562030156897856
-0.03436951629448648	0.05499560959432394	-0.00015013663159867173	0.007541707990155728	0.003716471912906038
0.05010947129482185	-0.0220780760611879	-0.010899385168958511	0.007558034278529894	0.02326128026624958
-0.008197726557623642	0.0011981022453172426	0.017822284217119583	0.003738841384146932	-0.03572491951635654
0.008151952451156878	0.01715885078567523	0.024020552559640772	-0.02264498937165381	0.020162389953235674
0.02952380407205487	0.01418030333141334	-0.02961088277517978	-0.005034736154958458	-0.004386220048396409
0.038172019551841053	-0.0007034110804887391	0.030003097081651373	0.0014376884081800634	0.05021717370600401
-0.029793001982199616	-0.013496240237950513	0.07111823875625023	0.0017118974349947724	0.010149020609036781
-0.013759706535782328	0.01170833272274013	0.025801290498583637	0.026441627563937583	-0.020320333544852593
-0.005827774778386841	0.028069336396386736	0.009854414774272634	-0.027481494097113705	-0.01818108843939755
-0.020065462348756835	0.010187971226463428	0.0032138381337773808	0.017085500142040792	0.0028706429129852834
0.014301565757224997	-0.007058265693462264	0.007631530561764745	0.024439607818281764	0.0007138845886545037
0.0395218747290243	-0.0029783371650027733	-0.028626502080264855	-0.017117077533313943	0.0403831552046602
-0.015014992867608969	0.0007708939226576809	0.026258451402471964	0.01485601078741024	0.0204642019739284
0.005381485321157514	0.016799238036686284	-0.0026289487258262245	0.016904504591620892	-0.010144278846190478
0.008128746460211604	-0.008409006841148897	0.008154106785964562	0.011639388686705391	-0.005452380793073064
-0.01981972325805412	0.008271974539651752	0.031233272448593336	0.028075812718617307	0.03213057972880725
-0.0354160110360736	0.02161921260554743	-0.005762652482086484	0.02781638630292769	0.010954895359357824
0.00394534377772267	0.007016576501299563	-0.014401376090631229	0.029783466137611743	-0.021452233098562562
-0.017726612984866778	0.007381976678740475	0.008552951247150978	0.014368710264829224	-0.024989853254303338
-0.01575588303884813	0.013783217699157649	0.03400221105380502	0.007479830651401453	0.00012940400826568464
0.012244863171698041	0.021165536142831003	-0.0007410994386176139	-0.0009449023309412144	0.03444939863192055
-0.008058415494824974	0.018855408966038077	0.009289316252843738	0.003578104944397635	0.027907958480014088
0.028193373309465402	0.00738634180382723	0.0024420918930166914	0.0027422608885585946	0.05140887770505497
-0.024570238582993308	-0.04919918567050446	-0.01324766934604244	0.00545691006244354	0.01558425650366042
-0.002844851446132165	-0.008529666350053332	-0.013936477893908523	0.02650683735462836	0.034952474693157674
-0.004012793296052461	0.027138398807263757	-0.015268278057544875	-0.03656667825141188	0.05477349481764029
0.04756931210599641	0.010650530409060825	-0.0016295964002092222	0.01983747707362197	-0.009985872460080605
-0.04246080560449543	-0.025720240141308758	-0.005650558718604883	-0.005484828145506243	0.019038740688109998
0.006343378434088319	0.022756307038108797	0.02585493895905473	0.015156648972904084	-0.007142037147646723
0.04103058818125024	0.06822397101015508	-0.004579035001393888	-0.034288082905999065	-0.0036308118447613605
-0.03163924244186118	0.0473497143103787	-0.0016713308527194935	0.009074517968785747	-0.016398716090307908
0.0081646579444536	-0.005042159245951846	0.0034304034596750847	0.020882238694443188	0.009426565300223566
0.028796528007785184	0.0044756841645798105	0.011080186492754034	-0.009953239853609049	0.0010210380279239263
0.03275366643370673	-0.014989319760314578	-0.03000816133911478	0.02159902984712824	0.0024561337231107042
0.009780716766944643	0.03119486653612106	-0.006919512209531963	0.006234505569774047	0.026799964408702397
0.029102760435902087	0.04407148956746522	0.01105867997508058	0.00983036333590848	0.025630253939157306
0.021320630484253155	0.03627314143926681	0.03137262792616333	-0.029415997512020155	-0.014554893988238341
0.006179815947032413	-0.00924099252166904	-0.013881308027315768	0.0560573594461623	-0.007137338136385056
0.007080003321313842	0.003534817630904268	0.014412340264120452	-0.009319458677260526	0.0021196816182039997
-0.031783067483097865	0.03158126421051908	-0.002946691987934324	-2.7729652119690487e-05	0.01754419316476203
0.00841944102773558	0.0023139702317183457	0.004824974634462591	0.04666052241787753	-0.027663993242286435
-0.004867673817581271	0.021409004676571614	-0.011184134222918935	0.031133469131693757	0.013861175913804036
-0.024663150825719907	-0.004407545857382626	0.013854027546640984	-0.008463672934626666	0.006699914671098903
-0.001852376289991695	0.0023242864649868225	0.005873583325564108	-0.014695089939807424	-0.0010053116805019222
0.02033416359682302	0.023459005306359845	-0.0015105820829311957	0.006766756515268753	-0.010630986866991605
0.012511348522067662	-0.002095521245125037	0.025847915713895487	-0.04724037937680401	0.005298406834454427
-0.02665584102895522	-0.004647227518125775	0.01660562979252139	-0.0142794610123313	0.008080007894380136
-0.012444458904994439	0.044228512833617596	-0.007303356839239219	0.019798303985472353	0.05677995783497436
-0.01015430323470659	-0.01413101768348884	-0.009491297281911027	0.035753624624064236	0.003892827518616533
0.01093190005349916	-0.026765319839894726	0.0008404780798880141	0.007343999256028648	0.02801648947229495
-0.0022229115375011245	-0.00285041244507267	0.022983095045288046	0.006147096616826295	0.024174014240610997
0.011560039972066515	0.03671013171384128	0.046095707262062545	-0.0029980145843392344	0.006654391316927695
-0.013532892898251695	-0.016035197543334448	0.006251071700045161	0.021293438999294853	-0.003373817285705045
-0.000511600234288357	0.049058005410379885	0.028941351871134526	0.0004128670731386396	-0.007519357779720997
0.019912277579067786	0.0015607794112398208	0.025893897355011748	0.010650229242444114	0.01450299877970495
-0.016320839858290487	-0.013144009062764276	0.021443757151469626	-0.016277619698802138	-0.03599244805283329
0.002705504941800056	0.021118682633770033	0.0068507274556651974	0.0026127994321127283	0.002588554410537484
-0.010547188983308937	0.05574612344975706	-0.009498452512027359	-0.0007751058751502065	-0.02492036055260232
0.03358301830402088	0.03710242576809297	0.008516751737181891	0.006728648186829068	-0.016607187859425013
-0.002937743694520209	-0.02389240388682603	-0.00022032042858795395	0.0016471513628695147	-0.021344203160002215
0.0031229368552823135	-0.018246033136193513	0.014464763019347448	-0.004799124167122653	-0.023526983958206762
-0.0019066362239511048	0.004674095952217171	0.024433013201692985	0.014888091515451375	0.002671760198634703
0.043000949618134686	0.03820288687098116	0.020818484076094296	-0.014443271643891479	0.006726200229896564
-0.004203510712877117	-0.003998296341889827	0.0013211952594014368	0.012720673152846133	0.0038552143757531136
0.020616971362999996	0.03801521464158223	0.01846218017269089	-0.013308913772752808	-0.03686373859452925
-0.0011604689477224357	0.009217753074790868	-0.0008542978875486834	0.02473903650770969	0.05867111877223979
-0.038170381718702955	0.010944534490798267	0.04696485347240252	0.025385510256928215	-0.018527499314896438
0.00849159079708944	0.0006815100508844561	0.028085863257354893	0.04138418880436669	0.026347659615654967
0.03437191373057236	0.047647789227799636	0.04708734910075527	0.0002584494604156726	0.016846154697518885
-0.008731431985061157	0.007707262174645931	-0.001427464447560387	-0.01806682913024337	-0.003555273368432956
-0.026979642771667797	0.03410695380357097	0.011938332809210809	0.009185489551285769	0.04027115117148285
0.012238760393611998	-0.0027266089366703525	0.008513619716215136	-0.0021126065540836357	0.04176944504584627
-0.028104790188697982	0.003222274545145889	-0.014252205428877647	0.02886383972192445	0.015312697194810756
-0.010367688081171627	0.010077928028651626	0.03884786939962893	0.00523511138393652	-0.00530243007308783
0.009757781407701768	0.005536784513806929	0.03196596935990284	0.001320680102678249	0.008937918473008127
-0.013482773838801563	-0.012926854391082104	0.009426468226611449	-0.025226787161546832	0.009782793733707454
0.013181557932555337	0.01296915528058325	-0.0008373913658057102	0.020911224608597984	0.01727422528902394
-0.008441059904905426	0.01753198687875924	-0.006431617251398278	-0.021749499268922973	-0.02219394717966587
-0.020548952729019628	0.01546562138605834	0.03231316050864457	0.0248454026567492	-0.0031023757077031575
0.007668593767529468	-0.026926130695764147	-0.011999573240309229	0.035451584585153705	0.02367780976658735
0.015761336307779802	0.018906635713719734	0.030536035643284512	-0.023548203833528993	0.03587314600206879
0.029244076378597782	-0.021794486181648903	0.004975137051029564	-0.004027652845295837	0.0375788420619447
-0.02209837758212429	-0.007171034579252486	0.0162168174262091	-0.010780073964124507	0.006178106544306402
0.024650695896660576	0.012115758542009709	0.0068486856539409485	0.006940367658416975	0.015471571933613489
0.017352086050375016	-0.02205332595785583	-0.002569054975129455	0.010230007810956334	0.019826087420239072
-0.042688557214619616	-0.03651893720624036	0.004925200827255389	0.019297761543564215	0.013334046422135846
0.00952019333330823	-0.032499852185852135	0.016154082051239867	0.027014702892859517	-0.012264803366918415
-0.00859763592234489	-0.010636886251645609	-0.024420360653285116	0.005152060727527364	-0.004486320143426117
0.04095671992865636	0.0036412839282857546	0.01857215352234222	0.0033502583699251513	0.013539765194237538
0.007628370980263008	0.008279267122560571	-0.01984180133858262	-0.029892521356305202	0.03301010912195008
-0.007817263573216566	0.054781384708646186	0.03552842473669057	0.006680559233936319	0.017612463818993507
-0.0048019672163306425	0.02680685756801345	0.01841369045797351	-0.025788742887018924	-0.05277746449661794
0.02043716122737583	0.03402323806139761	0.020823333698371235	0.004978554191032915	-7.614452807194663e-05
0.004223759183556285	-0.029260525625645285	-0.00915764416422329	0.01642146816656491	-0.03303242643399466
-0.014370218372032995	0.010352366979544558	-0.011776115607863494	-0.018986713438963063	-0.01607339176974231
0.0412851385888459	-0.011622172453264206	0.024991424253607383	0.015061534448865838	0.013520599177592543
0.029270156982876976	0.041905479429914044	-0.0251508777868675	0.024654309610475034	0.03681500543357481
-0.005430654937602702	-0.021382692421421136	-0.005369009314900133	0.01738898983008886	0.0028698622777295537
0.016351993079881492	0.05189630667756355	-0.020213178435094806	-0.023620940806997788	-0.05739593106353935
0.024682765098024508	-0.027426630440224364	-0.013372127810888056	0.003908823878438411	0.028453803740752362
0.00731286407649789	-0.004529941314470123	0.044340985674998584	-0.024120119279010588	-0.014635193772698563
0.024393522843865957	-0.0017446231401132238	-0.015672678157959925	-0.012011388076693136	0.029203549825445832
-0.03846832706856764	-0.014698739252583096	-0.011515972387017043	0.02250547840006623	0.047178343592318754
0.04058036556860291	0.0022789261631350737	0.004834394560307018	0.04326399929934497	0.03861728326751498
-0.0006779683587330209	-0.0367978888525873	0.029851751834509395	0.00889153275632259	0.030219206533373393
0.003679379583106089	0.005318653177265355	-0.01596060934410899	0.012646702782450652	0.008361371214107854
0.010720015628814757	0.011770050636177736	0.02432908601323508	-0.0007236809108502216	0.006200572982514909
-0.026918128243438734	-0.017688219943635685	-0.02016397781602535	0.027207543323952976	0.0023278552987393035
0.007925174302603517	0.040684880737213366	0.0067957294846183415	-0.03434678789949215	-0.013799778335866706
-0.016746505762274648	0.004096549230952597	0.0299849236683456	-0.005666334262537544	0.02153975823605729
0.01453734722664106	-0.017102952693365536	-0.02963804602286886	-0.0009312743317348628	0.013755960247016304
-0.028967697254433735	0.02594876534357599	0.029359037903290742	-0.0053217068685774	0.009566909696904798
-0.008610718075744546	-0.0021575975371335822	-0.012551939593656422	-0.02299514053152086	0.023815487441210467
0.02924748259960273	0.03705265729365347	-0.04829487045420228	-0.03057969949192158	0.006092984932471625
0.000308046445842914	-0.015370831218441561	-0.006055686258069161	-0.03280576556910168	0.006695422963757892
-0.011493915158546255	0.01596820777614573	-0.00036566392035839584	-0.006124225394428391	-0.013242989418172868
0.008270810039303935	0.007650228437966948	-0.023561634836739138	0.009366489195647221	-0.026527507648022284
-0.006640650938941756	0.002924860583111551	-0.0021920530660979294	0.01905025667702382	-2.756018996269118e-05
-0.020566093316860906	-0.01168086161939937	0.009559826805470406	-0.03228842219272869	0.008569536489533148
0.020428830055358324	-0.04717727783966563	0.039005114200485844	0.038097498506572194	0.004499210281510463
0.020636007502117713	0.011312575787778861	0.023087176301106276	-0.006347788484829954	-0.015087171041028543
-0.0024753941573639887	0.023229857658502384	0.03831442829011509	0.0031314826598133694	-0.015488957972089205
0.013122631340417554	0.027250554338053568	0.010049219055353342	0.023896582531028315	0.02952629735096654
-0.007535742634961663	0.006391571223648641	0.006047487541346621	0.009405891859215483	-0.01303548670910169
0.029649213821816414	-0.029247160259602646	-0.01657983942929552	-0.04592907035820393	0.027813215385830214
0.005303258839548757	0.03461623699970265	0.010245734785334342	0.015162884947206346	0.013587759617496066
-0.02701411895676081	-0.006335598815380164	-0.00019184582647853421	-0.014397697361598159	-0.006933490089684945
0.014707472499144498	-0.004180597869088596	-0.009609570260347106	-0.013820672958592179	0.014648438605256862
-0.006891631516635892	-0.03475439900953769	-0.007590209426414618	-0.018502378741131302	0.01715250995782029
0.03163210790154839	0.01967303387474454	0.04468866616450541	0.01667636720599274	0.032229270879812616
0.0067124726550768935	-0.009449857119962612	0.04309270248227698	-0.006368724307517039	0.050327524924819816
0.02249905453077068	-0.016479554866958672	-0.050606208501661414	-0.008976441592334544	-0.010336659206670578
-0.015797860070196755	-0.03069493428296482	0.017196785581550425	0.009398272410154288	-0.023484357447582517
0.0102289983662298	0.04570385886016274	0.011796620574459835	0.011744689993634077	-0.021211904039406863
-0.004490209364734701	0.042311462788277555	-0.01107648832673241	0.0031246050221587344	0.02806099792215073
-0.012952144660374407	-0.016903562696727208	0.028510990732756446	0.05329337497564156	0.008188502752193062
-0.0023045228733554446	0.025682559730958916	0.00013463343461610992	0.027520930930745653	0.01011554398481124
0.012886786374499417	0.013791428643392488	-0.04083374673596671	0.014792480456208242	0.0005580563920201085
-0.004624325736288284	0.011000155687221397	-0.049527439806660266	0.017094334417864628	-0.02865780371034928
-0.011848337744138076	-0.02010534622997665	-0.023910838516927355	0.005009713509365601	-0.017585192578442568
0.02410514908000509	0.0031630920474584046	0.011658632564560687	0.013227408475282374	-0.012775214227735523
0.014232158244547113	-0.028601905223484797	0.011268760293562243	0.011498276759244457	0.02506531773557767
0.01561966363652455	-0.009565635095928879	0.043085246608334564	0.024698289732987842	-0.025021928056732808
-0.05233746294449091	-0.005617497358635419	-0.018629902524329004	-0.0028344111161164465	0.0212387341944824
-0.010868479798402856	0.04451468839616368	-0.002718855505097319	-0.004537473461695491	-0.016780715912055103
0.007238694108020083	0.02269594947145577	0.016434932762730576	-0.0278878423878308	0.012711697546421371
0.006713406019913158	0.016562535113797867	-0.004397634173361635	-0.004237753517059414	-0.0026379174446666005
-0.00019874612414967933	0.009683708864389653	0.02106224247831458	0.025543921867893796	-0.017714979086220203
-0.008520031052168224	0.004846141255394993	-0.003559177548582115	-0.010848086185746873	0.025050565943068523
0.017049804055870484	0.02161043922212864	-0.02228794740705863	-0.012530048098157954	0.01144457284526013
0.012938953018998752	0.05130564988216933	0.002157345825674499	0.012340881610831366	-0.03197529561035935
-0.02608413279421412	0.009733141440248118	-0.021961817469797272	-0.03281600977491404	0.01362372765792911
0.02856754542701453	0.006487638866861804	-0.02149148751611022	-0.00920753416139922	0.009272361551527636
0.021726518989138514	-0.00490843439765311	0.007767173652168401	-0.0049514450786032616	-0.01617182596238451
0.031995243655366136	0.037473036716276734	0.003455949265385308	0.015133197782101761	0.007093585612535853
0.015695098838494948	0.005716926225395718	-0.014382143128618293	0.03335494891493261	0.017357116061201938
-0.03295028206498964	0.017335128839348093	-0.040647802066242036	-0.009971756625052666	-0.00477361842497369
0.029697429680450207	-0.007141937174547975	0.005032896411729144	-0.021442618540300305	0.003722598670247862
-0.008256411551319027	-0.003436109273248895	-0.010880636470241612	-0.009415853614191939	-0.0006548925702765853
0.04437123489993453	-0.0002963246629983521	0.015951701265761713	-0.015753478267598254	0.016346125112495682
-0.00492434255139905	0.006154546202522959	0.013746000448386742	-0.037059614634477954	-0.008270365027169914
0.02959238455985975	0.02556798865784607	0.01979659332075904	-0.018435768347808475	-0.026937066795163472
0.008908869761955708	0.003545444930286622	0.01678064049018287	0.031722718850944076	0.036160122948077154
0.034888984622227254	0.011794326255481009	0.017139007189696343	-0.026638369817255425	-0.013867688738291825
0.0051426748684766	0.013355696103357996	0.004592957515090446	-0.034663588914486614	-0.01912370284295039
-0.01147335816577618	0.03617764147591688	0.022518096541239804	0.021702946501103212	0.015851044680623653
-0.028562960277830115	0.011904747071636594	0.018016837853332697	0.0035676332984598807	-0.025244177929430085
0.00324765567290399	0.002113844641885242	0.03210618854213368	0.02027295789739918	-0.024488323410029565
0.00019660807135381698	-0.010510043672649787	-0.010864171586646713	-0.011108340844809399	-0.02677523328654291
-0.007602486729179456	0.0006387235091433904	-0.0015708413907229192	-0.024671114339928104	-0.013538538979682366
0.040571844951470044	0.034327027445863245	-0.03934761951083255	0.010260089994912907	-0.040896550751049594
0.007752026552669357	0.024671099149365515	0.01229636012056923	0.020696661605771334	0.012516037868888736
-0.046011359088037926	0.045487805237843876	-0.006959139503136103	-0.007414787324639461	0.009926114546227941
-0.010089882022925638	0.0038738715021509095	-0.0031423432072479386	-0.01683131351520181	0.02951731598863176
-0.021522927006093373	0.03811167175422348	0.01995696945758436	-0.02186085234653766	-0.03039179822894751
-0.03956752459031353	0.011272172049291625	-0.0006434145408777971	0.01054347487621381	0.0017932642671368826
0.04058666175598723	0.03359583852224008	-0.02160369876850923	0.01337984888516384	0.014041820039221766
-0.033757716809857084	-0.01765949915761804	0.011891872063197247	0.0030000843715465852	0.010695425571302168
-0.014075866610021515	-0.008189860261651027	-0.01938670260086566	-0.03959918722041063	0.02227283293609183
-0.005781688787227641	-0.002946977145857575	-0.026653840343811977	0.0351854479868638	-0.030654322015819493
-0.0005797052678636651	0.008553101557943305	-0.014741155168663735	0.010507639522351751	-0.019906781877658673
-0.007459384708950827	0.003570396078653319	-0.03269871722295328	0.008603469626690424	0.007580670250789965
0.006390107316306175	0.007672381706410977	0.01616512217293127	0.002406398185879204	-0.0065861091039305115
0.009400674819231208	0.031029609141027457	-0.015344831872719022	-0.002859905633987421	0.01412979966183526
0.003869707962910353	0.00023705835467460745	0.04320705135670321	0.04261547452731641	0.013348953847296677
0.0209060169526118	0.02294166081193216	-0.003345199293610516	0.023225600073284922	0.030766545612966684
-0.03731159905905482	0.030178153310445648	0.006079197017710985	-0.010422090906714457	0.02996517320745432
-0.01258958879345117	0.01909143440687987	0.017063432744607313	0.05095728968116224	0.04733857301279897
0.03866733366342689	0.030020563264019567	0.00782340445776855	-0.007982112024778195	-0.04567404480413488
-0.014704497432899016	0.010677556042874046	0.015195635800265183	0.02405066533461424	0.0016447623697123642
0.005490396344349136	0.022027504283847723	0.005642365329130009	-0.004702928956740908	0.03742384091430609
0.010649997863951483	-0.02764773494049295	0.010106399182326609	-0.004883686798275797	-0.0044553794386921995
0.01891452563441237	0.035201086821487926	-0.013473783910415035	0.007870790873576332	-0.004437154661226737
0.011737702811494449	-0.013544838874003902	-0.02410677127880031	0.050916466475498814	0.01636069784449036
0.029701732148256572	0.0053539465606352	0.03353162726032628	-0.0064982562587885566	0.011358535784467928
-0.005626075505687612	-0.02035529580454499	0.0064985778010802665	-0.005711910678394963	0.017402118905151545
0.030605414764021288	0.017210188696637402	-0.0004631648592237792	0.015127505022172536	0.032269254063174484
0.023154025650316615	-0.012534143774248014	-0.026270769613414374	-0.033391289279294946	0.035777376391428875
-0.010794195680391592	0.02400517333484584	-0.055483613565919736	0.017888176522035896	-0.0017244640560269298
0.006977781324884531	0.003913357335746321	-0.031901484769233296	0.004388510881180321	-0.023062825991160395
0.008160276492739831	0.002855547008441017	0.009241977401021078	0.018020535643734667	0.056040817872422724
0.010987737723255892	-0.01652241328357928	-0.00792533680446337	-0.01893151605907393	-0.009010575584708875
0.004470666122955772	0.011191553040182638	0.018663400338704523	-0.0017579652354445334	-0.002799850542122587
0.013486737461480422	0.004176927095963323	0.024364073592955587	0.04929178946184488	0.023220230842047204
0.006413570019573144	0.011759856532781424	-0.003819973582628392	-0.029117355241525693	0.02227610168925237
0.011029528689230511	-0.011213252549805007	-0.05369601598829759	-0.022324215690352214	-0.006060884629232501
0.007762505945875495	-0.015468795883437025	-0.006237053040841699	0.022996550727739935	0.013239804742568216
-0.01418925409435403	0.054972227093868564	0.0314925000733675	0.008126482241418313	0.002668636050753395
-0.016693570900311573	0.015345885161571069	0.017484543760994356	0.008896147554877427	-0.02691933638339427
-0.03324974361765636	0.02007713742472541	0.009560931003593336	0.02410256996932334	0.05258224736723212
-0.011340626348789839	0.004023567764440929	-0.010530491578145902	-0.0006465615566670915	-0.025982301300631873
0.005451307876124387	0.02070698856623051	0.02988233419294302	-0.04010643400381997	0.024509857573386265
0.013657409780888943	0.01163845112385177	0.03153977621045192	0.026025238600706734	-0.004914319621435829
-0.011315610598572818	-0.0007826296846096779	0.04052542844674847	0.037697770434598286	-0.018981461734573664
0.004851858642553525	0.023448098293770748	0.029513907070912317	0.038155393175714654	0.020297035818613078
-0.06253992856812145	-0.009466426203320449	-0.04715871416760333	0.007028031655743639	-0.0071893377785023395
0.013231916687233789	0.0021624486488889634	0.0061181691158025825	0.021886642398253414	0.002405754790728518
-0.04807661192394833	-0.0014881705674704602	0.014177221271277941	-0.002247316786490337	-0.017714339440662016
0.02263474533610518	-0.03713573690746875	0.009845020636661409	-0.017465014996488077	0.024014426678064
-0.010946772113578272	0.02372852163136261	-0.00687479670390985	-0.0047915215292505565	0.023011281692918155
0.019318078659519514	0.03182279816920342	0.026388739925962284	-0.005337337812539515	0.020717508031445793
-0.008886280796982893	0.0471959987975856	-0.04435591540499706	0.005083529212512284	-0.003955569277902323
0.02097756736188994	0.04139621089871588	-0.02068840584063228	0.045744301225596896	-0.0363430301654636
-0.013023415596339667	-0.04254994902493451	0.003953193729385195	-0.03083660612014291	0.025871700262832895
-0.032298157229829726	-0.01170974288181211	-0.004794376530067128	0.0014793026730500836	-0.020199899161529276
0.0191305175739827	-0.06785828611327141	0.018362296086088428	-0.02063292747752154	0.015512048926422994
-0.050551674474861655	0.011388670649640538	0.012546063599406531	0.05429500164733805	0.02126668058961602
0.003554969773025754	-0.009349136546109525	-0.011950869615711013	-0.01946685397050949	-0.003626629797137017
-0.019785425068326902	-0.033540734038870715	-0.00769127618695793	0.0062460627253323065	-0.003278590632550024
-0.002401941859513139	-0.011512828474541464	0.0024888923512683837	0.025761118616605013	-0.0006455960643843156
0.001292870534699707	0.015331976571615866	-0.03498501933415019	0.026390059507595896	-0.010075714634163315
0.005999204304881095	0.019498001117341988	0.018509637374687967	-0.04205808051386121	0.002339045800143054
0.006002461515642552	0.06523025361863342	0.00522613895732775	0.034230413381347004	0.004100557946844682
-0.009524765092557324	0.007681207911685646	0.01076973366317955	0.0028678941448887583	-0.0036256685282278957
-0.02170738583278558	0.009293172145875805	-0.02172013865237856	0.006848941105726708	0.003328849955596128
-0.011221839501064484	0.0006057648886091179	0.0014230646467045917	0.008442824306525622	-0.003936577727534758
-0.000445324718537218	-0.028180040814920267	-0.00885251681392698	-0.00659518602382067	-0.026069155339991393
-0.005024159253118559	-0.0038027229546987893	-0.005206976911781966	0.028934791881055223	0.03859627421332855
-0.02535292641838873	-0.005813615567958479	0.0005747011139243139	0.004346257260587359	0.034047160963165984
-0.030507256847568463	0.013798223563418777	-1.6741372726647094e-05	-0.014845035999280966	-0.02425583362179163
-0.016732700983008452	0.015205630686961532	-0.011159857540486132	0.0057531957120568415	-0.004031182195108549
0.013076371541752757	-0.023349791955970103	-0.004372528167098836	-0.03725484262291601	0.005064180493069784
-0.03820785297616901	0.023340878002003955	0.010736855247615754	0.0158853989597701	-0.010797717939233524
0.033078717814571286	0.02531753008803303	-0.038204005237522265	0.02345024086833946	0.01075985275541753
0.01648735347104308	-0.020074994588538154	0.020552518291782958	0.0039127671335845585	0.007941742872876006
0.0071240874024605366	-0.005144293640607223	-0.0030196908026211616	-0.03415306275782815	-0.020374157586880555
-0.007614684315521809	0.02243656420655894	0.01223659368322569	0.033911530013845614	0.04464080199931039
0.002210051864012937	-0.012189286743581069	0.027528723775819535	-0.03631852817170552	-0.007029464601637558
0.006951784636829499	0.00976066177464999	-0.02507816996627724	-0.0217699319971927	-0.008393217579203208
-0.015436286215923726	0.004401343118717593	-0.004314070930055414	-0.026948558965125435	0.020200481431408682
-0.022775872462613207	-0.018485828189050594	-0.005450467840454582	0.008907670810035476	0.02079088502070899
0.0039061798191423647	0.030267014479401794	-0.03020032541203686	-0.0003254783997992325	0.02266090142125837
0.027490713332489335	0.005689788568773694	-0.02282450315182447	0.019500193085185094	-0.044373135002455474
0.023715006507850838	-0.008459605327683997	0.04572512158395686	-0.014445560550577278	0.01975027258017253
0.011942698191470492	0.01221124096374315	0.0005034989086604778	0.03908868031467421	0.03330947522240004
-0.010176609961125568	-0.03197569988934234	0.015012458113305042	0.03853165612942686	0.0058643374918462875
0.0002216489288505482	-0.028623370247864037	-0.0174825926497191	0.010766839472726995	-0.006969485510316887
0.0007964930305479926	0.015992673601968634	0.025093872152922563	-0.010164530487719089	-0.02752746678255783
0.015416722173025234	-0.02147762407602122	0.01641907937221495	-0.010659171812510276	-0.014223785112546631
0.017494282693223888	0.011054011241637815	-0.04010495627247784	-0.020224972641764184	0.0037005292060581212
-0.005835783332912665	-0.00027122819139813095	0.03541748885600218	0.010373479565221229	-0.020717895384783486
-0.04072761026977892	0.014133375038532665	-0.0006413749996060751	0.0348834324157207	0.004706714500985269
-0.0012444139057765815