UV/VIS SPECTRUM FOR UNLOGGED COMPOUND
INITIAL_VALUE = 350 (nm)
FINAL_VALUE = 800 (nm)
INCREMENT = 0.1 (nm)
0.43490720747998096	0.4675588249006075	0.42640155880911745	0.46570933398384673	0.42745018457787665
0.406258137966569	0.4215651610785999	0.435334521718578	0.4107456046100564	0.4193728295028611
0.41067154816575424	0.39407575175627785	0.3709593104691862	0.3918517871181065	0.4005729201297157
0.4142684083488426	0.3932735322543035	0.4357993487814788	0.33974007341602014	0.3763226957876817
0.3690066993607792	0.3601139148370444	0.4026143965040267	0.3632124548329166	0.3443929472275336
0.3598621181379458	0.3248108210454959	0.3134309688467566	0.34693176540926013	0.35861947335101774
0.3529223723248177	0.36582165600779615	0.33727169077056807	0.33472823945338254	0.3506201120798784
0.34702542720231366	0.32375656971941386	0.3577312513404672	0.30589387862272394	0.2952645730474988
0.3046599436069706	0.3561947374899598	0.33503238681400704	0.2807756367173519	0.33707230343548933
0.2946251717838158	0.28500944977701353	0.2795889506244951	0.2887933338796017	0.2629343724765204
0.2746325867942821	0.2842759463482499	0.2735612407766883	0.26560971967235036	0.2566224631711993
0.27426189590686245	0.25657830221300953	0.3118572635198644	0.2697796595978032	0.2555484780112279
0.241477422807027	0.21414869737442802	0.24989264379281162	0.22665246497946875	0.20880814198238795
0.2513683510281572	0.2338564630554747	0.23036891865555342	0.26523854092875476	0.25046045887693724
0.20583523065096962	0.24195834187412416	0.2220522607422316	0.24550819948275618	0.23783426730868248
0.26019945058192745	0.23474863303924562	0.20596118979425224	0.23078335645227963	0.26397253454607394
0.25965578619667695	0.22296852993490032	0.19079132664049164	0.19695160850174967	0.2036457606663977
0.21325550216017494	0.23430657852080627	0.18070107101270605	0.17101904982617272	0.21958949943918507
0.2675071047776847	0.16380428895356305	0.2066747911660594	0.19965754183413956	0.21904806436855206
0.16189101192709757	0.21980491730580337	0.19991528710109085	0.18474595931180396	0.23984316643275858
0.21251456138055225	0.16140443976422847	0.15984994077798415	0.18099843088314663	0.19712549419159534
0.19220207554183255	0.19992589251520435	0.16175710919583033	0.17479142907748618	0.16018590587685225
0.18277764643171918	0.16176807242251992	0.14102150387900173	0.182117670215023	0.1775173840804972
0.1427681414030015	0.18403992444745665	0.1594612745195014	0.18116955050619832	0.18701191279938156
0.12915156967409877	0.17028781968906495	0.14367134130399536	0.15110709648874887	0.19511857227734017
0.16374246728634753	0.16525032106065007	0.15005848048144552	0.13369373415429694	0.13493733652654896
0.16659519697991965	0.12178535951405513	0.18573447632674167	0.12050653577898776	0.1049940726530041
0.14427644328430597	0.1760494668651922	0.15110624474064746	0.14157413884860498	0.13925416690505132
0.12264023511746575	0.15384879412710695	0.13758356836794344	0.19772775379798485	0.15974654973817667
0.10492648129915179	0.13310535379886684	0.11042527315111705	0.1479873374654442	0.13795788300615958
0.14944920940677833	0.15761645047494846	0.11053592930662967	0.11003366056883894	0.09374488558384184
0.15448260643547315	0.13941279368646742	0.12528820524587742	0.11131210441220228	0.14094750533958025
0.12022038705182178	0.10928771662910411	0.1367879134490361	0.11353468784913034	0.1692246689497055
0.12307966130118761	0.10774296634097402	0.10972927783836701	0.11093857792867785	0.12127912261474924
0.15211878621053163	0.14886507042622157	0.12697330541815782	0.11135378499106324	0.10605421930648279
0.1360386520517893	0.1278663195853133	0.1099482919372379	0.13427453574152062	0.11196827824188937
0.14134570809204813	0.14569932067236968	0.1302123963687696	0.09837418881430594	0.1025325387903488
0.15019925891620906	0.07693965869758562	0.08397734980558307	0.13905200219109076	0.08904994322664969
0.07867543750202435	0.0783566560649034	0.11230298235108353	0.06824071905944239	0.13140073877247682
0.14627255111951207	0.08536509646076117	0.1272872139591827	0.10449325345968889	0.11382937458316279
0.07980509338154546	0.13892857469555425	0.11905027373538812	0.12321076542822298	0.12443500280651423
0.11565230152344944	0.06776781652738706	0.1262762667184084	0.11485630531994676	0.10919920507713128
0.1255325777589302	0.09620316606140902	0.14341214920035794	0.12097906509534014	0.08796260170562864
0.094696801156609	0.12096579955980458	0.1369161869265379	0.1259323506595203	0.10208589670387308
0.10791393608546891	0.10322774261359888	0.10882146047378449	0.12676619218900595	0.12067039372716887
0.047005490174028275	0.08723106526407508	0.07095899546747625	0.10173544014733173	0.12156628667862034
0.09378608059745812	0.10801859778811224	0.07643313310257857	0.09363909091228707	0.1195651926304963
0.0655706593868437	0.10442482307086104	0.1436182614541836	0.10195238132216157	0.08564336681922183
0.07570668487834455	0.08495776333043036	0.10309137145314859	0.05455834289804387	0.07802670878663853
0.11163612838924922	0.10300914177572602	0.08675035513951436	0.08397214791747062	0.1327587093350458
0.08660235346873617	0.057668382827435194	0.09619772547132557	0.07318957387834688	0.07973533575228967
0.08364112759988379	0.12054532811847009	0.11943638931605004	0.03916441901163311	0.14938559810293064
0.09387452718570789	0.08953851519632115	0.11842678316155357	0.0692268996081824	0.10600811941464218
0.06156999655998039	0.08108479856551228	0.11982333548719737	0.08456642018380912	0.07014322543584088
0.129989753923253	0.11452609354682133	0.0717404625046294	0.04973422567469731	0.07949872667757005
0.10696566764657302	0.07082921170049547	0.12211051491594738	0.09779678916487936	0.0744764395210128
0.08847715886931513	0.11630913610802246	0.05348437030695536	0.07498750181780407	0.060553045715561096
0.06905758859491122	0.04931726026676893	0.09295455828389294	0.03539968966831861	0.06310829698584511
0.04875561075823546	0.04902886510229866	0.07779597934949148	0.10075496784597862	0.05029975339539651
0.06858699155018501	0.06633933849436258	0.03612016281785749	0.08247890884345561	0.08214637434823063
0.07021300810561872	0.0898010701567829	0.06586909110384988	0.04342863850743479	0.04213342920298685
0.07016625136052236	0.09646175458496288	0.07784137110106117	0.06284883910190428	0.051055202899050627
0.10812368988510297	0.03914072607047934	0.09432238393443952	0.07241625153401554	0.09518820319979387
0.05785669267760103	0.07928924687860464	0.0874183541550864	0.09083126107577558	0.07311548299425571
0.05892898119659654	0.10812662788917195	0.0633902198959957	0.07091473791199104	0.07496388468779734
0.10571306947070297	0.07547520289578526	0.04458932035798098	0.03378585621305673	0.08426231747444442
0.08573484396871983	0.07799585489053767	0.058586378773726105	0.0712606067918048	0.09876098959050207
0.02850569443294387	0.10199443727830974	0.06392121448360262	0.0703259403267007	0.06692752349166055
0.061813742661250094	0.03926588197029799	0.08339857278586356	0.09794470630256741	0.08640858985789059
0.08950730378088873	0.08579832481414368	0.0604725937529574	0.0625699443590675	0.07944880708634273
0.08119100260677889	0.08748556304564725	0.04118325502238974	0.03097489418688401	0.03566318266397195
0.09556569546738065	0.055147207759676006	0.06614325512141858	0.12244036494259265	0.12579541511684875
0.0845681970326276	0.10060408374554829	0.0772732317919635	0.008057965030714237	0.04562323098586836
0.08197915935626177	0.07236032267284748	0.07186237870102341	0.04966291912387218	0.08466174865317785
0.032497032763846564	0.07550726650350686	0.06245396858100154	0.0407041320890139	0.035718945021373794
0.06435723097919999	0.061005296574319814	0.08364413984381865	0.05400502479573825	0.03688002373618782
0.054978115286331036	0.03399974142420229	0.056374155927944945	0.11596750072855815	0.026180960033285523
0.0738993240011369	0.07188060799393488	0.05600230363636492	0.11003174538284552	0.04466018467097149
0.05510938529786255	0.05737384068668963	0.0658021226269666	0.057365960900318605	0.08388076996439967
0.08076452019638816	0.041764757078292795	0.02740594203486166	0.05277211114920417	0.06539240462410309
0.06631079504411432	0.07986132973286186	0.026329421366814956	0.05944506188989343	0.0948984406999397
0.03972094615844463	0.037917704848809394	0.05221658257582354	0.0681327319191535	0.006121840483812887
0.10135477312620539	0.030215659080471968	0.04516846639772774	0.04934311571912785	0.065505073198725
0.06177004988379761	0.07068614844180417	0.04310536087762785	0.05028987916585941	0.05480103990990421
0.06560883830103736	0.1023878553137406	0.03807217899161812	0.05690960817133759	0.08164666263644914
0.0708381714453421	0.06879056324697062	0.049952256901475464	0.07874446555669434	0.056605559692175775
0.08081386536307067	0.05972870641984526	0.039174617240216564	0.07337351234503138	0.05252170891339796
0.05278777367970972	0.05191428557364016	0.09059278112640631	0.08392457977222537	0.058266147062141976
0.02211873111562259	0.11278528820985324	0.03442435824070368	0.06969409747105089	0.08418462381834468
0.039921895969885546	0.07406281601156389	0.03227160408889859	0.04298561686898849	0.08019746611876788
0.04935887779478031	0.046673893048349	0.05108831630603096	0.0724785131919167	0.08220615552981769
0.09133650093784201	0.06236692341022381	0.06889020489504433	0.0585033439978257	0.08139438364278535
0.040545548201334	0.08086790701606837	0.05916671776136878	0.046533681600678015	0.04441301642166525
0.033279464820997876	0.0924466686333646	0.03218216678935261	0.03322440269806994	0.062195001115817605
0.07872329057984186	0.04963670010793726	0.08745287773453601	0.06261825689738056	0.054905354906069084
0.04797307005591819	0.06285489367881955	0.09907643006434125	0.06075943438231325	0.052606378565897075
0.10239496434018684	0.05936108750444465	0.0327942445418723	0.05326508547149089	0.05901636748170941
0.072021015702848	0.07136951323640017	0.06925506247532205	0.0592410663031998	0.06997201483085723
0.04177095531061849	0.08002153229206137	0.04814753966802469	0.05592538429435401	0.0591031666475153
0.06550816488912552	0.04679398824169134	0.08135932893653317	0.06162126418072934	0.06298752793705453
0.03598225283324687	0.05294632944189001	0.073095293707476	0.022784814562534044	0.07949187041334745
0.05012875584656387	0.04206014308572991	0.040812611634664084	0.06028455510814795	0.04484855127956077
0.09337377681343152	0.06396361711264592	0.03965861019347234	0.06881266985566163	0.08536935036714881
0.065186544993729	0.06789987542820536	0.02020465198337347	0.05956718667329283	0.06896192976694288
0.060324961395835375	0.06506381473077005	0.03988096659749445	0.08142202065930441	0.04695523895151167
0.021306760596422596	0.06350789645427031	0.05693608085124936	0.07217580898362853	0.06527824983789544
0.05563541546828682	0.06571060537992064	0.06396387895045233	0.04312821300528023	0.056689186882064715
0.05267292230746011	0.10287528772984236	0.03162542895549065	0.06209854088086745	0.03760300498738644
0.05739900164154052	0.03389725811713241	0.04938683863532236	0.04629756830680724	0.07455704077993816
0.06747952270979361	0.055665415509004564	0.04898242003640668	0.07656998456911855	0.027544493199833302
0.09900385370206122	0.033031636930121504	0.02871286805810261	0.06202215455684007	0.03621402044273915
0.03664559352301122	0.06740375361465674	0.015318300187042812	0.03842599280239414	0.04547044287705381
0.08008948670984753	0.06967313644355694	0.0657842100389825	0.04396974445443715	0.08756842929973208
0.07064383352762806	0.06968190588222885	0.06035528153183087	0.10569052430249856	0.05418195293800283
0.051602458836736656	0.08282226620406657	0.0853998017574697	0.09468215921453231	0.05960515472885086
0.0384132353587397	0.06688970588958787	0.04185540927013716	0.08249443393608312	0.09486467839307672
0.04233404614715924	0.04627203490235045	0.063422173070175	0.061097655314495375	0.055286505498013144
0.059519005859727483	0.09192225204648985	0.039988522440308004	0.057728146173617684	0.054825716645036
0.07977086353973736	0.08445372036338479	0.08649885764218603	0.028697518376028394	0.0194008890106033
0.051677130071387856	0.06629039699630052	0.08639343927650961	0.06039227315273956	0.06921916075303348
0.07096805821520026	0.07269237024743662	0.07942917838034753	0.0845826476609318	0.05280179613951791
0.04342431599452756	0.0984724211119607	0.07379981761986858	0.0837980932037834	0.08074553271779741
0.0599844782545854	0.02335429712243993	0.08501083032067956	0.029960114068519506	0.07451614453081468
0.06652607421069628	0.06931501839341662	0.07693439272007986	0.06384044294924728	0.060867185022106654
0.05218870653932149	0.05063485167542526	0.061969100924831794	0.07469108112356419	0.08534928176374992
0.08277841628531293	0.048828281070399895	0.05491505289648456	0.03669320727093725	0.053500373140543095
0.05549525907368005	0.05400437509508747	0.044309433857441884	0.06234538329860949	0.06542019921772418
0.0802615474912037	0.08802058094239462	0.06757804804866856	0.04372205944724902	0.05711232900108628
0.03671083003894317	0.017615795978225487	0.002979869183468495	0.009155468602462217	0.0566846661349011
0.0883895914012965	0.06461959914124871	0.08183352198453848	0.04668172950288077	0.030875692751151602
0.08936497691320193	0.07951720779932692	0.052885931944799486	0.08573267162025636	0.06539753745301496
0.04913310440544698	0.05888103324395057	0.07372088000193817	0.07408572623066347	0.03517572921206638
0.06767261695355725	0.09141853196659644	0.09766708019574018	0.06803544893426766	0.06438373969327515
0.03934967099955904	0.09971675165022048	0.0719298325227573	0.04024220261593124	0.06501740125421343
0.0668640194126673	0.052068917834426603	0.06612670989332428	0.07498460002008442	0.09427648518515917
0.05320202736355808	0.05753119100425138	0.06293990739243292	0.09823329920172305	0.06337256184939294
0.09682103752764876	0.05898648503833249	0.06056281042840919	0.03993765273813399	0.06931493743882484
0.0731170651752199	0.07625450369958234	0.06687801173652962	0.09364781858243207	0.06300132915042864
0.0810339276124364	0.06905421538031305	0.07450841754347667	0.05158215701887332	0.04809556997970847
0.039147878977467514	0.05089007258980881	0.07131895333639425	0.08463679212328758	0.10221935694337458
0.10289845750575496	0.08842415813878915	0.0605654832211842	0.08094625002387149	0.07301055660575699
0.08037401147734968	0.06206257447390711	0.06843381352823136	0.09255609487360845	0.11957955302144735
0.07357748298000787	0.0641805055528614	0.0764239608006077	0.09596279766755343	0.046113244671507625
0.08277535553225628	0.0692587007167722	0.0653238223792929	0.0706313049615216	0.10225807553883776
0.08600481432822664	0.07945663759238511	0.06088761950555213	0.040905670544646444	0.07134537441268568
0.07925278412324487	0.07672847477818684	0.03468742384911582	0.07852054661356318	0.07798326958284174
0.10033329676750813	0.044281901718466396	0.062277887554725915	0.10496759325681627	0.09018532703160305
0.08759474060343284	0.0969519352811248	0.09357139950670858	0.07916647424983093	0.09194889849650056
0.037977221751940356	0.0665393882368109	0.11315312431969904	0.06572536244612472	0.03231456249523699
0.06605175830819061	0.07032656499114343	0.05754570139894237	0.09195503603004114	0.08727920114467949
0.0631244607852896	0.07262506018661778	0.0708920548210857	0.0920928362873884	0.05357988721588729
0.0396617565439767	0.0825251178404933	0.10545647450671872	0.08695424033869145	0.0969684402894872
0.06321441282813764	0.09112494862970767	0.05603665787409949	0.10178657270817175	0.060384839362820665
0.11410837596507996	0.10029693012377432	0.08489730197605587	0.10240749223971297	0.04590153623996866
0.09209576518843213	0.0939816265576293	0.08827948602826968	0.08012941812740054	0.07042832287624537
0.07453778446057982	0.09968867641528514	0.049219034936577095	0.08015647779499012	0.08125076854145147
0.10462667820893902	0.08734707143433958	0.07411039320099326	0.09243437281940856	0.08773452866488925
0.08842743734412921	0.09256853540570074	0.11420559842488412	0.1134737444055178	0.10775606027977025
0.0888195219440428	0.1207161004385462	0.07346265049022724	0.12336739987354897	0.07643789250992784
0.046330633562366594	0.09319566861894295	0.07014199042833172	0.09874553190349236	0.06835673389959442
0.09029185818907874	0.05567830973693282	0.08187057559804288	0.057858081098329406	0.079803295799076
0.06803366287137043	0.039685936287387674	0.09302785944950148	0.08630200378994679	0.12339111579836842
0.06646055605088431	0.08668990228462051	0.10296554247615385	0.09743921652863316	0.08214697673723542
0.10559444972887316	0.0977470292202902	0.0906795900351513	0.11391714125667643	0.08543123891494141
0.10931361074365309	0.07749642748237619	0.10719012356283805	0.11966819168345862	0.07517941268884072
0.06920246045645877	0.09839559474906061	0.13615137396456398	0.09152995688633395	0.05731824095724344
0.10635506674268676	0.05570222124786231	0.1018760786791232	0.08749620697819016	0.10557349208702871
0.09464956466979323	0.10856962258555027	0.05968211447454096	0.07367766775049331	0.11617641148125682
0.08155766071130208	0.13489243230649722	0.11138053325855486	0.07916963698381553	0.07323386697375633
0.13150290082816682	0.0887826508317297	0.08442728410661275	0.12353715050291557	0.11229906620187095
0.08106387918581529	0.11955666575362921	0.13262450233976208	0.11138494434756777	0.1053474558201059
0.06741532586961797	0.09463567302296923	0.12211356749939428	0.09748824291647407	0.118902726596254
0.07659497302210014	0.11419876046548388	0.0883233557268506	0.07724163279726212	0.10498707282630106
0.08290256895921044	0.14856635375988528	0.09413259934834559	0.08907506701322332	0.11672240217765485
0.15645392211358308	0.15752134993810138	0.13139444629060976	0.08582267907069423	0.0829812415201925
0.15289924642966124	0.12209516597521239	0.15230067526861482	0.09717207906058009	0.14977427061559132
0.07038628613586265	0.10594898431445213	0.08750389519316004	0.13965291563505952	0.11641299687801065
0.09540466600847636	0.1774355038281123	0.07215925896225128	0.09648437919042617	0.09338521621629112
0.11447633437482664	0.1355363649598212	0.12207679915801616	0.11106356473956748	0.0895497663472252
0.11370238494384698	0.10438461903836459	0.11286328742130532	0.11863595104819936	0.12376626606629686
0.11674139131687919	0.09292940585724975	0.14607216204817863	0.060461347148173916	0.08365877651914029
0.09747940737796348	0.11306824364084742	0.12441347993354486	0.09909335223841537	0.11375439748028382
0.112012673286017	0.14623778388102712	0.1317368241959395	0.140278359740292	0.1431840481195994
0.11831741422739556	0.13767076066858763	0.14740950138952585	0.14991928513820482	0.08615207028543535
0.1033050743856201	0.13558897298675432	0.13460213886830524	0.13716911411883073	0.16214352315354483
0.12904366755090071	0.15112307574768397	0.12272549218579905	0.1013256296680942	0.17556289816319148
0.15041365259757505	0.13012098200155944	0.1700338685702734	0.15288429427915867	0.1747458283719798
0.13335609461019063	0.15808576265988364	0.14619382574887255	0.1431935102645413	0.1817889549807271
0.1629036669417674	0.1585067871877257	0.1412006209366154	0.12975782413745188	0.1709272752352325
0.13900371566118996	0.1457549384209093	0.14846998493808553	0.1541976222988541	0.13483256741032454
0.18020995057370975	0.12294864500177848	0.16875746654477805	0.12405816785258438	0.13988604284144546
0.17218836212754943	0.1432433523920116	0.16697955625084018	0.14623870931179242	0.14495117685873873
0.20611492510831766	0.12734868612091035	0.13663254782621023	0.14997581238225147	0.17104730007941438
0.15951378356467835	0.1659405457514201	0.20884569253920376	0.14631408571509696	0.17163260769347505
0.13478006438747525	0.15423973895197174	0.16762392141622948	0.19807704380747004	0.14690863124731468
0.2165350801939965	0.18594626207573903	0.19120423529032812	0.20666791791571829	0.16519165836825214
0.18650905419833616	0.21735412071119126	0.17672721480462444	0.17374707972931172	0.23590582802103324
0.2244100811793579	0.1863717706278548	0.21439693372281043	0.21814876957178142	0.18710549915678112
0.21723157174216096	0.16495312095576695	0.1861493568394631	0.17530761750806545	0.19811204221301135
0.21309905684059602	0.21998472959736962	0.24615335975779626	0.16165346824229054	0.20822451263151406
0.1741152180767174	0.21366542602079064	0.19494423294655244	0.23482115765885472	0.1854146925112679
0.1772860033053647	0.19653424490554183	0.18202718231472317	0.2452227807559187	0.21953815515697625
0.21498448680772222	0.21578986616361723	0.22533098122785938	0.20653835992689742	0.21542238388337073
0.2029693135574489	0.20717501577083888	0.24185816043836234	0.24390126570333	0.19551002151331304
0.2134142109011625	0.2297430315129351	0.27307510573546123	0.24101051343121435	0.2356490482121849
0.22095501838275647	0.21053639268607235	0.2851126256384149	0.25027594851750595	0.23406073595805502
0.23685369851480395	0.22082907184242873	0.20301347777285886	0.21542847997020437	0.21107149816893367
0.2161506590721511	0.2723045869504744	0.257835489114317	0.259417450006675	0.28866708822966314
0.2437779581642183	0.2510905686370568	0.2640941748518814	0.25525370821384524	0.24010804247690629
0.23454780785599666	0.23888292603905045	0.27493943629128975	0.26944988701745237	0.2522867053417625
0.29785804215348133	0.2757549233445919	0.2776078701479289	0.2783533430754208	0.291220286143086
0.2965676317722203	0.2719059764521364	0.26078077097062097	0.28092601843254406	0.3028901368117339
0.24284170318425996	0.31450031468259054	0.28910699008407437	0.29613388200802854	0.29268830170068333
0.2805970698097422	0.2674928993124331	0.30459545030971774	0.31688770544207057	0.30076935993025317
0.34192899069298355	0.32800014648997233	0.3182511960330282	0.38643170037728936	0.284231453860848
0.28741544335439284	0.2784875126724635	0.3103529828319107	0.3264244618051635	0.3403117067174755
0.3146200420675531	0.3210283248306484	0.35004013833692366	0.38029476934426226	0.339482647941486
0.348690986902248	0.3374977553065507	0.37957261342438686	0.38434117022973807	0.35520619665740233
0.35316063645154555	0.3799739547798335	0.37115269532723394	0.36110778325370063	0.39167892096579876
0.36391894629225385	0.36662495048753185	0.3951068802700455	0.3813777621219841	0.40342333270162395
0.3820763478710148	0.3701240138919794	0.3752925714480123	0.41722347848875757	0.41609334156548267
0.45132751286790135	0.41759455655553257	0.4095121822301898	0.4190249085398017	0.4063687425748896
0.4257712557992082	0.40948417216502275	0.4106749871665246	0.4233291467742037	0.4164490282877125
0.4212902160552371	0.43960639366990023	0.4484358917728991	0.476836016963946	0.4589744491648429
0.44834078207453293	0.44238974612061366	0.47575308955422907	0.45918838002734985	0.4716119302256891
0.4908849682003084	0.4570799565623704	0.4900471112334482	0.46374541870345065	0.4701091857977768
0.5234133921218799	0.5334790422626681	0.5027007280795786	0.51202389896142	0.5228982515289174
0.5077004488617012	0.5041139955229311	0.5079025620136923	0.53116964323579	0.5427164368301529
0.5276690116367073	0.5287706545924035	0.5443367617319789	0.5484945477698593	0.5531348174787021
0.5861200864362404	0.5538014375835572	0.5566099860552325	0.5704064274060962	0.584531705789704
0.6050721378044238	0.588421294429881	0.5777669394111211	0.6227089092329277	0.6356368102896088
0.6309520739763348	0.6342578810161795	0.6360982225371489	0.6485076539165638	0.6483451439200889
0.6797447008483661	0.6911132931988655	0.6673306760277833	0.6883189982553062	0.7095924439113018
0.7055632761697993	0.6717656656167195	0.7491801974487806	0.709048307654066	0.702391625359797
0.7373623649872709	0.7646649451225994	0.7733087557225448	0.7583878077425059	0.7703492303571113
0.7881749284107691	0.8155061529454779	0.7749647914139497	0.756250423990844	0.8154947502994143
0.8112261822794983	0.7990030800076802	0.8116843059907151	0.8076862847436305	0.897655407908754
0.8537603994582298	0.8755147630648479	0.8389605631943131	0.8719000768309735	0.8848607748415204
0.8734888546441189	0.9254808215450968	0.872590270119955	0.9654588803937622	0.942687042845953
0.9936735292762873	1.0026187293558273	0.9698591746623795	0.9972572553912216	1.0270141427213295
1.077482652338126	1.0093804409730027	0.986239677635635	1.0631779365971818	1.0355693855837378
1.064378783772738	1.0830177670590424	1.0349710675259294	1.0936053883935282	1.1060451028027372
1.0869093797073373	1.1314509582714398	1.1440902629580862	1.1234539883905736	1.132813780280477
1.1800244510179683	1.2278270491822219	1.1739796653180843	1.2593046303170778	1.2268330105210163
1.2815350871793882	1.241073138701028	1.2484977120775254	1.255385976006915	1.345752445917997
1.344174410150431	1.3395944769812247	1.3558359664785382	1.344013615246753	1.3727118743433755
1.4006037425049773	1.3902868014476857	1.4341135114026045	1.4294488845604638	1.4456250787296485
1.4720716655468693	1.4818286442826198	1.5223493694316517	1.534734190474131	1.5372886515996618
1.55010341059862	1.5910600317645716	1.5727834080305012	1.6531144838690237	1.6554139462239066
1.6257262314685716	1.6228092834957313	1.6797446364482662	1.6968461404822626	1.743800493303297
1.7159726664881314	1.7431658305422628	1.7338110017993784	1.791949856423463	1.7645686564324596
1.8450219645687	1.8342376576470023	1.83465445252703	1.88257523953046	1.8974948323233205
1.8966663773090178	1.9370349504399187	1.9696152515297793	1.9938888114762778	1.9985059413807833
1.9985193631739298	2.026383952909807	2.0383103934615345	2.051489244663442	2.033736519019105
2.113362634687471	2.082489205162863	2.1211273337829657	2.1225911901297	2.088090589507546
2.1746478852684046	2.1950790576890307	2.205505083625385	2.1932384060846144	2.209325181266028
2.2481817871195795	2.2394837916978583	2.2353522240361117	2.2633088920208797	2.260935203725454
2.30399174281352	2.330147238365578	2.33543655241981	2.323943873722516	2.356234115696706
2.324474542557187	2.351712198762152	2.3846764198209485	2.3792742343137228	2.4096695524546723
2.3786660541015503	2.4195876617716268	2.4287063897825516	2.4653286436454067	2.406197627971341
2.441981255432554	2.3985097637665684	2.4010900835354043	2.412493292819338	2.470088019158822
2.4699433759131155	2.4942394002570127	2.439762144367782	2.4137555408257634	2.433577688024082
2.424277265256049	2.4103090960491484	2.4647141945806674	2.436074677692409	2.3950347937481222
2.444680851948556	2.3925920705415114	2.385358368870532	2.4459783454947632	2.406129178413413
2.3914627324345648	2.4033058335559403	2.3694909086750195	2.361664882921694	2.3702921084514093
2.329959120596856	2.296362558817892	2.357477224979001	2.3036836496233275	2.3204131500027754
2.285283590100716	2.2907666320935243	2.271999830347181	2.2578029075076924	2.270937618388441
2.206806210530676	2.174642929813511	2.1953330230023322	2.189425137964804	2.182393164087943
2.164886280507517	2.1573113845713623	2.1405672568388705	2.1049017866114696	2.0801712249214988
2.0860737990932265	2.048152014431353	2.0233003560352123	2.0474168477847803	2.0045682452534628
1.9714818275525001	1.9959723716841646	1.9385856900981693	1.8681797352130958	1.9346411814999116
1.9295871158019289	1.867668594524379	1.860679876775714	1.8610713124172438	1.8235152678997428
1.8034366221576281	1.8126353665025405	1.809568053663789	1.7561052862598012	1.7354387348135787
1.7315642475974329	1.6979308668202926	1.6778608268844828	1.6750517388330621	1.645800925734331
1.5891693093620811	1.6175666382668537	1.5942840870645516	1.595663565025881	1.5580816334040892
1.5586506963068536	1.5484674214393277	1.5142996055849722	1.4849797593369782	1.4714260225298494
1.4606811964052744	1.4689040306099939	1.3948036058965319	1.432580067289841	1.3950382353591047
1.3642404937132573	1.383410514016484	1.3662188254738934	1.3204528260266286	1.3306423888957903
1.291113492743029	1.3046290267096312	1.3027660060446813	1.2401217799092081	1.231300281087936
1.24673036063425	1.2202704865334666	1.218138086083078	1.2243589733616445	1.1937099430883782
1.1628840818174093	1.1484252365070178	1.134404973851313	1.1207043166325619	1.1580448632427431
1.107610876010269	1.128436360914349	1.0975685863190352	1.1034548815946235	1.050040505262987
1.0483726581471269	1.02052680809671	1.0253587443476258	1.0283466039460487	0.9988485117422123
0.9778635253075948	0.9758878957880213	0.9684697178931024	0.9572363730039868	0.946369190804191
0.9352252321575459	0.8941765091486241	0.8771748245677339	0.9508620923812471	0.8633422155983312
0.9173913467051547	0.8740244278297508	0.862664039689369	0.8445348765672129	0.8127394470211337
0.842250473009014	0.8652784823194988	0.8290902237476894	0.8385781865163094	0.8044447068056984
0.8108058208153998	0.8247999389810731	0.780857205472136	0.7785815039785247	0.7804814907220007
0.7401424298762747	0.7518388034884183	0.7137881303283206	0.744712778393235	0.717781044984169
0.7021367327155836	0.7034900133851364	0.7151399742346612	0.6913330865143119	0.7097973093046596
0.6677242350199456	0.6468780862244485	0.668249510369204	0.6589338670035196	0.6866066208461915
0.6384428527492854	0.6668053621236635	0.6344301862259664	0.61700902485078	0.6329115546090983
0.6270532907516807	0.6232239084802169	0.5740786932292612	0.5925327154599989	0.622553881092269
0.6054771054094596	0.6123964383151339	0.5851429078908331	0.5594366115122897	0.6064364514545496
0.5809420398301343	0.563763321240072	0.5613245057010328	0.5591594602830473	0.549050761390755
0.5670322814132474	0.5216519041620933	0.5135457647494904	0.5225036330513076	0.5474813437960399
0.48796135071784424	0.5050942706950963	0.49292769380889867	0.48202139012680983	0.48451534475736546
0.5073854705412186	0.5088540050358574	0.4756338922564856	0.47217807540823126	0.48350115588572606
0.44972475704412224	0.5029559129092692	0.46672819644118574	0.44580558682826993	0.4513512362247157
0.4783442986956163	0.4684449211373352	0.4647924263994224	0.4660017429444958	0.43467337497850833
0.4149156381143742	0.40287474970543324	0.40116851815808174	0.39800236851279636	0.41462836827158517
0.40125048464150836	0.39018476286130616	0.4010116828022659	0.39915788407301656	0.42794846115613966
0.41035206354834036	0.36472602079416044	0.3851909505261385	0.3990322287856363	0.3615226272344892
0.37345084816943397	0.3308927317534681	0.35630605863461684	0.4005049530115167	0.39141168520276554
0.38737303442505333	0.344586391397435	0.3515187207803088	0.3470053253356805	0.38385710621002067
0.35906128632506484	0.3269628848703506	0.3698154576267522	0.3427156674775846	0.33182756815509096
0.3264615415498551	0.3808217433222591	0.3508997207165426	0.3140615815623409	0.3428735788129395
0.30224651479516373	0.33809773913474445	0.31323207531902975	0.30019315646219863	0.33356590445779155
0.32331468452941053	0.32186436722285006	0.2863876288295717	0.3235748500626102	0.31042758112105817
0.2605442634782211	0.2883239246898942	0.27923978378700565	0.323639647724062	0.29894544797120487
0.31775054631401417	0.2847057423565422	0.3088357656833967	0.2899303196216037	0.2820491869850818
0.2559821468422323	0.2719653683094335	0.26710717420008356	0.2822858274025179	0.3190735827688906
0.28258509110478053	0.2626936892782429	0.2519802322925828	0.2820844962290704	0.23624179903023057
0.2759104698514083	0.27499601308744465	0.21435595431841561	0.2297561435189133	0.24730569476378028
0.24154328524591906	0.27177606776131075	0.24817185098406574	0.24679556494521573	0.23715201971990787
0.25415692582642463	0.28719667164250917	0.25193482084279517	0.2327247775317881	0.23806870727568935
0.24448256012916483	0.2535016893885854	0.23204085026969481	0.26584465055993173	0.18885883209825216
0.2127252125394944	0.19861346259311852	0.2371455286573055	0.21904296165661055	0.2200006098857839
0.231526088101819	0.23820231395204902	0.23294077714438982	0.20877193520269866	0.1957755333313856
0.22855750158251953	0.18929725709103218	0.2428025639489362	0.19991246399910334	0.19892814601808123
0.21626482637124844	0.18672713814715708	0.23022568533445392	0.17679248550708332	0.20668801190776087
0.1821922301443677	0.213544888184464	0.2334836377069053	0.20786602923251818	0.17740321039076035
0.15292381995960883	0.21955746603552448	0.17896851735224895	0.18297232205484412	0.16802916189288422
0.21071761220123778	0.21193165511484463	0.185233730324358	0.1471353163000039	0.20163206812231502
0.14815780489329938	0.194775413221952	0.20921257075394759	0.191201788768852	0.1861445646580786
0.1529869926866787	0.1922883955964858	0.1841243085686789	0.14419832167072613	0.1474949401776981
0.14660735921072793	0.1360530907646904	0.1722747007144045	0.19121815581974067	0.13249518599051632
0.20614222803359286	0.18247013009659652	0.19544923267196032	0.16722579946096272	0.16896853305608392
0.18766561895495912	0.13903029045788703	0.14839847086377447	0.2020049205692631	0.18747974619595145
0.170851131844611	0.15358305634438782	0.15571616657883414	0.1392196451998997	0.1253192484190758
0.1361828231137076	0.17613069659157016	0.13519228998300564	0.18055227425795828	0.1559432984301355
0.16503295489277492	0.17986202333493728	0.16641624619277756	0.15318564142010843	0.1550818857083717
0.1915328145118433	0.14819887305822455	0.18125625243569735	0.18280497346753116	0.1475824790259158
0.159449378510596	0.1718764247325025	0.11290478434401093	0.13839937549013112	0.1319417992405559
0.1548568297923974	0.1319918999695203	0.16237901397534135	0.16784900934238187	0.14204919444246972
0.1522981373908572	0.14179126840777448	0.15956756415559942	0.13037862100289765	0.14587308064876348
0.11431638882108201	0.12391907419093942	0.09791909838309314	0.1413773657564105	0.12170046417096914
0.08331034134573626	0.1038811230615276	0.1280358431921797	0.11977386382377384	0.17383858559462254
0.08896038189130871	0.1319982703404165	0.14272127606195345	0.12451323895039794	0.13417262952793405
0.10780608329368921	0.09400854289282709	0.11529424837398866	0.11158803904188874	0.1171472327821789
0.10220692067704494	0.16070713359958766	0.12404151647844998	0.147832367378637	0.11453867885115973
0.16147118887586176	0.09234044561785064	0.13834210389650042	0.08796502947044918	0.11730977750207564
0.11245261127900076	0.09560605957145311	0.11876852398373428	0.10023738672917995	0.13998291506694935
0.1545708676619252	0.10865843473108577	0.10478583073899728	0.08253518709361793	0.12241440384895907
0.11264184733390886	0.13135913909282246	0.1155521796336298	0.1129256700356543	0.1703843363231766
0.11904336392493549	0.1021582556118536	0.08336018527573164	0.1067442117242787	0.09841168155882675
0.10371249273045928	0.09652612901014206	0.11445478430164661	0.09696502593259702	0.06439112810517447
0.06817778944196301	0.10279911886253826	0.11200640119515813	0.15020100265529324	0.09193621077268677
0.08270732506838473	0.09719013450946465	0.09764695260007893	0.08752069962247495	0.08418699050958298
0.10540306420970948	0.10519302057735033	0.09321518492744155	0.10016841828512003	0.09012884478152301
0.09602645270938222	0.10099918942258142	0.11281614444527414	0.11219791570899282	0.11995037453069876
0.07411426258776244	0.1283842042882262	0.08534131108698083	0.08279229350561869	0.07457693208751293
0.11358378275715292	0.11156762640123133	0.09649796338159466	0.055042738758476595	0.09855524984152525
0.05920742587660154	0.09758873636611386	0.07935613798714786	0.09007197420997652	0.11552558949030275
0.06246393504316006	0.06986789027633517	0.11723993157897927	0.06460705827781436	0.08479180273004389
0.08744519590064981	0.05309440593142648	0.06238775483890345	0.06954470445648724	0.10932971687133408
0.07378029328781617	0.10533112778439953	0.06550915442872089	0.0654368524008698	0.08611755598397883
0.12357663981650827	0.1041351124291787	0.10710376799434304	0.05819934542644011	0.06984855143473145
0.09732630561402508	0.08800101521762896	0.09959908937569603	0.09152485083777138	0.07208810746977236
0.09250305507976214	0.08498576185315314	0.08658586881979144	0.1019767031970239	0.07120438535801646
0.10915076405323712	0.08346747991360959	0.05286745951917795	0.0511786267796963	0.07130453581207637
0.05686261337526799	0.0875287508143163	0.07941225319142875	0.059213654939827234	0.06464625513310471
0.04382880903060238	0.013333134214738595	0.07568817505491532	0.08419384823946927	0.08901250896496396
0.06232180723254427	0.03455034481441077	0.03604233223972828	0.08348056830606525	0.10958591698916918
0.053597256553629895	0.0575733405791649	0.035542612148228916	0.0715388987270121	0.05548415058676044
0.06725510014978965	0.07100220835282856	0.06883792465363844	0.08280445135847982	0.08693176316098429
0.07613270853179196	0.07683334898907694	0.05295638835793272	0.053252587446171736	0.06069884918962003
0.0939871629052487	-0.0026655465958972347	0.0691173105089793	0.024259393790128515	0.08097753416359248
0.03255085175270019	0.05254665259252981	0.0704335944491576	0.08211119299302638	0.09930282466049412
0.06305554380415859	0.06254557103709239	0.09762590846291813	0.060665806251742914	0.03691724873064211
0.07117871769782319	0.06838802675284127	0.08035687879069345	0.10113200371200956	0.06868179915565854
0.0441610355921652	0.05015355842342657	0.08181028409551967	0.08862663724081529	0.06454999282658332
0.049854096596745674	0.08411816331475212	0.0971215962129449	0.06407549670433701	0.05240841090161054
0.09302849359179871	0.07876274771550591	0.08488935299782092	0.03216620509499808	0.0479370673736604
0.04575666846478247	0.07636196284410031	0.07441354810544507	0.08355875890973659	0.03892619113720143
0.07044053349848353	0.08943782806926141	0.059505300134178964	0.04644773766695885	0.08879303412868005
0.0464449558279824	0.04593565042598552	0.05876949574259148	0.06875408677180582	0.05896054449212306
0.05571762192834223	0.056031714867309956	0.052418684087547136	0.06693288082725879	0.04461297965131352
0.09218042717131632	0.03286378100791737	0.06036177222210258	0.04188188300983782	0.050994806484164865
0.035542997224360974	0.0823075861547622	0.043585444530954434	0.06729674522051445	0.05100889022226876
0.06389974463959142	0.07710957072985153	0.042359025879014384	0.10435646247963953	0.06630923632714672
0.02989169088576538	0.06303152729662709	0.032299307072632136	0.04236893641783905	0.06899913898617695
0.05275653006535889	0.04644387158040243	0.07323087033063298	0.03751940352816038	0.03459204108323716
0.0454470103712392	0.06867704654511148	0.06231656214572878	0.0258466370773691	0.06632772843941914
0.051990941298778084	0.06428657411901943	0.03188558306700113	0.04421856354341563	0.06473320819812638
0.060530615579935346	0.08492134380160819	0.013470343604408287	0.06403341411948106	0.04841925803455341
0.05033886760499185	0.03313102771259137	0.04756368436920074	0.05366668734252816	0.04677178487221274
0.023393675029559143	0.03861890783246855	0.05350005783811988	0.028036391837395966	0.05281392052148784
0.0731936005862262	0.04807903016898282	0.0520305741235244	0.021717311780931413	0.06154596198252519
0.052135803668958966	0.02577525069729635	0.04407281702949798	0.06964374937518039	0.05870375849099209
0.0359419098759766	0.0702755599192501	0.046335701141576986	0.06453459553066673	0.07722564617719949
0.05687044814519475	0.07138515213507944	0.05388359548055736	0.04411186892534649	0.040912842078816916
0.013761743799940027	0.05936591165787658	0.06009348053861447	0.06939892945015487	0.02829650361976829
0.02703904862638254	0.06258630685277196	0.059315589253619815	0.05491532741401141	0.05848761376361059
0.09671097510234444	0.02730875387973842	0.00989445376500966	0.04222386398211685	0.02763047085183936
0.05002674693090371	0.06253568936476282	0.09204808341552626	0.07618046599031084	0.048339148884737275
0.015551913588087742	0.08294097443294396	0.04417265836102206	0.016330669785795608	0.04274120753177451
0.016263562451941573	0.045435635590152096	0.03897379732632161	0.035604960142758636	0.0583599078786923
0.02816775376958852	0.023332489082949173	0.042265423243761466	0.04590070977354621	0.013622009008491203
0.022154718406032142	0.0711954340342647	0.070256404454941	0.024827152199028105	0.0161102961198993
0.051870730681610064	0.021249331033404296	-0.006310929913835882	0.0028113190543760675	0.03988619157018855
0.05707187294924653	0.059348283016985935	0.047391415689047645	0.04038798154348028	0.05914988946346038
0.05695294544134571	0.03812497681311159	0.03467892952067817	0.08232500908554698	0.04716504499720351
0.05482563596378991	0.02451163802742608	0.0638389262807577	0.04294778777420345	0.06970029946229753
0.02364772564212913	0.032742818152808925	0.02515963744346829	0.028039183975379633	0.062201500012505524
0.05033836997640178	0.0499801885789819	0.04854986621867008	0.04563873708039879	0.03461640909738324
0.06229806482264294	0.02441245944466411	0.060983361218659014	0.07004652092084211	0.06705137698711602
0.061467174197826144	0.05210649066139301	0.0070384574720549434	0.038354544830895426	0.05121170101110276
0.03999217007394454	0.028069524961588207	0.03041992687926973	0.05513668599140715	0.05116021395740844
-0.02128272281944059	0.04670961926705957	0.08109920885943339	0.0206373766729707	0.04521458820180661
0.030539005537804968	0.007291117291320632	0.051049203335168	0.04387404821913764	0.013786844631339903
0.018792113934430837	0.06024580841149061	0.026952053579468997	0.0427323846303462	0.06975537362370793
0.015165468090565362	0.06691465635374212	0.06906328436540526	0.05977971601369848	-0.0012224347371550086
0.02003753198996637	-0.0013610759060847712	0.04085829722586592	0.009478736214069774	0.04464206048661029
0.049384879965717436	-0.0005192829061465348	0.04164808067268029	0.012670137193494323	0.0663491540951362
0.04215049997221586	0.03883729404899224	0.026740597319322403	0.025211386031956357	0.02121703915521467
0.040612835848236925	0.03234098378756455	0.029193771475243845	0.030265570830473414	0.032236641767951546
0.00037816602651387365	0.06546995613811009	0.005998640621379128	0.08085348361457013	0.032131938193794604
-0.0032433422484508777	0.0046903621363500675	0.01073623103110628	0.020705015866587243	0.032480579321324365
-0.004467695053384087	0.026965392470427542	0.04041996468667561	0.039063778132517074	0.07223643430961209
0.01704484839293422	0.014985616996006467	0.0050981532669858755	0.004140542783140742	0.03958158931610953
0.03740871647049216	0.025361852680677022	0.033002259491981295	0.06980762757700527	0.04620918974345766
0.061236825354113664	0.018680558418161942	0.017505215512361748	0.020022627801021032	0.05346362887773731
0.02974133223739591	0.026984073565808536	-0.013479029703480833	0.07076424542654287	0.028392292674056737
0.025810822773324242	0.03603154509555885	0.059175821850130345	0.007177181215282652	0.03049046812664457
0.07854046915485557	-0.00516621592318396	0.054110002002172225	0.05019305213249314	0.03452884169303208
0.05840711560595926	0.026019713707561763	0.016873764241744554	0.04090450668671283	0.02006284444182917
0.025448319099225025	0.06195313459077616	0.026555519249884713	-0.012117505903547968	0.03522177959751559
0.011188759326766818	-0.0012869927131097542	0.06269370880366074	0.023209725402551482	0.027460096754611776
0.04523802035299964	0.04094703653020526	0.04107015111738081	-0.020811464769294005	0.016483630661855916
0.038949260927589546	0.014086648878882817	-0.017677522798834933	0.00437702740197024	0.03133183364159804
0.03499008258386419	0.03791905296564208	0.03308204536836007	0.01929056033826189	0.039021843778319895
0.032432007581811605	0.03762544234588943	0.029213871323006613	0.0417482088056525	0.031125761875203176
0.038134661056680855	0.004168868475346579	0.040572069492700785	0.012219737999641458	0.015917542640387555
0.047757625120245416	0.008504278745318028	0.03400314602782993	0.03815921154612846	0.05379623884220444
0.06256603533862425	0.03699197453789065	0.021496329877373335	0.00015204462102277536	0.03358105437450035
0.04524898257265465	0.031828790708789405	0.029344325584952598	0.02360969805647369	-0.004588652907493157
0.03789477503256395	0.0317583605644725	0.05891227811079365	0.010652572694549715	0.005022324097636399
0.04202720359845335	0.012757317934927244	0.023161542275317703	0.022083957399893547	-0.0019485734779967224
0.00811246244256569	0.012277628138113944	0.009901409151020266	0.019615438772430462	0.05327978563496365
-0.007441079459460955	0.03625860126938982	0.05434782624802163	0.03095180246935074	0.05880351362038687
0.05169430477581031	0.055560216860772095	0.041278481894469116	0.018086018464739218	0.00864786220192352
0.01586863800663401	0.042645634963510676	0.04101889867266468	0.018756823520290532	0.051403564568359636
0.034888748980658295	0.004015026761761167	0.028471348733474858	0.019435178680406513	0.029956529910987916
-0.016966284341436932	0.04345284355894088	0.030301843056709115	0.0651786107873916	0.06579720506826521
0.03508079045457983	0.008631898971144405	0.011141814394500859	0.032145856767252935	-0.002628742705132528
0.04038286247927197	-0.003391426855383431	0.0050973217969788815	0.0033584831963018283	-0.00978561738223524
0.009135911974128242	0.026344304879476046	0.043489260243721406	-0.001721032813012736	0.040776767344674544
-0.026598405850874415	-0.004546777692900058	0.0214402143179286	0.029735705847286235	0.01387488847304011
0.04005509299455596	0.05592515678881156	0.05918719265307726	0.019349592060572046	0.033484056601993745
0.021132050310025404	0.029488892060411262	0.02074556323992151	0.026772477231481295	0.02223965700157941
0.022885406694997768	0.04619793057092815	0.0015386185398822182	0.007328935068634388	0.026996902460110533
0.007409584368388033	0.02627571141776409	-0.00021769109093464512	0.00913569869099385	0.023471042861238647
-0.01146276413073892	0.030247499500667515	0.004483103988953647	-0.01001789215746741	0.027019974044698258
0.014555015081828507	0.0020065894767455146	0.003991280163786137	0.03170241552538265	0.007272727122968803
0.04591340228293958	0.04860782631730181	0.014051124620044823	-0.04656675683239037	0.03817098318873235
0.02421601635560419	0.008730627830545517	0.017881322655072557	0.0277345682046637	0.05133145995749119
0.0024878171536724717	-0.010589085200106766	0.023447074728110466	-0.004104701185958479	0.02436336092464329
0.04029850659272504	0.037558976980499106	0.053007159523053654	0.06648049838213355	-0.009780058303067983
-0.02265472931269583	0.0018301805883676274	0.033881350099693924	0.017922483711838886	0.013806254262670053
0.033438756824084766	0.01315148500527371	0.0010521167750629171	0.03094204683188733	0.05301793818812728
0.03543631928041425	0.010412766972127112	-0.011309499314458685	0.04964690062569759	-0.015540264657569119
-0.013680593906392868	0.07422632385304243	0.023860459933514995	-0.006805088836720116	0.022188959486617612
0.02491458148768042	0.02407342509673234	0.046670425073472084	-0.006176742907399918	0.022141127071419544
0.004059179696857391	0.007120978297581438	0.042779809729909274	0.029320108681901644	0.015031849594168912
0.0193362928825416	0.030202693211681796	0.0048132234880171815	0.030118711940959452	0.10355473363826251
0.011219455373506165	0.043842683622153114	0.007651488969811276	-0.012831123683813325	0.07866119472511958
0.05287105524953445	0.017521804946028036	-0.018578134228358772	0.011487682014935042	0.02757606647380223
-0.008121279282360033	-0.014023397144795011	0.015730358959433432	0.06616021718269882	0.05055274670484658
-0.02535505163437973	0.03732242096498751	-0.007621044457858042	0.01794173959266798	0.0288152708077519
0.0071721603141669905	-0.03625136893183058	-0.028733240027501293	0.050275955383379735	0.021552225065664475
0.030856014033579748	0.036705777224724755	0.055795909579666736	0.0342158419060432	0.030676991374744375
0.02969777598905906	0.01845094848227578	0.02883278083473559	-0.027577518608909776	0.045240745494248655
0.027609967301981148	0.009931802918569918	-0.001871308330797696	-0.008973164743937202	-0.004057860098035136
0.05606707908557991	0.04048599824721145	0.05919413931350774	-0.0018978959889710012	0.025953904172225123
-0.007701146356794815	0.004609032293186944	-0.001883703797024992	0.025526395915317072	0.01785292901539375
0.05571065053114132	-0.019304117394932728	0.025479011048066637	0.007308453660651756	0.011513078264897236
0.044354733136562574	0.024040444527881358	0.0010804913863051878	0.04862467967957368	-0.013863669606128606
0.06455145693703186	0.0043291634352218885	0.030002855786127634	0.02526312036070023	0.027215619886633315
0.04932585613504642	0.03723108039851662	0.005488287224377289	0.03955086917789859	-0.01112897563280073
0.02916838739830719	0.00821326152106517	-0.03234571694578953	0.004356725700309201	0.006772021846925354
0.02518157247281781	-0.019254529281460674	0.02905282767273016	0.03307268596135501	-0.015144233064154716
0.04083671341322265	0.01951613936429052	0.03621653169271016	0.021087336125027584	0.02143482315708211
0.008754160819858478	0.024611767639402017	-0.008006347739685291	0.034999030132007725	0.018067068275827013
0.04365098403754391	0.0409454908528219	0.03499364950432314	0.05755491253494147	0.013588217489238521
0.03595786160504295	0.011350867941214995	0.0006711949619861296	0.017912593923249537	-0.012771970634565644
0.010476520534287338	0.02915112309573715	-0.004792461477526476	0.0038488462731765577	0.041492300051824506
-0.019975161426264647	-0.029238722239199058	0.04112914058359993	0.042268667369296964	0.0003918342870335911
0.010601097619397528	0.0013413984271728589	0.05075591205492197	0.04867807024623169	0.035152637292898255
-0.0015881874818931083	-0.015350853582671489	0.025121771383963855	0.01323951268059944	0.01637898240974127
-0.003959344531394713	-0.005268568100548057	0.025629104100876994	0.0242375807575582	0.031760993182229205
0.039084097699902315	-0.008159409563816899	0.027401499720701165	0.012520822914027362	-0.027710173194660966
0.03464102800566936	0.019935365231465805	0.031103705080151457	0.016393761660686	0.01967188922649145
0.02478165954422602	-0.0016237167833982984	0.07565934697514111	-0.005045299730544596	-0.017010146227252023
0.024530853579965817	-0.013420272569864066	0.024527114435391777	0.04154924780938163	0.02278033953544602
0.006992642403312703	0.02640347812601034	0.039587615917936636	0.03398869337873031	0.02186767475311901
0.0005493378605393243	0.02139527311695626	0.039089970851967186	0.02201160273140796	-0.005869669824736932
0.010783294403804329	0.02138134262465905	0.02055810479510741	-0.02386772719733817	0.04047734952202875
0.0519361681978061	0.04089564447904705	0.02464204238213586	0.007552860542641728	0.05442102875927476
0.027477116183185518	-0.02536428257694701	0.029123741143055937	0.023934592428219756	0.0007839646007216984
-0.0019342119543520045	-0.015127218765781913	0.002041887950010055	-0.005693229586489209	-0.026089851441221914
0.020043617953301646	-0.010540875062883297	0.021008896015302647	-0.0210092056635476	0.025992168079142647
0.02401493693836399	0.004973910090686415	0.06727686055681217	-0.01737273063396555	0.05291844424952936
0.0222785984094465	0.023538207789438124	0.023179652699579632	-0.004377515441704182	0.018635754701134186
0.047937276078713245	0.0007874886635290982	0.0524722283704132	-0.0183011534151194	-0.011350582946524992
-0.00890326182028395	0.015057613434843128	0.01106883682063664	0.008213020654881683	0.026770350970620176
0.044582968729603864	0.03487862525899371	0.004328759774297034	-0.019960286175436066	0.019385987947223945
0.053392535819615033	0.02964135698188203	0.03505967031194808	0.04633470423478164	0.035046001404663865
-0.004386194173486791	0.044034460342568735	0.040708741487731154	0.008880174964281866	0.03795143082654068
0.020627681443249748	0.014480318118466942	-0.002163531925694859	0.01780496634119333	-0.021707326988098494
-0.0017564273611275624	0.025273414097743533	0.02064357373086399	0.010903148151933195	0.03315970537132698
-0.009824770332120893	-0.025998922068087422	0.0059960931301201005	0.05579609974619941	-0.007071904819685633
0.05064704064311303	0.025221879436985457	0.026989045927955372	-0.007776876582003078	-0.012591789093391531
0.0044167684282868875	-0.0014225398141640032	0.036873396916749075	-0.001555186112480211	0.017389965681713568
0.01744407322670593	0.009792479273246911	0.037277366989848584	0.03561540556012099	-0.017088219619411975
0.01510138038366798	-0.00794504202659295	-0.0044169566044271625	0.02876763100222365	0.02638242962580855
0.02751616325920521	0.0016456600773071684	0.04672720417515054	-0.012606463461937334	0.02978456972732379
-0.014140052409417406	-0.025196985950533622	0.008818585830384106	0.019104377439026828	0.02077165693146916
-0.04873843433794801	-0.037353285306642676	-0.025791558885746035	0.03075908825409747	0.035444048389320644
0.014805342069014602	0.015169934612488452	0.024378982839130918	-0.0029552597427487852	-0.004625456284402344
-0.0016287422787171803	-0.0008619701309111943	0.0014083028735989798	-0.0005411590443007812	0.018482152634593525
0.03960496009559913	-0.016254893451614072	0.053634260924338345	0.04952110239635829	0.027576823133239406
0.059974018086742416	0.02395809949121416	0.009003243554578225	0.0121903358276212	0.0025518219647241427
0.02509845886217204	0.0290675003498998	0.00375473762124052	0.023359979533022473	-0.00042046524697715245
0.012805806331017485	-0.0021385995756708995	0.0015219580561688542	-0.022807063029138576	0.0030951169087362375
-0.014549338611851934	0.0031821755695151882	0.0400372211081443	0.023814363811964695	-0.021231667408996572
0.02926804729978641	-0.049237631164388125	-0.028143495191398422	0.015190558038300862	0.03508992119671182
0.00617522812845225	0.01285803047773693	0.02512480089760037	0.023710088333956037	0.003085276992743533
0.005355984657725179	0.002470134125186783	0.0025767303034275706	0.03702494911056589	0.05681546167672294
-0.0031539818420008676	0.02559904394566082	0.04891883989927362	0.009415421678922155	-0.012214524064022523
0.022408204439325976	0.050733465499691745	0.04003943863886102	-0.007456419283372926	0.01893468049168248
0.006102080479066279	-0.011089168159843177	0.002723897733838994	0.011975450323232214	-0.02162912856740071
0.014750504679550903	0.022845709267737206	0.052319130112086186	0.03275245450328282	-0.0387185017255285
0.0010465702154620754	0.021532902891796678	0.00043645800546406304	0.03494036185368431	0.007664521563925965
-0.02166587632835751	-0.0018815086871082987	0.007079381697158897	0.05655395744499142	0.035445092697956766
0.0004041860348387113	0.014953439646898712	-0.0013081455883607062	0.025391718590110576	0.04067859636913074
-0.007797647455274324	0.040259239154288765	-0.008174867624455205	0.030838187037614116	0.007610574095447393
0.041784765841604114	0.010090231111006242	0.0337774384422939	-0.016634684760973368	-0.010200201171368082
0.004116606625928178	0.022403813749835674	0.006900206669123671	0.009193081374536168	0.0055243069579521305
0.032582643226280614	-0.04578991761698881	0.04028503201060708	0.023517894164817612	0.022426377605044102
-0.014552687913965918	0.023213450922374562	0.03550683843298948	0.03646853412288715	0.011886344557810798
0.027683507940905506	-0.006295952353957189	0.019309567348351913	0.030536183063130412	-0.0023476852110335504
-0.004824937886661279	0.05780277049309236	0.01898308856124748	0.012237914189058854	0.018112263872833267
-0.004843388538514245	0.0031499816817768386	0.01278604677822843	0.00537687973621093	0.023352972067799512
-0.0012988511375054555	0.014129139305712123	0.04053241287442859	-0.012262127411637772	0.04584605586689589
0.00094625214013477	-0.002959206899329943	-0.005508291607792635	0.019065864854599643	0.004385135334677153
0.0021295392598317557	0.010641563791871287	-0.033273984474718125	0.02125884849679905	-0.00019133162631412718
-0.009937796199997496	0.048223123746621854	0.029609196596657193	0.008594728404172112	0.023813396980518636
0.0388747341560764	0.022884900413350076	0.017510656723261804	0.024488288886015612	0.009531711421891426
-0.01281525432313037	0.005840430945071608	0.04168151014577222	0.01043741133156769	-0.001553709484972382
7.613565888805757e-05	0.022384553158435166	0.009538230810022813	0.02542476287906523	0.004385948380433634
-0.00554973529015181	0.012905368359758938	0.01364047127514095	-0.0038158976256355615	0.042096761045744766
-0.022137035023697293	0.036864124668638344	-0.004309702034377165	0.005934633109386227	0.026599939012221317
0.014341684430287915	0.003205392542655521	0.0006984396722222333	-0.036273993208060795	0.0715785648595009
-0.001160706359262185	0.0007766469513431386	0.02194166412838363	0.011112250587860074	0.015434249786643086
-0.004543138559606499	0.010646704226508718	-0.007891730274491325	0.023337260407654804	0.002278876421136446
0.021572574244296375	0.01199985590250742	0.014818025936218747	0.017932413437363844	0.012800108071255646
0.020942662141669142	-0.00961459188264885	0.018565463750853686	-0.016056490858823914	0.03553009295025553
0.007980963618291629	-0.0042256400219181246	0.02169650435463047	0.01185483613049968	-0.03134854241318439
0.03622262025278085	-0.017794166711663544	0.04937050224495266	-0.02219100394565419	0.04013041328357967
0.03806193386560818	0.040932519636375134	0.01913926658917617	0.026825265958625544	0.04683910045834164
0.00873484740797709	0.021732764850820693	0.034500254616752005	-0.0006531944966322693	0.012651709003477287
-0.014432259533101502	0.02941324614259382	0.041080929615344444	0.007757262691721596	0.01767111095995865
0.014021468726473564	0.004178295796398194	0.011062838878345967	0.006548773068622541	0.008255921871333526
-0.01293907422201689	0.05060725730133283	0.022772676688005193	-0.0003245223623106622	0.03598478214067429
-0.04066292234108614	-0.026417758012586674	0.03312941150719513	0.02241585106942756	0.017055973628548937
0.010409826074725018	-0.026957174272294347	0.019846807617182348	-0.026746762284092538	0.02814711230299232
0.05614624783594273	-0.013714754905161743	0.024154123032344953	0.016958225808818762	-0.006661376727013628
-0.025550468331835	0.03503875895324364	0.041425634101770845	0.010474785108541194	0.05079725395424319
0.0006324726411668659	0.04460523875463583	0.01647253927834666	0.007558298740476462	0.028805690913687634
-0.01064768086450749	-0.022169228679438067	0.0421829916744098	0.00912154521777039	0.008988401678593137
-0.022720186094962444	0.032577843849677296	-0.016037543335954113	0.02346831831467753	-0.02808677836702019
0.012229519305463128	0.022334520137482328	0.024809717492240674	0.012673733951530167	0.0633509862534865
0.030524367813765295	0.026514173787368363	-0.025875268125708416	-0.024296322921818707	0.02121247258938662
0.00679019726762395	0.013234067133361355	0.03893443770143209	-0.022061008049716	0.02845776570832971
-0.02760168763770137	0.007254542163717407	0.006350265816852274	-0.021616267181057337	0.010453058490308639
0.022527528119704217	0.0028138003785586497	0.0294076760954166	0.01139566488946327	0.024035614472168985
-0.01891757066284635	0.044169209315424854	0.005858231116688746	0.01948252586077886	0.018941967533254448
-0.003138551002826404	0.0030755069748560136	0.02218862296318035	0.032124366574172364	-0.024837543162294785
0.05665366809254424	-0.00037632511430998796	0.010606472825056662	-0.004825647893962402	-0.032499168433811156
0.014410765184222928	0.040104923232281015	0.02430183385602959	0.02489492665641929	0.0064785734603026324
-0.0007103883926147807	0.02309066772207702	-0.0028067786364049285	0.051524356861164904	0.013299294228144642
-0.01043859428380509	0.07818789565618552	0.023236971338011246	0.009119463989359696	-0.010710390786097672
-0.0025902028852860387	0.02766576345429753	0.014115955936697832	0.033508488585513335	-0.0015822990346568656
0.04629185710051584	0.019979376837794688	0.004320662839886606	-0.02875697496136524	0.007071295831606949
0.008783073581661303	-0.01915620605831239	-0.013960588639055548	0.030540634040085553	-0.005241856382360449
-0.007062273350622007	-0.00180059594482974	-0.027792232660796484	0.026429236586881004	0.04321343598490264
-0.014169966935733653	0.026276482755140308	0.007503594388757706	-0.014764618265676408	-0.0043402920389237765
0.015085591481570208	0.02814476203192305	0.008287560520593169	0.004123083925974284	-0.009700404406154236
0.010772397298533364	0.007071425013802634	0.01250661309676861	0.026284637952470664	0.008962616726367193
0.0035223380735432508	0.0180671657262086	-0.04058542518939931	0.03495447717035574	0.05212143078795661
0.025630124898067607	0.01357745662534758	-0.012841499596180904	-0.0016658543011898183	0.03273139369647937
0.0043181077754373106	0.006081801100476084	0.01753631240387482	0.011575780925811848	-0.012464001756169175
0.04032711245177715	0.003780693658027744	0.021972868541595122	0.03596703990871263	0.01817845187961198
0.014833349042447794	0.023348623410067673	0.029361032731846738	0.026568634261287735	0.026620606505011708
0.025278743429504077	0.024122505513548033	0.0244614064121405	0.016051650652504794	-0.004916594054196697
0.0170935278224273	0.01402654271787178	-0.011336936845825516	0.008290175293209336	0.006682647313726673
0.04287019533660698	0.03114691291357875	-2.2662002254359576e-07	0.020502588193261416	0.0008560822252605431
0.009009390059710996	-0.010421620215947681	0.007308380166670127	0.026603063443999847	-0.018976845911847576
-0.00047108968195923306	0.05472073750520582	0.006540898508313606	0.01862432655732948	-0.0017297933387812013
-0.022431776939417954	0.0012687097754884211	0.00417876318669596	-0.003375831425986768	0.013689485360494531
0.011739117249686612	0.03747206885945629	0.018115600229253404	0.015395896015914904	0.034010205762525884
-0.001404787097866832	-0.016071882176304737	0.010369017463082865	0.01661974356763064	-0.02925439394461599
0.007230764361862872	0.020196481294079246	-0.009687415101971814	0.009688698148557927	0.021836184810690225
0.007188448214201932	0.004638265341381812	-0.00018851146033123378	0.02056639982927963	0.0269660719634217
0.005307890366177209	0.010798885216977241	-0.012913404514289696	0.026989364041339458	0.03533715633394986
0.027556534897160912	-0.010225551427402835	-0.0008027736004477936	0.018025256577526818	0.007916635341022677
0.03540002784040597	0.03177592461738653	-0.005114093485088764	0.03374992256060699	0.024059971072918684
0.022467479930633978	-0.00422300125823571	-0.03013952980177699	0.002710547123560639	0.016948007727242892
0.00609563481991104	0.02419820823697933	0.020132265962349453	0.024190499417400917	0.0363209501499962
0.028267622059334505	0.012215357481626487	0.005081237339987997	0.032030353130552226	0.015133835389408556
-0.0009170425964891513	0.00392447049708178	0.011256326841613568	0.017969478086231058	0.011981153895736181
0.02084267275674996	-0.0008833990774591456	0.0024724744089319886	-0.016261746243731206	-0.020003185938966637
0.04402552397598655	-0.020460741323488702	-0.005829031635447153	0.002789047067592096	0.026681763788364826
0.03391191149747327	-0.005177315862861513	-0.010954309580275289	-0.011016057444230681	0.020561892101923347
-0.015849005734987966	0.01743583748495224	0.02847643551216622	0.03054314157982413	0.03370641034996845
-0.002764921847410113	-0.015388406462429003	0.024951814127145085	-0.007115101432871622	0.006592899349464179
-0.0016220752751368878	0.007729924980132218	0.005738750777603024	-0.020997130238165414	-0.012995754475235696
-0.009613913256081054	0.04457185429882039	0.007957473635778197	-0.0075535308224482095	0.026964300361536457
0.01617264529420538	0.029194181862154417	0.03685623800287907	0.023674287685476265	0.014310611233001777
0.03303678765414478	-0.042748403348017515	0.03510115908346451	0.03571059368545681	0.01084308857916744
0.03178034781576554	0.01297160860546299	0.0292416425592682	0.016714295657430836	0.01889997214201384
-0.003199547623306084	-0.02466420779990702	0.010260137636370313	0.031313225890253184	0.047665129456735615
-0.023784979947306203	-0.01696249149935001	0.0522266044678462	-0.02675193130592375	0.02395142337203121
0.02283458911728245	0.004505429358743759	0.0026487514324914554	0.0053265161990837875	-0.0025362957197943214
-0.003694362770001519	0.02591250531490854	0.032185968914954594	0.013515594632674856	-0.00225786708733684
0.032102242358569996	0.00992315982044455	0.03581477642344511	-0.02641965480308114	-0.03769492177172498
-0.022347862965453342	0.014106067200428805	0.00505218685273697	-0.04211768011083064	0.004359536586652135
0.029597371200136523	0.042547226307359666	0.0234276158549972	0.003633982614618508	0.03049480368155796
0.053740132799695556	0.030559092948438425	0.014532050045079506	0.007524387770998677	-0.0003823298978323699
-0.014607356847438385	-0.010430480082800907	0.021381833180777052	0.04366459976701112	-0.001748798038546271
0.04037110900123108	-0.01640879040527459	0.003963200437220254	-0.005810719694086705	-0.004186222543970761
-0.004872367700812017	0.0007706841381590387	0.005469152441859276	0.03669285725256816	-0.02155714360583305
-0.018786496796644604	0.00846737811572741	0.0008278829686745939	0.034866533320349835	0.001958955982478838
-0.0038006268763788537	-0.011581019010829799	-0.010539546426916522	0.02963814095761755	-0.0024604469316846216
0.032978169876902184	-0.01460483396122986	0.015037885615816501	0.01903200320822726	0.0027202901355225335
0.010628835109317912	0.0198444344292984	-0.013411133342272737	-0.012742664717038919	-0.00030325354498417093
-0.010586104536148567	0.0040505100243453385	0.0035690946671944274	0.08044012733862266	0.03438767814691385
0.016672535931401944	-0.026879895681076158	-0.018976115632946107	-0.06108328559465651	0.02553532420850267
0.005482597926895582	0.0026268277385961157	0.05014523543703907	0.0322766762023629	-0.0012090175422001075
0.03550673931202608	-0.02753162443890824	-0.008891789585129865	-0.0024601972252211697	0.04149449400624079
0.014194496808235042	0.021529721796538105	0.04791218859000207	-0.0005251975838660846	-0.005013415851104054
-0.0013372193604415912	0.009621258666415474	0.006506456763492512	-0.002471903857441429	0.009258305919188883
-0.023515807461262257	0.02164578877353507	0.0017145049459159033	0.036101398591273356	-0.01488446943843656
0.016728800653748255	-0.002218899998660538	-0.02130817775512158	-0.00653089109801208	-0.017006906645900464
0.013294333721480828	0.018110841550214064	0.0028068172150140206	0.024767478576589824	0.0359852221423964
0.005041362209403033	-0.0011678370132791112	0.027489414064029997	0.03143135521905079	-0.005199764963535104
-0.03984517644343457	-0.01934212709744701	-0.0033752036004504717	-0.03681000735771943	0.010278193324281823
-0.006681214789039964	0.015615845503210221	0.010956400004266023	0.010560556265589261	-0.021540918733782936
-0.01706519833752003	0.010165349521978301	0.017434891281159475	-0.008093282637571529	0.0025493840335547428
0.04778540558089083	0.02063271427917074	-0.030194248387138484	0.031329980365600765	-0.030726661494156385
-0.012560240987631565	-0.0208431058136642	-0.00422281198894694	0.004381420129443522	0.041125256899818885
0.030954992095206198	0.012167762906771646	0.027482466938035507	0.030648866916642863	0.03718440620302145
0.022575626151669814	0.03305370677176505	0.05052260849464556	-0.016463398380793286	0.026510784130632598
-0.020188229156160135	-0.004569486111362348	0.05908862739734008	-0.002710086623954005	0.0019194321038089593
0.004193682566627484	-0.02943509840105729	0.0012378086450144012	-0.014928562095538096	0.03225403059003947
-0.009857859704457635	0.0014540365505696473	-0.010524727995832157	-0.0037799684468044423	-0.03735478118231283
0.022461164912232986	0.009277103965573309	0.010310521480072195	0.006341365925465942	-0.012361942447225606
0.021978168505648737	0.06095416193142033	0.005968035064413558	0.009684550266584015	-0.013169693032313131
-0.021561092249499418	-0.0009748906460277269	-0.00496837176984429	-0.023851492518906014	0.05794861391384866
-0.022798540180175506	0.05072596599170107	0.026068093436391545	-0.029145421446031317	0.020370784175903184
0.003584332992237877	0.01564850646494169	0.004016394974208571	-0.018172202189823638	0.002430869694943835
0.04737639834256235	-0.013930234084465766	-0.025086313401639724	0.004149397417547843	0.010821371983634719
0.046260898742607526	-0.013334596147652467	0.042517541607353285	0.03780625746529989	1.219148106639846e-05
-0.009070828930754993	-0.02171033415348865	0.026457984987679636	-0.01393044338592958	0.025521519246244538
0.019150136494660262	0.007609311904609987	-0.039300456454301275	0.008735469505488983	0.04049040927648588
0.014831594715012159	-0.036826142044940995	-0.05555753857696136	-0.051993068079490244	0.008067070393590855
0.02721952565505545	-0.02386874820608832	0.018030811498020747	0.033419754759603536	0.019411000221289144
0.0419508003737139	0.00899995676882108	0.007551327046058932	0.01280073976886136	0.0035027727478098816
-0.025699556597978682	0.025311770271483035	0.02065245416217396	-0.0078354932221224	0.025717790585837248
-0.006037686499612912	0.0009261949577896019	0.03203157011254076	0.00907222975518893	-0.012056644911347227
0.007317023125222217	-0.004194314957977774	0.00403036544364139	0.020670673878064146	0.020820181147310553
-0.015686645413599362	0.015507998170192551	-0.020533388786435743	0.01250964792492799	-0.014294164593794314
0.022956222791764853	-0.0008481374802226614	0.022756901194387488	0.0015684059859860054	0.004211551656298951
-0.022023209827779312	0.004894530516478654	0.0025793293019195883	0.02770371248352764	0.013681567318568578
-0.03240498315339159	-0.013238383244014804	-0.002603701997853157	-0.004202894660485565	-0.005539422411404306
0.022676789823365958	0.008710312488335275	0.02275442253754896	0.011934446931617201	-0.004778703501322912
-0.005711192087898487	0.005014062815745527	-0.01461974550903682	0.011870719244749958	0.0015119648941827862
0.011034175717868073	-0.001490064285162197	0.04630684773460976	0.009674463303443761	0.034172673113057356
0.009989469256975485	0.017961226450446344	0.06665618506538462	0.03355173336642547	0.006603938492515437
-0.026807694889265973	-0.005201726771912917	0.010047804924361244	0.0016929260997789446	-0.003340155453961947
0.002703006498942149	0.019581430675797228	0.023342164604974285	-0.010766659620671857	0.023689445767408508
-0.03871176252609091	0.015447906224552782	-0.010104992804840207	0.006892880113312221	0.03207945005952531
0.028140047848323267	-0.00904123332999432	0.029113294461260406	0.031252612142085766	0.018472110429915208
-0.0036079668690348534	-0.0029553227241481132	0.04770238394894332	0.008980107610006527	0.008512872720495845
-0.014295011893624494	-0.005751030124444697	-0.0035811287212655146	0.005063165404392991	-0.03306613370000018
-0.04243389220072192	-0.016093429200006167	0.03591712064873687	0.03721175818796157	-0.04247166708415272
0.017882749142052033	0.0037875904660048636	-0.041926984350666954	-0.019276844477077375	-0.0036917235584282932
0.06865147732234499	0.05513813056933757	-0.0030356104253904436	-0.012451922802503436	-0.015045155161823056
-0.014948178938793352	0.006517912252153445	-0.040480385696490984	-0.007383611751203452	0.0024807560947739497
0.016078254922410568	0.01170956046368938	0.015190310008766588	-0.008364947732729035	0.01874554506406767
0.003941970171294838	-0.02589677019006214	0.0246023880082253	-0.012140087068446041	0.005653929238164453
-0.02504056209189445	0.009819730878487726	-0.02139491082370298	0.03579236624011242	-0.0028492204523191214
0.004209099674483541	0.012411323451627824	-0.021717099016874644	0.0095372532147509	0.010922216828407992
0.034998282438813026	0.017458980618053566	0.03855592886997397	0.02885333079042136	-0.013972202665867238
0.0036522390606288104	0.002560912768846418	0.04936828272981528	0.0033191511600668133	0.006648204666007135
0.028266781574156116	0.00332241723240292	-0.004311838628778144	0.015181499896340215	0.031797061688591054
0.017861385327161902	-0.007652019593556793	0.005170814283256131	-0.001477087613612602	-0.008489522790146163
-0.024917555941788308	-0.012303807607129465	0.010109495196364615	-0.0019075485993004528	0.02341481550680053
0.026530875905961773	0.020619283453270118	0.004205874505050708	-0.01218019249969464	-0.0026322530004797644
-0.023326464386168554	0.018055346181463212	-0.00842883314911458	0.026361626889754637	0.027775359808168632
-0.017102456520510755	-0.02427676369918039	0.007722423142267728	-0.0037840831281031996	-0.01673546353522589
0.009697938919080148	-0.014999717703646782	0.010017525332347845	-0.02259233525292749	0.051446296968428
0.00820787950554701	-0.022404532626330482	-3.868624022568441e-05	0.024777441171592748	0.03268080130025166
0.028603932979201517	-0.009709636529759943	-0.0057571222261314225	0.00526100184804213	0.014065279149746856
-0.00219056319574709	0.011460462619760796	0.043249511357951055	-0.004084811129347113	0.0015445416056906803
-0.018264979181034757	0.03407575545722656	0.012443902196858796	-0.0041672365009273234	0.016301198786792318
-0.02928324384455831	0.03981649549530516	0.01995231823706499	0.021166055752038785	0.00018678851386400236
0.03002788634175833	0.006924837146805776	-0.04712142085473951	-0.0009348109418119525	0.01764259193522902
0.013725725273338731	0.04052196505365847	0.016323543877885805	0.025050973575432692	0.021527813389510538
0.06939853112267379	0.04466032296037395	0.009979305225124066	-0.027912057878319137	0.015270209323429304
-0.005349557547903473	0.0021773951009690174	0.03481090471328055	0.01931992861314249	0.0029895061927003664
0.02688036574088256	0.005740085368465006	0.05371374825974111	0.03034456035510897	0.0035657048101987165
0.006410046150801374	-0.007706491870901706	0.01127682768879648	0.005264823258275613	-0.006380428447726277
0.03372697057367285	0.024276194085553045	0.011063122445306398	0.057691229477528125	-0.00018765141401163535
0.009002069771835968	-0.021443522831338196	0.008992349246202949	-0.015235728553942765	0.00355180953114553
-0.00364508394052393	-0.015266092465861449	0.013936235441853765	0.01392229574868624	0.0357805584550964
0.008257212525424336	-0.005600437108140444	0.018123492908171956	0.0403260786197501	0.04098779758134685
0.013067734422302362	-0.007897802988307773	-0.01906489815376185	0.022864130458622532	-0.03223244261950965
0.01911103364640553	-0.022502829444208575	-0.001457755094878178	-0.007736341986998871	0.05190726968068124
0.020490571774419503	0.01692028704970867	0.011230950914324103	0.038097504280798423	0.03385853808652264
0.03506897496760796	-0.00967683910982347	0.017522578911279195	0.02025710182352124	0.0377611579824407
0.019883765054662467	-0.03668007376168173	0.04107404854459986	-0.03079130467010874	0.009673790322295171
0.011845157789509914	0.006109653961922206	0.0006417886927388046	-0.0025978273837203147	0.008100746840843928
-0.014502101865467078	0.012155740986799609	0.0040457952076983685	0.01642752998551253	0.016158135681498428
-0.0390921856200429	0.01097916060273549	0.01115520975336823	0.019457446895425286	0.019177830751467752
0.016042977107999998	-0.0037521842844327235	-0.0273186472936259	0.00043978556375956143	0.021932307797641423
-0.018071859406547854	0.005429227471426205	0.019620360650298298	0.020912562935178135	0.020611379211817618
0.019589234203912807	0.03764815367408998	0.014224040010055726	0.05144849882079409	-0.018546705710564576
0.0345967485921332	0.007071750040557144	-0.034860274907350046	0.015437226287492885	-0.017173631267067887
0.013687517779035886	0.03366005567165837	0.000676888222932717	0.0186322507570774	-0.010978265604871012
0.04661104242105395	0.008042729364110171	-0.018752829089950615	0.010436606492280542	0.018140825453138706
0.037909528222085584	0.023312129935486158	0.03742813166261348	-0.0004761820044545213	-0.004049402275621922
0.0012154973602968699	0.017080436772199073	-0.007387400611165302	0.02849223808615149	0.01589020639984162
0.0014979744995115007	-0.06061034820277525	0.01482405975160746	0.013329210920686766	0.005562461967366365
-0.009592677912502047	0.05413050035380793	0.013094467366693839	0.0315085178720098	-0.010206572041006156
0.02135741402222082	0.025120947977587408	0.007001427422702021	-0.009332787668404188	0.02088389928738419
-0.007945313677923374	-0.009258443670238259	0.036663450224142816	0.007848740491015348	0.015089833260349749
-0.029519214509683055	0.007155258681153156	0.019595759247786768	-0.006407230054701531	0.014371840808563244
0.05947334527486188	-0.05108675097914568	0.02821460236996885	0.028740282355304757	0.008666371042785493
0.0029231393890763345	0.00775786459096794	0.010259786061106028	0.02606130575325242	0.014546914598515866
0.007084743494153764	-0.024566526165558704	-0.012567413764480402	0.03187657846034959	0.002439792356873521
0.020163933741088075	0.0269469604350776	0.042273817158606244	0.02467915334319584	0.0005893026525213944
0.006990637158636818	-0.001481156436887338	0.029450195372665616	-0.019656146886943913	-0.0034376542974119445
-0.0006486318324153285	0.007686055923104138	-0.007248344485405279	-0.00029288856670055784	0.0252914548288403
0.02130022831364949	-0.016020028460289045	-0.02599742500188707	-0.013687790425298848	0.04124466674200113
-0.018190505490492524	0.0029368016628960967	-0.0052749336714328614	0.0467771939060778	-0.006024874063741178
0.038450302379780504	0.005651826937332813	0.02800246990034909	0.020710856696405846	0.03378033500677288
0.022578336882060623	-0.004329609104190891	0.010545766117494816	0.005444686027928764	-0.009945528225959635
0.013539941215484883	0.040783705876736014	-0.011355035338381577	-0.01604155489334619	0.02872586930486399
-0.022094891902462672	-0.01960292796441463	0.015571350773753023	0.015671611906757792	-0.03450359165892618
-0.018021268899774335	-0.040325473043799506	0.01035736655841915	0.013963683693793218	-0.010918670505469102
-0.001436855855466216	-0.020280604411273544	-0.025066475176565982	-0.015893668624319564	-0.010811590830151731
0.03192100621702428	0.014569757044720189	-0.006514134356246914	0.0071826929756178695	-0.0030360428191936566
0.01413822488007477	-0.011193898559076668	0.027492275001484608	0.021984252468670418	0.03587122698534857
-0.00931803858509205	0.026239494822661472	0.005310908996411274	0.032379251679306026	0.020605780003008507
-0.03990876857558988	0.008521347125398666	-0.03025712685259422	0.019423954254031914	0.001954730211415385
0.022455985261563366	0.02308196407104081	-0.014225253852978582	0.0035663410478921874	0.02572377474793619
-0.007983631314863342	-0.025024039768312138	0.06117434508960462	0.013573664405338033	0.019192380249978564
0.03967920140585033	0.012733657505314445	0.046875017242317726	0.024793259131389703	-0.005081446604044713
0.014678742951601698	0.02583424788570972	0.010279935012970587	-0.0008441928465470288	-0.001176105154950133
-0.02511356997045146	-0.0006553799712385091	0.024324392685055804	-0.009379513351727712	-0.006436109179442892
0.007948688154449924	0.00027401234288489205	0.022467358281187018	-0.021396093364639057	-0.0077560769002699
-0.011742553682795425	-0.0034639462535112405	0.009090016614596425	0.03792284579091449	-0.00957893776500025
-0.01208007878331011	0.029894850839363503	-0.002297206468205271	0.051007912513908675	-0.018309309223035666
0.012154982985092253	0.033613113150881974	-0.011947831054539147	-0.015583231537210303	0.030465462024056755
0.011752593098430169	0.010345475854116938	-0.000659658878091972	-0.014743744633898326	0.018561512130786342
-0.013120041331551101	0.04004294639820102	-0.03814009432396635	0.012105630781281787	-0.006586693982304218
0.012265805910724136	0.0029701673910452666	0.02775554005037726	-0.020822073037859407	0.019402194884723667
-0.004079710650492524	0.04916763612958943	-0.001112452433083523	-0.020723858453908995	0.010375266852182718
-0.016819036317147505	-0.02258988889428837	0.02669145247476932	0.019503501890468226	-0.006806469799247111
-0.019868664577893737	-0.011621250649935161	0.01678351458984243	0.021916226182546288	-0.015500719790411583
0.0018337958726532145	-0.003074832348096082	-0.026554181184959086	0.001901627494966411	0.014260528823782561
-0.007896288178241322	0.04107190043410377	-0.0004302165762408673	-0.006274547823891153	0.017698525845283336
-0.011531536484392431	-0.019889609208085336	0.008031767351909878	0.02624379767465405	0.004878051582314332
0.028320590273260005	0.024239056464280536	0.015145138810801009	0.013837297522579999	0.04451166752120115
-0.04594292538485049	0.022810610458906352	0.011719807996277799	0.01872075111236745	-0.01993026935406511
-0.0036588611137773975	0.015878790741320353	0.016124116899515605	0.0030635295569846066	0.013395983755997437
-0.010577461777190985	0.001004662509367454	0.016232207678207766	0.032049395968683524	-0.002589381033216206
0.005808094508872281	0.005907321195554807	-0.004807947848788824	0.0017749278233911558	0.038922187604484425
0.007368084340620071	0.03288200697061099	-0.023341884379958322	-0.0002365256974446022	-0.011711534854609906
-0.011795265342578461	0.028190609129922793	0.013261813501019602	-0.0040950123338434445	-0.003842604129304507
0.02631136471643025	-0.029150170426717296	-0.025061157614946216	-0.01704658017272384	0.05152370451421424
0.017923970895080903	-0.0005228544596576805	0.022231753681443547	-0.04487147607872935	0.03885511707808664
0.029071883074804128	-0.007653867260220719	-0.0023004570402478178	0.015637255624542136	0.008289152027813568
0.005140972124827656	-0.030709440732700814	0.05837615811640488	-0.05140007491141092	0.011715117284984127
-0.014459246945393188	0.00912296969801495	-0.0010627324914145803	0.0016004555735345642	0.01684101945945303
-0.04556566357717422	-0.04249090513646518	-0.010961563671419676	0.009906746380854817	-0.013009513164684659
0.012114241362893331	-0.03129838485149967	-0.02597571394606815	-0.008728552833096499	0.033236375373349496
0.017894718119543556	0.03455197295150809	-0.0063512178457957825	-0.005153406975629517	-0.033848448552530275
-0.01051702867563463	-0.003849922900735961	0.034575277008149594	-0.003924970768959123	-0.024443271281731148
0.0067974682523110706	0.018047653883510366	0.006816797628066609	0.02130240211465848	-0.031816650445506606
-0.02386007327254963	-0.01368196921660286	0.018509484240585208	0.014444154243631206	0.02131598721315088
0.021723466997670325	-0.010654429574002113	-0.015947065277003764	0.03213999080383456	0.004490411736599963
0.003613149363332001	0.03356141171855169	0.03144965493716431	0.035083504455644184	0.03974009525532486
0.012559026101104109	-0.011699462914945594	0.021128794179407138	-0.044865346259935435	0.06268669601190972
-0.008993168275253724	0.015335684030152095	0.011636400734003013	-0.0093592137757406	0.013064271938023396
0.005308821984306652	0.017588796345012953	0.025496373382830742	0.004688006086936862	-0.004940441088460116
0.010685574095609622	0.013420819515734761	0.025418356240976946	-0.007339906470022656	0.020972495010650155
-0.04932159035718556	0.0384165766312061	-0.03682105876117407	-0.023799392137686372	0.009266700490849955
-0.012618398679729113	-0.013168218995781526	-9.405651041358588e-05	-0.0014427087970485634	0.01602281539916339
0.005851592886716781	-0.007481977166860554	0.04918541723260051	-0.03618159043525949	0.016736982808958686
0.010519254834260909	0.05155360612487369	-0.005589456067570803	-0.011435552922783032	0.01980031300591303
0.031072737258868235	0.013605333664752048	-0.004135783021131359	-0.016143818157450633	0.019565776468742264
0.001100830675347786	-0.0043745034707625575	-0.02722803092235164	0.03361752626291931	0.005747478499899964
0.03741301488143016	0.024788866284342074	-0.021160089497817725	0.0376217195703145	-0.022282551810849795
-0.010996167547079166	-0.0025077635622424016	0.021196727438095708	-0.0037754369824873754	-0.004147683409908062
0.05151106683607208	-0.036350348257266976	-0.010981027042082607	0.02721646629019151	-0.018157396760404305
0.0047373789684466705	0.004762683546312716	-0.004021960662182492	-0.002452532875198917	0.039861720843483855
0.030499964159056477	-0.011891338145474915	-0.022411403744829708	-0.004489399199896946	-0.01861815208136633
0.02420273530136393	0.016753627636199964	0.01097963121460439	0.0010041910161477973	0.02175858796669706
-0.0003157172107141502	-0.007498666085200136	-0.016772866387740216	0.015626590768020716	0.014350986773649613
0.00531027969746865	0.022534623382111634	0.002110618204379215	0.01042459301570249	0.019203367626688724
-0.01321036316183408	0.0018754835068770306	-0.013498490998928941	0.02628244347292183	0.007823452110899048
-0.014886116985762322	-0.0017028017484270476	-0.018406312080308143	-0.011164658093077698	0.0027280361395925785
-0.02234557559475887	-0.030605127907146798	0.03990049121795625	-0.012029525889673178	0.023488905968456777
-0.01820677534175976	0.01242881639784707	-0.024723085575368654	-0.03715757378346939	-0.00710057958364162
0.004535454031990682	0.004788158638342612	0.025328037819573053	-0.0010795502402481767	0.01928945426607469
0.014105847995620506	0.023977625509284242	-0.012104321356773974	0.0028229306245690436	-0.0176764007274346
-0.004298668991427803	-0.010582274230092042	-0.03417531923076491	-0.002942483521699569	0.005415484961230226
0.01426486372250223	-0.0008191522110739644	0.01203844509383363	0.01696411164407756	0.011654109946995877
-0.04783902466778475	0.050755006658472934	-0.0035009388344151796	0.031156218709012088	0.0032384494219001364
0.029012237458089566	0.0011886905246352962	0.03540371465707189	0.03641584672166612	-0.025171712308727993
0.02513218402126171	-0.0066353779838509005	-0.011309650990024182	0.051091453185632886	0.007837039078999866
0.0015700306283635086	-0.0010545998222707947	0.037659050243063	-0.015008505976195118	-0.010705647785961569
-0.03193464630545092	-0.00734497804891904	-0.015670472854542476	0.01601716301462631	0.023450652574959867
0.029016301766393547	0.02919117153323016	-0.026799381958471778	0.00035060475446405245	0.016601451792546316
0.03065458280333265	0.03904309877393267	0.009093255097213038	-0.039333664686005	0.002348595305346767
0.01564866693835134	0.0284494842457308	0.04515031902679346	0.051135465858395665	-0.02111987698556228
-0.05074804051368456	-0.01613227684428139	0.036120596940212114	0.024630182957741293	-0.009356221585309797
0.015596290644082566	-0.011013534881180398	-0.027568468289751468	0.029251147829966732	0.011582300774932292
-0.006581985198379946	0.0728246550329517	0.006806889658043613	-0.01185657041981482	-0.008919322859823497
0.0038683032046098586	0.04469049205603638	0.048122387344413445	-0.012240941214912149	0.01913600215670542
-0.004062920955442546	-0.012482036255548055	0.0014078269019672336	0.029689047395836617	-0.023475685913714475
-0.003500826878748872	-0.013395902199913004	0.030834057164858725	-0.004150607051444489	0.04294789991831892
-0.007589648137807278	-0.012546213484973999	0.009342945012516833	0.00316189582949725	0.004014786034075063
-0.03255013641924719	0.013442153753879603	-0.0034304395797400545	0.001933917451281044	-0.006646090600531992
-0.0299525267460594	0.04280433444869519	-0.03420191389220858	-0.012178852556897048	-0.017616939116106574
-0.00487121863367917	-0.002221028901557439	0.028005344372258732	-0.003646459636240749	0.026144875953064015
0.019844293628591685	0.024445286398052248	0.0019163216717116328	-0.00034362880175633354	-0.014951669944900842
-0.03866197575995051	-0.019534754292733665	0.018873335378694095	0.027725161611768183	-0.016498305260209407
0.016752257850870953	0.009192353475747556	-0.0065100043373177	-0.005762732145354525	0.0423508851907794
-0.02559560087025642	-0.035323138928708635	-0.013924620093235128	0.0030621001559248654	0.0018515419354597192
-0.03004561646377739	0.02439321614332133	0.02905062133459256	-0.018772997825218556	0.05499530406404558
0.010912223128306156	0.039669841279883766	0.04052010406936098	-0.014918277241642712	0.015402894171301546
0.028575754838417993	0.0393317407836363	0.02167954571884363	-0.002527817250400909	-0.017988861392613905
0.014175899118645321	-0.00607191907527474	0.0026262827519672443	-0.0031414999627585494	0.01811101625764774
0.015275374458192437	0.004514438269417702	-0.008693173686164698	-0.020271718169339606	0.01436287531664384
0.004879756417130274	-0.017681781826192042	0.01818773305967539	-0.004568342620763145	0.024976596550685442
-0.022648739861888246	-0.0019492614621929088	-0.02018214073737947	0.04260602131478605	-0.014663493877777748
0.03180672997452911	-0.016353806366562668	0.00760007324260199	0.028688043974857837	0.0051571869834036764
0.026405839734626423	0.0029308598194455644	0.05248399494250409	-0.01600379792060967	0.008957320844769157
0.017962127100913418	0.010079471417035836	-0.009736711966652331	0.02687459825897532	-0.01503750956992718
0.04407160971372401	0.03141771403837833	0.015653019703198257	0.0009823727941514178	0.010614172245987017
-0.011734374244428056	-0.009235621892559253	-0.022222240796973942	0.004259579318853061	0.025099583119793205
-0.004849155910454331	0.0187024647984622	-0.021624888534010747	-0.017213510820726224	-0.011999758585252984
0.018979973221653804	0.008233631483681517	0.03625260911297005	-0.02680768230215678	0.03668375494284001
-0.004959384014466041	-0.03402398631695859	0.008557182831055839	0.002735868596209415	0.01765358241758316
-0.02465654594655838	0.02452136911341242	0.005646191807173544	-0.0013909052908765193	0.027614887232783904
-0.027000590010030055	-0.003828686029857197	0.011731546461583649	0.014463942050669178	-0.006505972030220817
0.038267454235417095	0.015711490732382104	-0.02608438279490939	-0.041551732799876534	-0.00633543880329363
-0.002455364530093501	0.003214048020626481	-0.010311556173535734	-0.006502445326468863	-0.006025627442505151
0.015298477934493876	0.03825256882440544	0.00609038029025486	-0.0038146480602344116	-0.04207174812228401
0.009287943633630755	0.01366825822613297	-0.006051235650315503	-0.047528759613054854	0.03397189030218582
0.003765799842788709	-0.010562088967122723	0.015721597875558664	0.0395322898690666	-0.030959588612521342
-0.011805558787586958	-0.011434962134942436	-0.00486825700233858	0.024166701349148324	0.027183914697990485
0.007899619890380337	-0.007907433143350566	-0.02423171697079792	0.015688198709602145	0.017457013189645307
0.005617732229390334	0.012069346076732398	-0.02104653874579571	0.007371524644251165	-0.012816929240096527
0.0006186343477223048	-0.03295804768172683	0.030148861876677632	0.019067349387830317	-0.020860205745672305
0.019161774239598514	0.016487961476982192	-0.049339163680388765	-0.005205238962231733	-0.005166445885108832
0.055231608404402645	0.01651400918216461	0.044980474126745676	-0.025581841111922042	0.004722346716872786
0.02717499097090098	-0.00492997589692528	-0.006532322979440861	-0.04901468231111419	-0.012771106738066796
-0.020020663421814983	0.04297268035935788	-0.010410042050392924	0.016074266826411984	0.002645284927907758
0.04137275091164996	-0.018176525072793034	0.01856097289045557	0.02743327126498812	0.0196385983477394
-0.046906274032086255	-0.023464385131783255	0.00022702599712700036	0.0586419962028677	0.0031976633559109378
-0.0222889570309402	-0.0006086030073806387	-0.006926892122342892	-0.012990385170096617	-0.03975324054339319
0.00415453913232652	0.003068104310904638	0.009950135264297886	0.027609751176828595	0.003871541985104172
0.013781501970471375	0.04373228274128987	0.035052551564013934	0.014901516598585633	0.03496855810083742
-0.018249304327479607	0.014369851990225394	-0.013154203869584085	0.01895126297267819	0.01804611393224432
-0.0064697490425656146	0.029283122549325927	-0.019229733177219002	0.024192881380225534	0.006803661504333688
-0.005748848652375058	0.009585836201945091	0.0008706358836556654	-0.02598372958563015	0.019129688105603802
0.017154301384412388	-0.02220709413741799	-0.008055575009368916	0.05327546461752082	0.007218728437473433
-0.04734665474217219	0.03890365027401307	0.004572211819383477	0.0037398289769833217	-0.02631478265460196
0.0030950924163931325	-0.012687337210836914	0.020731429255561595	0.009329502674195978	0.010814598994688732
-0.00651841210530396	0.0006776920464496667	-0.0029987075413955913	-0.0066995713419587336	0.005990625205663964
-0.031453882013948255	-0.0035837191784264767	0.016822987260300556	0.02965629633828992	-0.01530262947464105
0.01788844809155654	-0.012524259379820893	-0.008789851427734224	0.04317816809880212	0.02052354520099069
0.009449302166721072	-0.0033582740123141506	-0.011018693084845464	-0.01155666476175735	0.006246988863305802
0.0022890509646573427	-0.013451235652518673	0.01778074183333436	-0.014746083110592495	-0.027199738567229327
0.017090478140266367	0.033053942494912655	0.02890522263386636	0.0029459752025678713	0.010184527355742714
0.008301145810218633	0.00011539807174520966	0.021337325516257322	0.03197168858538528	-0.00044669665421219473
0.005867469822350837	-0.017280757070620364	0.009478733298638842	-0.0016105240092594078	-0.00031627190534284054
0.03209326651668802	0.0010811170141940846	0.0008970033991338587	0.02237160374574426	-0.03262811070285981
0.00394919375538403	0.02187642192646748	-0.02688920827222014	0.010078241787540264	0.03268123350208073
-0.0010515191620953908	-0.01760481519799297	0.01988275541414793	-0.04962984163059887	0.009735113903449406
-0.027660136817975283	-0.027512718877903054	-0.017920277167881832	-0.016839928846123675	-0.006247761006989663
-0.013716902270238654	-0.005706369441068207	0.013193168328962493	0.027686287716334062	0.00401656131945764
-0.0384100395715985	-0.02740296562856731	-0.004543875579731493	0.04335323374658206	0.034534127504190285
0.03548917614906075	0.04739792382840319	0.022383973815902826	0.029090568668913692	0.027006594769736315
-0.008880411678893928	0.026411668913220644	0.008139913744273525	0.03998680455693514	0.055476610556314004
0.03829607639089652