UV/VIS SPECTRUM FOR UNLOGGED COMPOUND
INITIAL_VALUE = 350 (nm)
FINAL_VALUE = 800 (nm)
INCREMENT = 0.1 (nm)
0.27730660047734784	0.26911125252302626	0.3130779322463565	0.2752625379842088	0.26979652691337697
0.33742190690940616	0.3065480845047433	0.32511530322771903	0.31300410122981653	0.3360953343022713
0.31616249238809147	0.31007165289426575	0.3627764065252943	0.3132235317664778	0.33849250565300115
0.3211520725627997	0.33034485989393975	0.3169085228483957	0.3144604018270639	0.33184337879754433
0.3282339050825436	0.37855465525719795	0.37456024115787034	0.3639365981588679	0.36179036385437485
0.3981025330179263	0.40853828003063664	0.3651881055965258	0.35672089895602604	0.39993242040938337
0.360487279207274	0.39192635813927257	0.4249914522466283	0.41359860890499656	0.41561273573462404
0.40236666150924755	0.39042769118301557	0.45279714975002694	0.4182217209629392	0.4326420959739544
0.4519416394567365	0.4354450329795346	0.4285074437184313	0.4704679403782501	0.4349198344371039
0.48046370077877143	0.44727584758047956	0.4329190819123538	0.48119665489175845	0.4974129393425699
0.4644112154215595	0.49142499150183633	0.5020071489967878	0.46922135551612015	0.4911686920087656
0.4659429099231421	0.49874937127972185	0.49529987908330586	0.49544312042503524	0.5255518942784961
0.5125372403441669	0.4964867378816648	0.5405585699143722	0.5284202771004416	0.521090510961567
0.5244972207187653	0.5140603477219908	0.5461574754711166	0.527094518885364	0.5102189163022767
0.5211019168142085	0.5433525652378604	0.5536284595368247	0.5614447659452879	0.5621096283670537
0.5533680013583812	0.5880043225993226	0.576311526711333	0.5764555212845507	0.6154662145373541
0.6120642924441786	0.57139428755199	0.5810192851635622	0.6060229805664188	0.5542257334214012
0.5904022729862053	0.5850033286191166	0.6123417039998067	0.5592926591680986	0.6025478888319367
0.6351666171548089	0.5573505926385555	0.6042669897185953	0.5896467377744925	0.5812684690927992
0.568903096200787	0.6092147244977878	0.5718097715776127	0.5607043301089286	0.5859371158584333
0.5974070900193459	0.5522741062860096	0.6155803885385374	0.6231970175236664	0.5902024574176261
0.5947125415007978	0.5987196994694031	0.6279922747066881	0.5897978016289575	0.5757204037969859
0.5315870053790165	0.565619868313468	0.5662411623017306	0.6083353222691609	0.5595059199608415
0.5825777870307217	0.5778578651350543	0.5639821808544029	0.5576777716774068	0.5322208647594557
0.5556274387674679	0.5112126529794664	0.5541366009419069	0.5012547582006758	0.5207417291510178
0.5291119566968651	0.5027480621743206	0.5228571889991177	0.5123914278880154	0.5243103701649388
0.5261986182812322	0.5437283659225429	0.5297654036135615	0.5053952166932015	0.5211627917615055
0.49805096014860983	0.4849246622462133	0.5091699109862373	0.5284093837632001	0.4890599058409481
0.49748687159999383	0.5016105669610212	0.474478583313277	0.4496226147571409	0.5084119556564087
0.45849521677012123	0.45034322667098364	0.5023566280594123	0.43341657036073034	0.467527653877995
0.4535426400473752	0.4401980965727492	0.43059811995720126	0.433526981870634	0.42859679571384623
0.4225914824326617	0.42041518977000286	0.4073466839221332	0.45471149343913664	0.42334914699145204
0.41386881458242025	0.4091531807164493	0.4341310643896365	0.39044901443022967	0.43511323282025843
0.3780299713774836	0.39856832253528196	0.40352047908039207	0.3838468916568674	0.4115004992604802
0.3942380771545661	0.3792310222017305	0.3714579574568825	0.37629834705098847	0.36240704352691744
0.3321169680910884	0.36097208259474256	0.3317432562295389	0.3388380763683613	0.3478385180919858
0.3282378219754721	0.30349110853957306	0.36548165378155445	0.30359239916267	0.3230497166878637
0.31531195337086054	0.3072465711515397	0.32059692683827856	0.3346894592805771	0.3254426700107113
0.3042930730555998	0.2650395445622793	0.274334873727312	0.27117013712171206	0.3239440533037731
0.2688919475252648	0.3102601286765277	0.28985253232282604	0.2659457756951282	0.2919556125835385
0.2947838511552785	0.3138218310932378	0.26628968796830943	0.2763069147233546	0.27096020491772754
0.2917995955874737	0.2665470216909026	0.2398344825484897	0.2686044770044883	0.25767373381302466
0.2580205553880237	0.2447836672039662	0.24491052434368474	0.253236055809263	0.25759303098416536
0.21460219389754215	0.23193852156827624	0.2683958519657947	0.23501107428386933	0.21453268842767512
0.22226696663018786	0.22942416448961286	0.21637482553718007	0.22930000200621334	0.22327452731063704
0.19499503874462726	0.23088129144522598	0.18441054744195876	0.2049559689485685	0.26090511715926945
0.18769628519226386	0.20333569525130146	0.22636645335892	0.21947041198297856	0.1784292393163064
0.21914878271292312	0.15700646796216236	0.18605978210247434	0.19215377865041328	0.18628839409524323
0.20237668604141967	0.17354939733784297	0.17142761097034337	0.21562140043894515	0.24214588509989865
0.22787253811764052	0.20049155144412706	0.20863872231116107	0.21062713005613828	0.1814802665095009
0.18002118835402814	0.15971933454515777	0.17132479695750447	0.1925741667820804	0.16280816781881852
0.14794498266358547	0.20040073819716953	0.17623787257603482	0.1531862382843412	0.16808366726894106
0.17074176185186538	0.20452534944211995	0.18054349385427243	0.1795720446836452	0.16088752894093244
0.16487559385750816	0.16212975832042412	0.187746404696179	0.1551721628387521	0.17989413732960144
0.14075111247563413	0.1437581764617194	0.1596891353554114	0.15225068565475777	0.1344069828660092
0.15982527208465752	0.14656852898496447	0.1327823721902557	0.16079448683205297	0.16017087952626446
0.174075232961738	0.14568302519957013	0.17154297957382156	0.17587140308268148	0.17775138561572912
0.17040989722082878	0.12230550742975622	0.17469915424718388	0.1580969559519992	0.1644648760838834
0.12681642491847067	0.1578970445907181	0.17732167904394533	0.1307542056786938	0.12674306662861679
0.1436989893499657	0.15013729822912436	0.15166076781146262	0.13720269240538183	0.19986706352736566
0.10749508359881534	0.13312597534334397	0.13717638004689517	0.11095508798898587	0.14114360761158165
0.10159779662542336	0.12810288023501765	0.1206209784569616	0.1711267433847362	0.16309816693045875
0.15050176583143632	0.15189592591873552	0.13201180362643136	0.13528482099263978	0.0968869802058056
0.12223858023978636	0.1653774439168715	0.12749093130704633	0.137199992901339	0.10410197104300356
0.13562711247140308	0.1136279295496832	0.11329262143813987	0.14221285678052678	0.07039098395703133
0.09647699210012524	0.14875194307184547	0.1287641848963815	0.12464969600763892	0.11804440109096584
0.0734467497536205	0.11917965754749828	0.14780375092140846	0.10625986762475212	0.10983668240913153
0.11285989328371347	0.1292396608616614	0.12234296001517225	0.12616079134590114	0.10101912840044718
0.12806411735428244	0.1139736250967471	0.1380608922220468	0.11829100340061419	0.13525169749607077
0.1475013570812025	0.1248341748691634	0.08299151402330401	0.15377306763974175	0.11336050549979312
0.10202398458444241	0.09830887338709972	0.08347428910224483	0.10513125176815745	0.13640659938960792
0.09670311060201753	0.0911422409479879	0.15059398802685858	0.10058924959466863	0.12123067172955579
0.09913318432034382	0.089101284384667	0.12561916106180862	0.11895878507283128	0.11062000612020845
0.14833775192483098	0.0920002252717312	0.10218797885430322	0.07293298396807611	0.16406601026559536
0.11817893796819608	0.09252021263058087	0.07568167333886118	0.12498404204025447	0.12432981231167912
0.08215545491485632	0.15464728267636552	0.09691061190974179	0.0818892377739376	0.06824360238172816
0.10904519942121926	0.14490342064234005	0.12057024328698751	0.08282073408699012	0.1328262345827364
0.11415839559279989	0.15565219837162803	0.08497486171534913	0.1256611039589224	0.06317186759230438
0.1079570929474581	0.1459938703090426	0.14626219562418427	0.13196851794413517	0.09708584604451098
0.11470934377027234	0.10825100063353726	0.13319827522591346	0.13918571010048683	0.07049544599858014
0.09515266432207911	0.10968522855118876	0.12194850467052096	0.1096700968174848	0.10893342606381863
0.13270080208404855	0.1228598304136139	0.09793439169696774	0.09363914426869488	0.09461739590267741
0.0959871295439854	0.10183688203994175	0.06804095167179675	0.12780556718604646	0.06421241274879691
0.04547823471941107	0.13522920496042667	0.10183993378985995	0.0668926925021972	0.10355915237938314
0.07600000714754507	0.08714920982556248	0.11750919063417822	0.10484336343373211	0.11873793068397746
0.11153791440057119	0.11280084784832364	0.14127112179006163	0.10668089143401745	0.14019556799813077
0.10649209654897068	0.08609182627842117	0.1250550191658039	0.1026130802181084	0.08093820585653033
0.07566198773383713	0.10000046352641542	0.07832426807132467	0.08281069380118129	0.0890067495405973
0.10206184682620133	0.15063452965592947	0.09836021093473851	0.10448447304787581	0.11342433643429356
0.10549554969091207	0.1358810849685828	0.10087335827911052	0.09418776795294463	0.12861732858814873
0.097667547706855	0.10094514774219199	0.12203227221184933	0.09473856078561396	0.08901330535251083
0.11328701463012845	0.1080258895419999	0.09577143772818472	0.10349898090584289	0.10400904396365655
0.08268046453895402	0.09568234575424787	0.13254681992392456	0.11658950816517934	0.11839536976960385
0.08194177808181792	0.1291892193276961	0.11480426360012035	0.10505250484496645	0.11345388030280242
0.09103083331889335	0.11884261460965029	0.04932558267807396	0.1213415499354226	0.08982479112164707
0.10213231970521051	0.11445346553369354	0.1144037554559948	0.07663809960048752	0.08337046192108552
0.1277331541776189	0.09170029138348061	0.1103483679811667	0.09447323863864987	0.08055970722038862
0.09812868630990998	0.15929754807463345	0.13379457444275605	0.10990155223387936	0.11362737327271864
0.10216495656227459	0.16935471856934836	0.08932818503720502	0.10506500423164061	0.1244717257334344
0.10345155729129138	0.09880452138848986	0.09227547826485193	0.09158672563569285	0.09529317288268443
0.09933869641453004	0.14318415721368835	0.10070629304592744	0.12286336139731667	0.10809794529368727
0.12067751960274703	0.09434046324769926	0.1042328589361489	0.10592889082283762	0.09202534088246955
0.11470189612097315	0.1457218205808334	0.11438456394493694	0.11974890168902091	0.10355597975500426
0.09663334434960738	0.12420320322718634	0.12899166431392117	0.118459229540582	0.06425239211196246
0.10418804091014286	0.13234998478060486	0.11046852540839794	0.09074234787382693	0.11020210857272218
0.0737246387161773	0.11339996397576932	0.10983184258250069	0.11153525019963208	0.12794402236266592
0.11601246193863891	0.11365067065231936	0.13914332253640743	0.09829721845666764	0.08051663142396524
0.08961215051967834	0.15104661470636938	0.11799136151353694	0.11565405326699728	0.12172901772253653
0.11997207853023811	0.08877015094027957	0.11156787115129689	0.08925888750418531	0.14126193754768232
0.11654769300515228	0.1831698863108468	0.1317228154486818	0.12340556862330267	0.10244598933882532
0.11920378072875788	0.08979601888368516	0.1369136430998326	0.14059609190708336	0.14303651573080947
0.10492307959224277	0.1125297658780094	0.1331851272828823	0.14451957407361957	0.14565367097103932
0.13072904617394532	0.12476505390612472	0.08825017032713757	0.09711240766511951	0.11105051966824457
0.11901422096609982	0.07037142603248989	0.15639219803321766	0.11422704893898625	0.10056195240308448
0.12291627652446416	0.10811995407134743	0.16562823145167674	0.13933672902134914	0.1573426673136703
0.15792168291950556	0.13400761205604617	0.09013934698659451	0.11077286748832046	0.110486107640944
0.10204760015805434	0.1340745718503312	0.10546324646949834	0.1259081336538596	0.1689727919751662
0.14895120629303832	0.14842799450868402	0.12130853439915466	0.14249292491928436	0.14561591316554512
0.1512480039484029	0.1202606884518842	0.15370466055280033	0.1341702549636336	0.1705582381846571
0.14290458871106868	0.1266649369536388	0.12226653676600262	0.1508615335421766	0.14411514459905417
0.14413530081464362	0.157079848386404	0.10504908557287933	0.15656722605119	0.1364148489798377
0.17730710132876573	0.17894672389755406	0.11786468834311559	0.1265954450618012	0.11974058711123585
0.14289459113266098	0.15116846566490477	0.16740855940292468	0.13309163121560627	0.13180481749427422
0.16800294408883154	0.14926488550876663	0.1463214716745162	0.18938440281870858	0.13684781068857535
0.15374948702840452	0.18902490312488	0.17523666266850912	0.1569674652512243	0.12845253884493904
0.15561881184103998	0.13886696694930586	0.1839466571669266	0.1798200202890089	0.14998230185496034
0.1280339925925666	0.14562611082494017	0.16157212477729235	0.09927397227886443	0.18728101382575932
0.11628034032944105	0.15597733866564284	0.1191733263710273	0.12845427932602904	0.17736873064915165
0.13279561591605377	0.17667428351651623	0.1847496321084667	0.18155461893269392	0.13902978973698735
0.1602573516489688	0.13776044924830844	0.18878489412114124	0.14842456957996922	0.18233937279627935
0.1602744085465072	0.1872461709981701	0.1648619639983218	0.14561854105767918	0.17278555909846097
0.16771347953621568	0.18384682621725462	0.14815642403695145	0.17805757254282226	0.16679078376138376
0.2185561141312136	0.17569972589256883	0.20928613686037864	0.1703957331978393	0.1689541116239326
0.13671425824831607	0.16807193293285572	0.20882750447942902	0.15232335809283515	0.16535766013374398
0.13356176812358514	0.20023182001418105	0.14927294585797293	0.18042837564666683	0.17825844135291724
0.17158976230357273	0.19278346067597232	0.18221331885955733	0.19082667934778896	0.19593717415118928
0.1449690547844161	0.16496734553379794	0.19915685721632104	0.19176996747966954	0.195221228700455
0.19795234407707377	0.18969029279338756	0.21292842566575235	0.190148469195782	0.1987703229518477
0.192773486217923	0.16424390393706728	0.21402019540389888	0.16722475546054727	0.2045058075583214
0.18612033608003725	0.20154061124694345	0.18448384462761297	0.17205182711851613	0.18715065538221284
0.2013155471683621	0.20814922644813594	0.22554888261317765	0.18614623332493635	0.23200825800699734
0.2443673385583957	0.22762088154415958	0.19925966290290295	0.21059661573661118	0.19475616092765402
0.20936324234191062	0.2208190989709919	0.24350683708464613	0.19561679105951243	0.20704552366823956
0.21747892744853137	0.24217925968098908	0.23678895570246422	0.20332511197101574	0.16706060252093416
0.2209998570868742	0.24972664738357356	0.2032380651089212	0.23660803259656737	0.24182344461257957
0.20433666070365786	0.2231635078816442	0.22829064235079544	0.21539291743535324	0.2048050811283254
0.21693581467162912	0.24054122373424064	0.2293225072091339	0.24145124824533465	0.25351224780489895
0.1991405206921085	0.23699585339701063	0.2542369832456459	0.23481424439128135	0.23486813101685902
0.24542418018339027	0.21778589218431346	0.2606436889606008	0.2514632595891005	0.251894218506362
0.2435106646542248	0.25259327561920364	0.2624946996010923	0.28592630607610153	0.27469048126935314
0.22930714373954897	0.274943002685776	0.25455336331073464	0.2775737485548945	0.25398151056901475
0.2857016828535628	0.2933000921047917	0.2965155790733648	0.2581087250839436	0.25639886359851105
0.28365253307968014	0.2920242027810925	0.2998604795486064	0.2852413117422581	0.2762515236752387
0.31349095977414626	0.2636329898659907	0.33871239052526286	0.3064453445420517	0.3169023680727629
0.3058016578175691	0.2945473473641798	0.30504175390123633	0.30721242618429917	0.30837899310024447
0.33775407132870594	0.31100672271579355	0.347250760050238	0.30164820062057884	0.29512059491340265
0.34801650806501083	0.31421063338740135	0.30516405041101846	0.3112955065427188	0.3299898976674386
0.34010648232182983	0.3281183820651963	0.3357438077278194	0.3800970341741676	0.3305991580732005
0.3638167559627348	0.3367019194252292	0.38435284016623694	0.3603228247553945	0.33141594103525635
0.3617144797449225	0.3873722161283217	0.31235160212074004	0.3348791049905319	0.3651822492061841
0.33122474480134223	0.36820602599765445	0.36159245711374693	0.40273169361642336	0.36822351537175196
0.34976846610062345	0.364962002646389	0.393274001573114	0.39621635376478603	0.37154615800833396
0.35597019285890524	0.4094443472054193	0.42134061713486287	0.418419674487807	0.41079346628613383
0.4039565504655902	0.4086071927439287	0.412183318128359	0.3974001992015104	0.44040667009538986
0.435714036966392	0.40718098608015235	0.4312168877030021	0.4507058937111794	0.44645962927082866
0.4418313018780156	0.4527855657795528	0.4165490235033319	0.44432471016493885	0.4420736139072026
0.4206837975128163	0.46701339318781615	0.4659466984885661	0.5122701050329781	0.5102832796414858
0.48968921200708065	0.4716132414670019	0.4956791252821901	0.49874113599557074	0.5049594609243139
0.4864877574278902	0.49309687443420436	0.5490664305720685	0.4997849689132395	0.5487711590440576
0.4827189961288431	0.5627875664998452	0.5378876514967589	0.5264634405766447	0.5040348369523512
0.5513411194104063	0.517685890301031	0.5244498337527083	0.5626865949244743	0.5592379618106744
0.5675673296353302	0.5150927169955923	0.5656966544272468	0.5854978486024254	0.5676445609635731
0.5897458757035364	0.5897075655947392	0.6044778048781616	0.5784881047752319	0.587004446399005
0.6142948325523634	0.627204738787452	0.6374574553842828	0.6363691509669807	0.6208872919926117
0.6087354810796891	0.6490202207804606	0.649957420311073	0.694503107390797	0.6766781255251476
0.6469832569863699	0.6948320907504356	0.6546203966672782	0.6633583256632211	0.7164564630627328
0.7278114047002242	0.7043640009682678	0.7373367772425908	0.7308724017734911	0.69176263462412
0.7555769090736394	0.7651989630140204	0.6995791568576556	0.7890568226731165	0.7422190711856732
0.7730098942039643	0.7929768198292089	0.7541557523844272	0.7986009583142963	0.8112164095167618
0.8277727476112917	0.8267552151249444	0.8113914177926864	0.8150096564322075	0.8043153650902549
0.8561993077696732	0.9012308492624596	0.8607856545408836	0.8924170754726486	0.8783190333849087
0.9138376967403015	0.8721992431772811	0.9319083446401979	0.9315370659501238	0.9171703258660546
0.9541515656967857	0.9551041970552144	0.999007861785542	0.9803172517746689	0.9528103339219709
1.0166049269251598	0.9847862906377388	1.0215959357695463	1.027181704783035	1.0150525545669893
1.0563997154660245	1.0856974242633448	1.0580909158957739	1.1017996963677092	1.0763517066773274
1.1254516950915066	1.0975020691652366	1.1816115835305252	1.116651439503938	1.1493792324506
1.1291790081847606	1.17834745000583	1.1994168318857423	1.1536523385384827	1.2268413397966982
1.2101463667789585	1.2259766455937522	1.2408388036930247	1.2246868553949672	1.2807829973263558
1.3378313932768633	1.31040536913347	1.3495389328678227	1.3752462271822392	1.3451684485767463
1.3428243232885833	1.396806095944953	1.3581023148471987	1.3800288448711673	1.408628150518548
1.456183398764485	1.4374562785429696	1.505925394465755	1.5166559737092062	1.561489442114354
1.5154844154489184	1.5735154427765152	1.581102935915265	1.593758347566056	1.6103110079992777
1.6146105920116895	1.6147731176227786	1.6362831259378867	1.6789161367876688	1.7259540995765297
1.7632703047928422	1.76557337974724	1.74063894172361	1.7979743802461017	1.8291775854814627
1.7874471911551488	1.8309861774586123	1.838350688528829	1.8449284766872542	1.8762637537538325
1.8731096337583868	1.918712826242253	1.960150929913917	1.9640480822067738	2.011222827493715
2.0378173795124077	2.0145656580973603	2.078977071490963	2.0716275084572136	2.0963271089682656
2.0678458765016727	2.1472463053747837	2.1518501464738375	2.164946811570007	2.2124899178523196
2.2160198581709234	2.240674547993443	2.271257455750472	2.278913511521324	2.306949741452417
2.3456402364839666	2.364672190487579	2.354751533315958	2.370678981595855	2.4269456354295076
2.368061469486938	2.438316498648377	2.458724860288624	2.445367067025149	2.517355110268393
2.5483569092681932	2.540397638787567	2.5692452604805514	2.5455902525269134	2.586491653029687
2.6235036240548486	2.6257577410461277	2.657252853000675	2.64832555554658	2.708623727708928
2.7214176836192427	2.690238795400559	2.71593600695868	2.7292344661941477	2.784751088772729
2.7489933000181375	2.816374279745428	2.828065928138582	2.809919527146442	2.7691588802383116
2.893832140027533	2.854700579244028	2.829017256737074	2.883139620959642	2.8726781838921434
2.856159675581749	2.871066343617559	2.820018090807392	2.9207069998076536	2.893527321022557
2.9068521523403206	2.8777834441462415	2.9037037548797806	2.9124243639422054	2.9217873522650937
2.946062029522006	2.927073462243086	2.9200034828145993	2.893117739732536	2.916275273824856
2.892759235394513	2.916844110579947	2.921831612849513	2.878966840270425	2.88029127949612
2.879752270630466	2.8722534962131565	2.8572249132214087	2.8600026230165	2.845385228498093
2.8775592004799453	2.8177323825375296	2.8115332097207597	2.808644267404475	2.795778996550924
2.792667240605781	2.755981166686311	2.7214723308842945	2.703524098989729	2.6943772468043354
2.7153023447057074	2.7001911256694537	2.6481101075117364	2.6617802211726302	2.6162944396952263
2.6116731817263	2.626516504344071	2.59430335412843	2.5531786912354595	2.538970187330727
2.5257327971661643	2.520637123945907	2.5224827332410484	2.509105258697388	2.4656547990878646
2.4500369989890505	2.392307160328792	2.3699904656822435	2.4032025001514827	2.358416821011209
2.3140588201389622	2.293903936626436	2.2840634588463367	2.268703167942069	2.2320906423154696
2.227260259350653	2.234115855100863	2.173146532083502	2.1153443821779914	2.1473931395281727
2.1275204172756768	2.14634804417451	2.093896073790387	2.0146551771150634	2.0310297141883114
2.034469884199657	1.9911404963369947	1.9828574606725926	1.9715899844931237	1.9534575430304393
1.934070131226333	1.8535254081130856	1.8485013255784513	1.8414196418727087	1.8692445186608686
1.790146185013939	1.8354286298551965	1.7803246544289875	1.7523756504199537	1.7588681824052665
1.715086659644193	1.7139960334586717	1.6593662353066432	1.6591519692904022	1.6805236149628646
1.5959009740602335	1.5757413686393313	1.6006290755158994	1.578917324967855	1.60166436039662
1.5369312376766573	1.5180898429575391	1.51697409291726	1.5186363299397816	1.4511148091621584
1.456812128395737	1.456702232640182	1.387803752859656	1.3896458209338147	1.3737737958135154
1.3795182948795033	1.3799971890899814	1.3670881404373951	1.313269106290408	1.3264431650782305
1.3000564125313114	1.271814443250785	1.245595878047109	1.2853419129453512	1.2122895985991442
1.234361460250195	1.1994997300026689	1.1775081768712408	1.2096381140106578	1.1906007957225193
1.1433489341290735	1.1614289393893809	1.1411784305901105	1.155744599759614	1.1549495786863073
1.1098636362606307	1.1416150393436002	1.095609596964448	1.1009054700116288	1.1120525556394019
1.036678129309685	1.0292928477091068	1.0183891715341502	1.0389350341767987	0.9912469870638504
0.981790489966208	0.9758175492358944	0.9519037706899919	1.011996460309646	0.9215147225701537
0.9101396111848974	0.9248101243428292	0.8732575800472844	0.9382306622035863	0.9182714381965023
0.913954023341557	0.8724220744995478	0.9109801828585479	0.9085903422852168	0.8658829635523373
0.861550280295408	0.8959440980218394	0.822695515590388	0.8516535102027106	0.8423572186070815
0.7862097365258008	0.7849586361127856	0.8038275539746351	0.7851311223800546	0.7798036523724547
0.794331352196599	0.8054084746460765	0.7668128713940296	0.732123190783782	0.7770938380706134
0.7221322653895321	0.7605364094416585	0.7416172480368447	0.7161658919382062	0.6958079869635936
0.7088893525846638	0.6933787188262833	0.6937808061475264	0.6730553730620117	0.7052762298415726
0.6660664617451466	0.6889008213075376	0.6567185667177822	0.6471203480212435	0.6517047779474295
0.6587198509909703	0.6339324541237745	0.6181692476188897	0.6000609895639184	0.6512401919077385
0.6321808884339479	0.6332349686599811	0.5734082114616316	0.6159021067282506	0.5504677865263452
0.5989043305540037	0.5974150710532519	0.5861492568350108	0.5232289767521059	0.5568955390602037
0.5546988176538425	0.5687887702540642	0.5525744181521206	0.5248436859603299	0.5389938144744418
0.5533295170993014	0.5525768609951639	0.5210003895062112	0.5499439663597563	0.47771581551983094
0.5245226170050286	0.5270260612407385	0.5261051365180928	0.5238293820705316	0.47744418705848557
0.49514328775849187	0.48619898408381523	0.5028929147280203	0.4806575575492889	0.46790474364990453
0.46939339542787084	0.46914926291878256	0.46796718419250094	0.48883392382172924	0.4417813486840699
0.4731592144079147	0.4683178955599811	0.45345125717178875	0.44206062377376953	0.4390058022892533
0.43125618844326824	0.4511867895820481	0.46180341784957096	0.4357830846115506	0.44044057941905457
0.43746047934197735	0.3979077289984872	0.3811312750612486	0.4069803041243952	0.4068129157314762
0.42118751728808296	0.3761779414414729	0.4104441938415233	0.42494065746009585	0.38545763470874
0.40606556512116626	0.3402827692277383	0.41128077987152317	0.3633535010624556	0.358071403305365
0.36588500686780906	0.3740197256608983	0.3560421814359187	0.3724487817672151	0.3746501641462749
0.349517488595298	0.3763888286943835	0.3520562982313097	0.3221559892226118	0.3555680482241802
0.3231184103291115	0.33420859309920636	0.34178614876405744	0.38658559422158967	0.3356125355260557
0.335345948175638	0.3506459029363094	0.3111823871423169	0.34413966377235794	0.3537975893615224
0.3421276542577323	0.3187358433163648	0.3359825813078208	0.2959349596013188	0.30358051219851706
0.29696520563834466	0.3642335121242592	0.3172345445810348	0.3189868837619751	0.2947683775855655
0.3421345215354789	0.2871912370465442	0.27065133842273	0.2864580278897697	0.27856333329041083
0.31860389624304747	0.30294281479351864	0.294160135078932	0.30843674020157974	0.2957105567446306
0.2667336829765328	0.31093382467709824	0.3109724977402356	0.24107178782829225	0.29699487270879094
0.2565228476377898	0.25377177598481937	0.2619327298092018	0.25545173960398093	0.3047321736412711
0.28021658766566976	0.2991660375600116	0.30756279358096156	0.27628588505877316	0.26243431490957586
0.2743054405929709	0.2588457050995841	0.23299398118033146	0.2472886384138893	0.2556645318980948
0.2671743092444878	0.25023304167072297	0.2744842117668756	0.2601035467030601	0.22380932160366238
0.28172522232651037	0.26449757461252715	0.24086534914685032	0.18909243479892376	0.22333154094651983
0.20166128458212687	0.24178332907414435	0.22883651416082543	0.20293682488192888	0.2180052980441692
0.19668567197553455	0.2406273824007642	0.23903944905741212	0.21022533519264122	0.2523041373505992
0.23411806201550295	0.2062539871399448	0.20771526370658647	0.22332633323314952	0.21675441602179452
0.21681070576446282	0.21795124700587643	0.23977711576561161	0.20892239331992535	0.18768764236505278
0.2011492101754452	0.2521214879235406	0.16671991817794804	0.20566881303012902	0.1944313904949308
0.22234115133011872	0.2472908769670724	0.19649278577537505	0.20161812697191542	0.2298607869221608
0.23417900283667553	0.213617603323891	0.2045507361882482	0.19592554909584556	0.1739939310326078
0.21671686014687053	0.1835666977696311	0.19183906435896564	0.17456712501716717	0.17242916465589633
0.1923523079577259	0.19612818936022677	0.16874941773579494	0.19860767133255264	0.1982140907067402
0.1705512095410481	0.18549863317498214	0.17665808220605536	0.20614790593705123	0.19305203847364646
0.16517951935682149	0.18129656530678134	0.163166925643276	0.1614985850898243	0.19055645690631445
0.14574465020525337	0.17362306386651227	0.15548847463358664	0.1596239612950231	0.1525681812744281
0.1713888908202387	0.16662428122946812	0.15045634796952528	0.15124630260883365	0.15592982171351627
0.11103270258776464	0.18074705878725633	0.13710299990932834	0.15791684592642605	0.1499617144764141
0.17082813271284597	0.13866838496345146	0.1498874164047789	0.15327595369023614	0.17185104703527204
0.1445685155233409	0.17545525265674128	0.19084901831085596	0.1630943451459951	0.13804997809966155
0.09790942271365341	0.13487032538236698	0.14667067988839222	0.18310455215446403	0.171233298614754
0.12625919621120787	0.143942132168963	0.1219735949167944	0.14115437071709597	0.15450558032297132
0.1291464878810581	0.13005667316282052	0.14235168157684866	0.1563361953576998	0.14071733295296496
0.1576010748596965	0.13826439094934537	0.1646168849271037	0.17078165791505678	0.12882809559298913
0.14221995748321722	0.1524737833141541	0.1608714977156581	0.11835162877377792	0.1385039613267779
0.16494905932604373	0.13311603500083222	0.12618629616269927	0.1410027068157062	0.15413243444961877
0.10989940975672916	0.14531009686205373	0.12028343683106572	0.15231835242333402	0.15182343314689484
0.14456676095087412	0.1581492326928851	0.11950598852800101	0.1419711464080464	0.13980882427368393
0.14377560427495953	0.1138063259284373	0.14957952707905822	0.10711868234601442	0.14445641763218156
0.10369629280814949	0.13860912021940225	0.11929444946840548	0.12964531715575914	0.16980339579839754
0.12476328098775549	0.1142267618406537	0.08092903369733298	0.13936009359008766	0.1171973206022323
0.13710573407307058	0.1050688582046811	0.10788606899781887	0.13527390512674559	0.10361322384473347
0.06318376771987935	0.10024037519781444	0.10088878218236391	0.13805863890356065	0.13389034917256015
0.0973108249887768	0.1212870413797948	0.09389879344657064	0.13484131106948122	0.14790945396372465
0.0942021630115479	0.0856474001784395	0.10831105740293458	0.12213635948077804	0.11517378825473017
0.1149018668126946	0.1052151577685154	0.12471122907428299	0.09947276360836378	0.10180733996441549
0.09879411202693586	0.10655835241742284	0.14309610700339076	0.10121065762497904	0.07466813971646058
0.1391039705255158	0.08526335266410212	0.1051282862818014	0.10563908557633103	0.11779733337416283
0.11627255092118641	0.0707051248233307	0.08985910401103199	0.11960442511071286	0.11167990308113346
0.1051599759826097	0.12974311348127227	0.08700408614267625	0.11692710530352413	0.10934204090939553
0.06761018311256864	0.09951044519787643	0.11796491384204842	0.0898727365695739	0.09086066705111279
0.07029842601270224	0.10955301925672523	0.12051080944559206	0.07891697121078667	0.07443725877687705
0.10723168806910893	0.09747947868139797	0.08722164272774015	0.09146156889590434	0.0393115142853839
0.14082307965375668	0.11132648363967695	0.09762936103240337	0.12275943178379477	0.10552184524410421
0.037393586516640064	0.10171441032971038	0.08454895112909101	0.10949588179866086	0.13482614128796921
0.08277217186438224	0.09290163249159769	0.11125567258059178	0.08180876117529352	0.07504860280684511
0.11228086784444047	0.11667283363654403	0.11832952358920186	0.05245152666621176	0.04441643058656243
0.07684374052339049	0.09850855365753196	0.0885842547399017	0.12113695802296404	0.07587280393839443
0.051604117174629045	0.10576996032890135	0.08604703757381704	0.10529898819105878	0.0715339130967527
0.08210052209504409	0.06489944760955806	0.08308910570631979	0.10995214864893298	0.09221831488351988
0.06851377768278075	0.06205666400806114	0.10251848069106448	0.08730057574334973	0.08553192912452567
0.0775029769808911	0.12146428764918556	0.06683400189165636	0.07817892862117161	0.0977110475621329
0.07116891844866552	0.07359978328637982	0.07486405360538911	0.09599851863534063	0.0930156181844125
0.09255789892268335	0.08783973715948545	0.06988177040860558	0.12289699049848408	0.05629416866541939
0.1138944343117778	0.07984229557639447	0.05478227144602439	0.048940561133327926	0.09314365669761322
0.091803090461232	0.047632254197467354	0.023906134084606755	0.10373159181722667	0.07676885371056882
0.09580525670414602	0.04303920092720785	0.05368610113832282	0.018702299749206546	0.1024980473534616
0.03522012757695056	0.10668879148416124	0.09150780578333159	0.07926356099052999	0.09627843301234625
0.09055260449252915	0.09290157800129244	0.06086077929793673	0.04702160922658215	0.03757312530832042
0.09532591327766049	0.10457244121498196	0.07195561969348194	0.07312688136184753	0.07382366584746568
0.08328253197387722	0.062058713418123294	0.05855655394760327	0.07347151419346719	0.11926225905387922
0.041071735292061554	0.06443797720759888	0.06120260477704652	0.06515230393516895	0.07863549713982881
0.06928795674088889	0.06798664883913755	0.07742702098710383	0.059201182206129556	0.08715957029557338
0.07784603594814482	0.04277426524051277	0.07510743358980852	0.10327813470885104	0.05484800633613395
0.09195326741252864	0.029528212217743762	0.030559074029824048	0.03847144477850465	0.06314184814163826
0.050154429096146445	0.09829625761530697	0.08443797741445827	0.05598044037202629	0.07100080763239734
0.06634075447514132	0.078981886831447	0.05627992072319418	0.06704087938232747	0.042242785407231184
0.1051980356976655	0.06922357510335503	0.06078198167117482	0.04483817120201546	0.01228488420941072
0.04005260985340789	0.08783867149772001	0.07901469811171856	0.0712604483794673	0.02231386639802277
0.07766712271650349	0.04247765231661685	0.0005298426171673875	0.04307730200451602	0.04804783084709163
0.030654617981693607	0.08023381650495434	0.062298782401012553	0.07043701835766544	0.05468546746509145
0.06793212969645669	0.06732553889116519	0.07540203219448405	0.06136738493426511	0.06626037507313101
0.04232472150884365	0.09580910604018811	0.03227441245240432	0.049594413997505304	0.04871591996951817
0.04157283844812733	0.08646180702800028	0.0617087965545269	0.06002167169690303	0.06088933958371222
0.07838189211617315	0.06739318418316917	0.06662165685136955	0.06272653693544376	0.03939765271542819
0.06735875431690856	0.0723910191405603	0.04539402851928535	0.0357932144629945	0.02746703982461523
0.046973561350162084	0.07912960770822625	0.04157723565841774	0.07310549751772313	0.08547824714460037
0.053626557466314305	0.037958028251467	0.04864169602499818	0.06769664978539369	0.04029284956899748
0.07965512255414238	0.06139668638464874	0.059840405428625204	0.06240825904530109	0.02605097831712875
0.05412750568715646	0.04742707841131471	0.08505842020438162	0.05135568773751506	0.04921075298348293
0.04673846066622267	0.027091592928801037	0.025492928814212883	0.058861181148204655	0.06274383564701394
0.09990394396516174	0.03489196132355996	0.06581657220485983	0.08512754139418417	0.05058948230481379
0.06757706090507867	0.05502330004130558	0.0206350767566471	0.09935359759105075	0.09161355118009588
-0.004415410588972975	0.028154488175696477	0.06037553378465157	0.020363012492869797	0.06942090912163587
0.01730385732097591	0.008980086627674046	0.04470495891399815	0.0459814111566099	0.05480569528622255
0.05750270900294964	0.027118772403362853	0.03749763408968838	0.018301054281734775	0.06396949864657163
0.061371540286886135	0.05251214582417172	0.07467422035566096	0.02642375504363889	0.0766820586461503
0.0793612443692964	0.05285014352755818	0.05833138219073658	0.051077460800951664	0.048134029369768405
0.016786376463930837	0.021127355067541206	0.027975668064832548	0.045822680582786365	0.025481490649279088
0.03323171481015001	0.04578403039425627	0.056139791279714135	0.04422632477032639	0.03795866623003852
0.030500726419118166	0.06658939887958935	0.053438044808640686	0.006203168442356843	0.09859666099319957
0.04856552621540554	0.059895994383900794	0.04301372819609871	0.028377430499469544	0.06347557208682969
0.047839725526787405	0.04790950866293768	0.03666342610518929	0.04187749181457779	0.03015424182030851
0.03376621526161283	0.046802562877145334	0.05999222474491918	0.02998254049681938	0.05412033788875999
0.0809441653513634	0.06355228050427093	0.05688861262404908	0.06961543497771905	-0.02338951065236737
0.08947278881697743	0.046387703834009204	0.04981203080370058	0.02280410992364644	0.03460385522004791
0.03228919824701476	-0.023247470642367686	0.03832889468881211	0.07996015625219689	0.054451592697653525
0.06635315515310884	-0.03385311585356781	0.03701790298039924	0.04497722031227573	0.06900643303688289
0.024233513149207027	0.07420931431124216	0.028174723126632203	0.04976355482335962	0.018936446203932988
0.05680499324425861	0.07948123199910917	0.07677000677380143	0.03315490683720357	0.03452679276069458
0.047503656246757	0.06877514668035291	0.03258843839227362	0.055294563962865535	0.03979137343865577
0.042887636130652794	0.0330815870087855	0.0379622052905205	0.0472086489942278	0.056645364272220985
0.02102876964993379	0.026213475386718487	0.04152271083387926	0.04232221100077763	0.01818717224881867
0.014431857849086897	0.04266387074243959	0.08191863884480372	0.046095082803201085	0.05318862255812986
0.038573434619617084	-0.010355358044630999	0.035082695385509635	0.04817058792439848	0.03451434515201538
0.04183977597771965	0.018358198051967266	0.01954826689358226	0.05463750755761463	0.04835227140896673
0.012537501551922941	0.0029264507245183027	0.023933535309961965	0.024674714856597765	0.053314210592724794
0.0397612053181781	0.011088924236377728	0.03754858149561751	0.05748382283862206	0.024187868606281478
0.05802355800613722	0.031394492999130344	0.04644441453525291	0.035196775742327574	0.03422498440421962
0.023233671263939895	0.013788614011682127	0.03963122566725227	0.04578781921277057	0.04268275048535048
0.02316388992218115	0.03486408989658059	0.004377261780231673	0.013575539678458148	0.046075643641538544
0.039427369518897	0.09169026869336466	0.007189579029294529	0.018348681340626515	0.003980588729993486
0.025352559232739012	0.029032067024032014	0.03678885977472554	0.030235409288900318	0.04275363660451876
0.05167658693292144	0.022449866919783193	0.01701333190004376	0.03214582206081549	0.019321802155097212
0.02111231029126475	0.047090923651434795	0.05612499563594889	0.020624318864693826	0.0378298316866826
0.028393854332822363	0.03410748565641627	0.016443671680585054	-0.008181378598224397	0.04147202800737031
0.007855823535686843	0.003106061928338351	0.015381821967421768	0.02640926440576543	0.05364053662781543
0.02185015138182812	0.049201682477183636	0.03937779902455951	0.04280007508288007	0.030291731607403442
0.06853685448085084	0.017097474933192736	0.009142641351779572	0.04850132937522363	0.036772465140248914
0.014890135643816978	0.014372276967803016	0.019720622097373304	0.017602613223678707	-0.014334636914125745
0.03758327343823901	0.018223876625235197	0.024295607849001612	0.08375986098954112	0.027207674636617687
0.008787516833243789	0.0195497580866071	-0.015420666184203145	0.0602114975488988	0.04459056847092579
0.03041704361224663	0.033363318382200004	0.02864292491850364	0.07250750500416736	0.033234174243670776
0.013816662554634252	0.02659275564331165	0.0421894176363202	0.05024339871109099	0.013157889981822709
0.013184472149084138	0.03205469400541873	0.03377348543128471	0.0672127908537469	0.06631713292342413
0.025778859614023097	0.02048522035369462	-0.025828589233064816	-0.0010552220650885099	0.005537947721696692
0.025906374404738114	0.02464953839238585	0.05847735589229124	0.05140549138933983	-0.0037877043013551347
0.02219394591315115	0.03673686516454094	0.03749457883065047	0.04032829524786676	0.02610852844358728
0.03105457358910297	0.04178971489445202	0.031687246780653475	-0.010861736118763132	0.013752515298842803
0.026033957440524856	0.05346733514497933	0.05645251406950442	0.06235301297548413	-0.0010053250918448465
0.02543956787385577	0.021525259506295313	0.035246738406156046	-0.0037973375927039324	0.04258378875729135
0.014600883222221053	0.02901890522261362	0.014023361160888266	0.021090038284347273	0.009911390663375092
0.024338161121362535	0.013670756948209954	0.03620993504215051	0.034026714557450356	0.011458173866637434
0.06500027197275929	0.03017048869324104	-0.007996594168210577	0.06239814971764224	0.010691047039785274
0.04301418835833427	0.010572729018968241	0.04175795762553785	0.0030476725954297953	0.0503625261587026
0.03308625766817866	0.043393588980597975	0.052357049342607424	-0.004972325794853851	0.02590147536092251
0.014091031273846387	0.049703289743081	0.08063430610177233	0.05916777949404166	0.007747508618387864
0.021575963245603142	0.017224419905391444	0.030119790551423553	0.031470209388629884	0.004981085597556415
0.027494618431838383	0.06335928257106081	0.04461021267676718	0.020607442730833512	0.07078135300991192
0.04343856403361451	0.026975084846664433	0.047184859651101155	-0.006915371621700175	0.032018021227694995
0.05361265645816439	0.025922865517426695	-0.005494816663733257	0.0051560852092072396	0.053616470663763474
0.03243865895422017	-0.0028491225195130163	0.018636248613135155	0.05544857926306803	0.004575225616369168
0.06460681543472059	-0.012158120346383978	0.047092069677459006	0.04133679689580428	0.011600146094339701
0.0093467354527585	0.01020722295308543	0.0026897098563905463	0.04490754695851741	0.04927415436411545
0.07890095546564115	0.018057116810755364	0.002374999183266214	0.0186243508077573	-0.012874332949980215
0.033026324313280266	0.0629826266325193	0.08261664933007706	0.005921715946041499	-0.03520415698744053
0.01845032239643285	0.02560771874990872	0.00290376469107683	-0.005719307757460326	0.019865244276097697
0.036473764835368884	0.05291605998345945	0.010064318886007825	0.009161067443080841	0.03899015594213162
0.03245098539960449	0.002462497080162225	0.03221477618642485	0.031431226948552576	0.01027553082703905
-0.036907074348760324	0.0012393851485270387	0.05090309398601528	0.052232038071447155	-0.00206385245745416
0.007136139416789055	0.01260041058280074	-0.017950453596886618	0.015106098557712878	0.03964088590242056
0.03435516593393317	-0.006247311948244101	0.04471909675014676	0.03026997006185788	-0.007203189234620173
0.01923882099169347	0.0012305913393204507	0.033903416132338354	0.029322096765451146	0.03522575094329678
0.03253570836138386	0.008061671811246292	0.04073308873987719	0.013759387542697442	0.026759535729129095
0.03534835431173441	0.015557644184653236	0.05567360062001539	0.009712201730000602	0.03074463118532472
0.01894772096927939	0.029212188570793884	0.023350149684205814	0.01592518523922743	0.06819025564130811
-0.021441557812582855	0.010367379615823326	0.08093095226099632	-0.011590312138158384	0.006890468871338309
0.008582176088516457	0.004006127325695094	0.03801860310110896	0.0068158057043178006	0.06638057355981476
0.0409287647722237	0.03787266123603462	0.029188461007089595	0.000467855653547556	-0.00013935235556665699
0.031650261171448694	0.0042970823505626785	0.04844737622280916	0.0038498895239573346	0.0007616521254128974
0.013537655774209019	0.009737353453595908	-0.01685038967335552	0.02263155927761596	0.012978617239543596
-0.0168434087581403	-0.013488093163726813	-0.0013629127743015404	0.024879553661648846	-0.005911244673375595
0.03791263211619228	-0.004639017510700222	0.015416265966769219	0.02453629476174582	0.03763831534649235
0.024590557546665	0.046384703187323566	0.04709690098331874	0.024502978466913055	0.032214595188707285
0.014597614054648569	0.05391261999887499	0.019818218962740105	0.029288541927943754	0.05882459532841794
0.02489118954199166	0.009909392638837673	-0.0037756856054639923	0.04487590919690667	0.011781175392078961
0.026457852367124515	0.05414977700749614	-0.014050783498467391	0.014590416000203934	0.007316952555777342
0.03973234323708416	0.01749370800198972	-9.001924951058254e-06	0.03590768071672074	0.0365210466592269
0.036517897513652295	0.05796650588686189	0.02348729200256348	0.03643237246591971	-0.019378163645779715
0.08046409524598361	0.04479663190437125	0.031126200629649384	0.026938960013183275	0.040619672361249776
-0.0233754332514467	0.05532017586458441	0.03177231286293448	0.043753140355493055	0.0403749749789049
-0.010603000861615811	0.02753406968851415	0.06270709704581204	0.0026662208949834176	0.048689314332256546
-0.003619447261419384	0.020450746297717322	0.03243264363123673	0.05927778444671248	0.04156204916218898
0.01213850414038	0.021344859640260665	0.03169992967219356	0.034385913266505946	0.04079178437509246
0.01070545872378632	0.029765844633635397	-0.006440609941765768	-0.012930527656289997	0.008643834522527743
0.018685841435991318	0.016109740660690836	0.0360674871204629	0.011286562774480317	-0.0009765134500127511
-0.003735516432740507	0.0379198868720008	-0.02016982812852481	0.040260244446585616	0.017494917291530826
0.038160075116706015	0.0415238354858283	0.0428128217068188	0.02070616314182438	0.032158992783702434
0.05085329516146263	-0.01887450221825223	0.04300138685460092	-0.009445487283619785	0.03941156894434346
0.036961587771999635	0.03590798488351879	-0.003659445293239267	0.046726879184843535	0.002613527101266436
0.027733354785204577	0.04746611331666925	0.05548666245888322	0.0018647001467905324	0.03295547443047729
-0.005032279809550361	0.036634238948709	0.04946401080877781	0.0018347276474789656	0.0044704745510270585
0.003790803330513617	-0.0008735911794923029	-0.010535278179435241	0.0450466170553368	0.01564291685971423
0.0372244822066554	-0.002295930528940225	0.05386472919015293	0.03252257703683999	0.016917918531335344
0.05226567408163784	0.033177941298478564	0.004831955000896347	0.0216767314063557	0.006978796417173484
0.008158047768356776	0.038359695174939826	0.02314815944368503	0.03055908586485252	0.028003635080264155
-0.03811033245511241	0.04506662917731251	0.0549990269023166	0.029905211782032114	0.019850832592297873
0.00824963123572851	0.011092626493897206	-0.005382842548179306	0.03759751043394943	0.004017595546002694
0.038155976152013	0.02328081186661864	0.017180462889027536	-0.0035030696135627567	0.04091871278885409
0.003257115037524327	0.04925826543716262	0.0015559168679062582	0.03546275523140438	0.08637891134168735
0.037823193105235436	-0.02111313155311317	0.029922178236391924	0.030583078575624135	0.009356128961355797
-0.008908074537065082	0.05457004625249752	0.065460838461291	0.017343703068995093	0.05293602320036017
0.039969929477372705	0.04713422046756935	0.04252360014154482	0.03995257518038428	0.01923745823644614
0.019971050068309886	0.0378575598714085	0.0013386863589217018	0.022478881539890215	0.050787745588017304
-0.025721369669027775	0.016171090607735708	0.03743737322491664	-0.017171064845687214	-0.006064199236367484
0.020984892461161763	0.021769623790658048	-0.0027096741423682817	-0.001340354525399541	0.0074706841882229025
0.003359476345091445	0.001144947726649281	0.004664660385890741	0.02705601149329042	-0.003105111603377144
0.005803156099811288	0.009941538354089754	0.01785236277115672	0.0055085679880355716	0.023943889223711573
0.042421170309082976	0.037830851414973644	0.012258154664618808	0.05912327041809689	0.019828563164400553
-0.02674819644947377	0.011272085535488297	-0.006423947697670647	0.04816514511124283	-0.03426313973146997
0.012107383090586444	0.03538024768926102	0.01522132495414127	0.025167586425901025	0.025689686895617507
0.04507766512307382	0.007034035737592496	-0.009763127047625398	-0.002461085109681127	0.007067131232280978
0.020617895830494427	-0.0035314060404220988	0.0007655465122989825	0.06208814720225962	0.06554409758252341
0.014483910073098776	0.03190346251329526	0.00455048128375546	0.0014307991374087762	0.013680998634765844
0.0626513706645043	0.02974980030721836	0.018480428236114878	-0.006895869981373861	-0.026741566841293276
0.0023188673050433093	0.012877734793160745	-0.002333297815961372	0.0010568279567595715	0.039225743049782345
0.04467385854797923	0.04478653752390373	0.015548125651585382	-0.01818419490016997	0.02258242900660647
-0.0018473970927375192	0.04146762648819113	0.04126773741228044	-0.0043554826976973165	0.0005612954259682839
0.028185939529719053	0.04640135024714769	0.04199610400695536	0.012330462791315638	-0.003639379336744651
-0.03594802879655484	-0.0017474318362019666	0.03960232069929412	0.013215839522692611	0.007412649947869907
0.028888930153875347	0.0516684901069619	0.013077797886580197	0.025240804927256756	0.004350114380821753
0.029410749775232156	0.04040511279388659	0.041824930035898364	-0.003190154707589328	-0.0315196737260602
0.009682200174742155	0.03545018317380861	0.050870283544420865	0.007621516692156114	0.004879314469277132
0.009100365673292468	0.008294817356380251	0.02420600447778285	0.038136376607812474	0.04090463352231434
0.05539370259138488	-0.026702268814823803	0.01839966921408931	-0.011027896629806704	0.007962116347787419
0.05456499868649656	-0.017374724188086423	0.008967154516793932	0.015621817543077923	0.01060183732495738
-0.0002676970661300861	0.03995463637056806	-0.01873481648774006	0.012848220528168062	0.013561102616982956
-0.010543587413003607	-0.019374664857845468	0.0444076429797505	0.043217947842792814	0.017719204262863907
0.0015691320839647362	0.02614150877970077	0.03672675839574199	0.02768439001438795	-0.007129788707678558
0.01590915914594602	0.006278939552547005	0.012215078314149549	0.010146552802098857	0.04881127996450025
0.017309021131366252	0.015808047298656674	0.003163903905795246	0.00555938146190681	0.027270397875943733
0.00326358603295855	0.037875959680008224	0.0014488927716129279	0.02696249828017326	-0.008940475404914272
0.042917489703746925	0.005081744159590531	0.02875373763795007	0.009955648029702852	0.0030903455758801955
0.016545065838944467	0.008467954936753676	-0.026368290081009656	-0.007526341529481468	0.024655368610125898
-0.002232463989420798	0.012467814413306291	0.07138679822610572	0.029281554625362617	0.026207809561738193
-0.010481330897818926	-0.012805831462488088	0.014069403244283414	-0.011603143289536266	0.03761811043316926
-0.0002495822762423978	0.0024981533925658396	0.01979859700312087	0.06321493553739799	0.010943338382010961
0.027865317438427236	0.014779213928274658	-0.007612098228905922	0.014544678260169069	0.001601927358111297
0.02599129023214166	0.01226360090126627	0.029544283795176825	-0.026575522463276664	-0.011524731461646037
-0.0009377093511941017	0.037775298267213285	0.03772548986533876	0.043982112657480345	-0.024782008822755434
0.0313452992569997	-0.013294752572588473	0.03939696613583598	-0.001871924510164739	0.014646438872601947
0.011947383306754399	0.016288000535853397	-0.00011279474444135865	-0.010005133369394412	0.016073380235156833
0.015803788467436644	0.02893956929238746	-0.02899424717261876	0.01655359307302481	0.03039101457195896
-0.024913359744481927	0.004305080854164791	0.014043637545748383	0.023881571123157586	0.013854588526917367
0.040638974596534046	-0.019776828751839115	0.0014770317895623124	-0.008838117708357737	0.02586471360140973
-0.009121136658203202	0.019725412808307655	0.014259573174677912	0.0182013550048922	0.012488693911537015
0.005381068523781573	0.001423218992443942	0.006396844476117544	-0.009101411363400222	0.020302151205503056
0.01465009135569018	0.009801517993618619	0.019044338629876107	0.007657711215416255	-0.0013457615124252992
0.043316483754565094	0.019103356096136857	0.010063046080276507	0.04038565824746626	0.02500228178130244
0.0120510576528292	0.018410681822571502	0.04093785696228698	0.02041811958736699	0.01558666287148395
-0.026385576699692173	0.04154926683726618	0.014754852114268639	0.06194803599878481	0.016239030649033544
0.004053558856846624	-0.012449617725764722	-0.003921976529203886	0.02202995306536431	-0.023413968138509197
0.028764504074382646	-0.025744488180832303	0.011771126710546694	0.007198214543444189	0.03987324082237525
0.02564158406220693	0.02325864641686788	-0.0021500193185500296	-0.0228376822697242	0.04891444729514483
0.020581565914664316	0.005357741173650761	-0.008160097975030452	0.05744355250932686	-0.0045345490969885514
-0.01981678269352301	0.02292551842386687	0.08437854500812414	0.005632830686337767	0.015591382204501025
-0.000914488242256096	0.010523717746671366	0.04562732917717578	-0.006693528981889509	0.02236479666929119
-0.009351095017621696	-0.006980481532629223	0.03353312058880364	0.007202426419564612	0.030232696454159328
0.05393736473683982	-0.026788576242310444	0.00029869587629021327	0.01778315763959821	0.005435290317146813
0.00023408094994726994	-0.0003513363321477152	0.02344007154916067	0.027005022103079878	-0.011031122871395533
-0.007180949677332617	0.0034730341271539678	-0.0007509675383116097	0.012612086541138124	0.021966688598235917
0.007443704884764746	0.04662659612350601	-0.03399255893715697	0.003992971383271816	-0.01976507208642673
0.024272457103450815	0.03601811047233533	-0.012198813496680755	0.00816596381630885	-0.02648130458406983
0.03347056799519631	-0.006964761453066811	-0.03150586837646467	-0.011974322014211631	-0.006392682228890608
0.005119010915436815	0.03924094342784258	-0.013208280701135866	-0.030675265805167	0.05221485355371604
0.0026121096059390217	0.027913536024139908	0.028461382963483724	-0.01154062034411013	-0.00841914303324729
0.003986048038916714	0.024628843214362685	0.022853392878046844	-0.023817437172403148	-0.016838468172961397
0.027982720302767793	0.013954584257573524	0.0142195922137311	0.042733462348605866	0.02698855317475761
-0.02790993185929374	-0.007040379895874134	0.03617275559013816	-0.0028530186828881667	-0.006963182247580341
0.015097469595890575	0.0148290069046268	-0.0034609151628271226	0.01695893907657285	0.0023488833898341983
0.05025749312624151	0.010321956266974606	0.001625328709514564	-0.015954665191927873	-0.009133986285226976
0.009080390527932402	-0.018703214139845967	0.035015594092757375	-0.06044227077745157	0.005854652934540927
0.03658198345255992	-0.03322801876954982	-0.0005897187619173646	0.006996071173903091	0.04091991712728153
-0.006524237505738912	0.017324609776667353	-0.005816942782449753	0.03775798870172554	0.013120868731054596
-0.008542643406735268	0.00013896150305438976	0.02922084531043008	0.0188540150553256	0.006310536486534205
-0.01159640294280511	-0.010503033063683265	0.008659398450153486	0.016450666928611118	0.029731913759552024
0.011739224265018382	0.04006206052468048	0.02890033534801901	-0.005843228543269446	-0.010815723951555212
-0.023009222355667686	-0.011464933851507106	0.021991892704731036	-0.02024867484438936	0.009721401943484542
0.00947720337495694	0.02764977873123849	0.02580796189569475	0.01004527481985804	0.0016486814768047996
-0.005431054304799734	0.027594735013216853	-0.008671100065233186	0.028006845929767633	0.03648245671654481
0.004384224571167664	0.05068000443272609	0.00045204594257683244	0.019234253093852245	0.04329394959135986
0.0329841665438525	0.06922880903754859	0.003803539237998768	-0.008199102131716861	-0.017397336015795618
9.538173571041215e-05	0.02025659483331461	0.0176556947604911	-0.03587631675151732	-0.03711777350112551
0.017949708266037447	0.011714965376224736	0.0022482278648016923	-0.004560444426802225	-0.023301618697543228
0.03249876092944262	0.008328297889274361	0.0007451738921419836	-0.0006684736300073021	0.02624203441528989
0.029917627057036843	0.032894214914702395	-0.0034987328880224013	0.034535720389389575	0.029206339131986767
0.02080147253123281	-0.006811717579280825	0.05992085495423501	0.00791625310953669	-0.020282803521083248
0.013612754268380881	0.02253630618101647	0.04075870418898159	-0.00039983846262523414	0.01556388721175892
0.05070071004202398	-0.00851441811213885	0.029391453234609375	0.013935122181617512	0.00810991551663455
0.006873947794720739	0.005338275479818109	-0.027638447654202664	0.004879857109687953	0.0066168803908095725
0.011703861259789734	0.018008632152201227	-0.004545064180221191	0.016742109198298025	0.006476536671294815
0.015369137823951107	0.05850184125413043	-0.015455163944658758	0.008818011953855417	-0.030148604852498963
-0.002604375470914867	0.0022704487789529464	0.0451231514177097	-0.007902545368295131	-0.022899261071935358
-0.006409361945249821	-0.0045741238510914415	0.016983322758286606	0.00623406492923286	-0.00040805757889106516
0.0055316981874299264	-0.022181741279622316	-0.004641325915356811	0.01505450163545648	-0.0007423579362677915
0.04858942281052036	0.04645432189204941	-0.029170049071136444	-0.008896988515852793	0.01138633708180216
0.0293953575027593	0.0008183443345825773	0.041030162003175594	0.013685859989728164	0.01609535214248525
-0.0042951284925271584	0.01656841894042526	0.0461009801267944	-0.0195254051870304	0.0013169411710690394
0.008200534720846787	0.07074658562615554	0.024027783502610874	0.024831700238255358	0.043421970130657066
-0.004898362230499614	0.0010187970542225241	-0.00845168039339481	0.023821008246392626	-0.005974065199630945
0.021209242181144193	0.010524783700867747	0.01537457847366674	0.039540021225879844	-0.022036306079688185
-0.009888117098981252	0.020373151277772006	0.029619370994652863	0.009855277165595583	0.009898900160010545
-0.04899240873029998	-0.026771432069435035	0.015801813662696368	0.0032660732129315296	0.011287159198979501
0.0032599440869177316	-0.030772675493039716	0.008531648398040902	0.008331513339249915	0.03087433138761338
0.05656003300245668	0.034846611325236455	0.025098064262222136	-0.0014504339796427262	-0.0005283198126545333
0.014692252644837972	-0.03735174610651011	0.018732962044439506	0.05779785865252668	-0.02056142781613701
-0.008845767611557372	-0.003500629327115752	0.05789998849896678	-0.010110519783158495	0.0055722036129222715
-0.03202819931729662	7.797947686636122e-06	-0.02124429738235299	0.04169681660928541	0.014776028596448422
-0.019821057876401545	0.02501443684744642	0.00866755257177143	-0.02513506470805573	0.05761676908714473
-0.027138310861613005	-0.023044123544243563	0.00406118814710121	0.03165912522930369	-0.005381952858679604
0.028701259791944152	0.035861979983249866	0.015722621622087166	0.028634649752548903	-0.0126506802047512
0.016004197151921105	0.039026449007765585	-0.0015044962816888642	0.026172609066656128	0.0013108888226994256
0.010283159459251285	0.000874317849422579	0.011900565900737164	-0.002708694399332216	0.015774387949618943
0.00466410405434027	0.016312596243928407	0.019144017428237015	0.026143525928134206	0.012978367483625816
-0.01886747023310658	0.028717259506379402	0.007756889214440811	0.0075430555980418295	-0.010180993850013094
0.022726784557055853	0.016111510896804414	-0.02035625515120297	-0.01952498418781097	0.0034785537608033558
0.019206105553292323	-0.018828036825146825	-0.0033365648943193523	-0.04043859440096234	-0.01602251494496745
-0.0008426173095214219	0.017484989132351195	0.0014003200622687262	0.033698130658234994	0.004653478903041389
0.01176622425102013	0.01701417686757745	0.01695178131764766	0.04549920416665275	-0.03761845715488631
0.014404779758244144	0.034636344883487075	0.030077257207268462	0.04164479257481525	0.01584631370464383
-0.031328915307595295	-0.018403475316975868	0.02585430566971542	0.011094871304840678	-0.03694766354427867
-0.011691593844246072	0.0335988536691825	-0.005973409694136168	0.004552753770758612	0.015257872748335037
0.0009142372222722493	0.026445520417145478	0.00658812974310324	0.048645936010863644	-0.0022986987455533734
-0.0006367923677764922	-0.013499444642595195	-0.026776565632891092	0.013106677001368689	-0.004963204788848154
-0.0016260473292390178	-0.0005622942310792535	-0.006014064841248959	-0.010398574696200546	-0.024687968831488858
0.019452088542292387	0.016460011317037927	0.014138156464823696	0.03631129830690803	-0.012262595744728221
0.024939133507855572	-0.03609278893244541	-0.001862912968520621	-0.013174506524508672	-0.009861858444879874
-0.010144965749776939	0.006085907715560271	0.01747176394624721	0.0006615473614805553	-0.009621016028588867
0.027911879009638627	-0.0015189676154629874	0.02402720123059995	-0.0011238804594459325	0.03017657224261273
0.005766058823414539	-0.02807766217447674	-0.005578727853680604	0.007671281503259512	0.0394324389712201
0.026536281774664633	-0.013064980521587614	0.006910330557188848	0.007224539799652035	0.020918490980631015
0.02623495297950865	-0.006749368730312887	0.03344277831255574	0.015699716484594582	-0.0033570028758733877
-0.012097347593865706	0.03200452449480776	-0.010405172974150225	-0.0047841447234882655	-0.029940917271019003
0.04293161360353442	0.03710966849253518	0.03655115470937434	-0.005106770116311068	-0.03110331240998496
0.020792530184035495	0.0417594651672612	-0.010653370887295052	-0.011867965586120388	0.000818566681409812
0.014698885811608074	0.030786812762747258	0.019713099325344464	0.004099330252177326	0.020742890336363583
-0.005585929224209036	0.00712842157567059	-0.006692559369607298	0.03096416171107002	-0.02891261378562144
-0.010996450490374926	-0.037257186100143384	0.018128547119619937	0.031810097254314815	0.025046350090832017
0.009036284384683967	-0.021610215285208508	0.030779904391322638	0.004809702311209556	-0.01278270368156698
0.03727671743903509	0.010890514102395391	0.02848681491382785	0.003053763432475533	0.009760351424517335
0.011019890573198968	0.01386869917357966	0.05407807658271943	0.056232733563429976	0.025135471961285343
0.00930598692733607	0.0365702677454481	0.017892243785769993	-0.022027220490014834	0.03570187128881021
-0.0023587599980188457	-0.015554355663147125	-0.022282582214140187	0.012705116753524905	-0.016521793031267846
0.00951010388087031	0.011415812803157063	0.009680080326272244	0.012296460184683012	-0.0025356279155778552
0.006759985694357911	0.023807450152950063	0.011345443220152851	0.031266178845966996	0.011434431728032688
0.0004370139110837076	0.026247068177514477	0.02745554949306278	-0.010652482973080812	-0.015288454313148004
0.0002686907660539523	0.02131978517442028	-0.010160480386316022	-0.006005926596164256	-0.0038579041936147728
-0.005124309176105899	0.0566162210350766	-0.03253843913017838	-0.009996400458992371	-0.03411677422456207
0.021785200954570823	-0.033126122995678985	0.0007314785460534852	0.016832298673395602	0.0436218907043968
-0.007684665885037238	0.0466845440337351	-0.006331534736208582	-4.2900427609484076e-05	0.02377406081105249
-0.014874537956323437	-0.013518214913309207	0.040511865688978146	-0.023357980599019224	0.002668217287213135
-0.02027477972722124	-0.005355804964053799	0.059390232262203115	-0.009452933297732011	-0.015353181846474682
0.009431131658143419	0.013234648119922091	0.004376709880510182	0.03324714995329757	0.03413371256909882
-0.010923083367637651	0.018199654732898324	-0.005263665774198168	0.02480264895407637	-0.020459083916393776
-0.008772242132943536	0.03245639436175284	0.006514957362879749	-0.031725554326391965	0.026152092184932377
0.00998684007331244	0.022346236511102503	0.0168435289581946	-0.007427986749588271	-0.0286499945974333
-0.02129830154809329	-0.002162460156395131	-0.020357935061033082	-0.0065057021727873855	0.04739026393774567
-0.0013472582865673727	0.02793785999508857	0.034589015395562896	0.010866119321140143	0.00012140128447242667
0.021094878563800993	-0.0030949236192239454	-0.022043333135152915	-0.02718321483208956	-0.0020137700212059318
-0.04012471520266246	-0.015472604955373098	-0.028996151162130213	0.018901032684734323	0.004350126349704945
-0.006183011909013601	0.008984824790400213	0.04344943862798231	0.05683616240213502	0.04246710237368581
0.027211900202907424	-0.01046235875795987	0.02958146522113117	-0.018809527528001524	0.014937824380858548
0.0019921745753201155	0.009406146909324571	-0.004652523603004924	0.024830137262986298	-0.017947333497136238
-0.027820866016003885	0.002020187355853043	-0.005162776113738695	0.009153352636315922	-0.0005438686873406148
-0.0029504769665743297	0.03501681509158355	0.03977452558360815	0.01669181821875352	0.009600575328272468
0.039969279746250044	0.006308667935206555	0.013319792520206014	0.009002282271387673	-0.022158234948439912
0.028238195896836748	-0.015182281267811105	0.03239100190657104	0.02796410292900125	0.022234723370384644
-0.011469859415620193	-0.0025235544681742844	0.03375372843727265	0.005595287503354277	0.019437867797238852
0.0062580887912335546	-0.012617561269784753	-0.007594034496302387	0.04119085946703265	0.019806635039869607
0.009613965192654068	0.0062722027348802115	0.021255503365764775	-0.029657617867018912	-0.010670928614726051
-0.019797388034924913	-0.024141577418406453	-0.017029792802408045	-0.04434272989462342	-0.014659252383038831
-0.005754312767063511	0.05888593154720225	0.005971587257426006	0.025477540180666558	-0.008460210053452152
0.001388069896675134	-0.02251525064033778	-0.02642931406312294	0.0014649884455463433	-0.03778049551161098
0.03610564161550042	-0.007214048844361234	0.032716825633475985	-0.024389907490140028	0.018043318538692833
0.029288873833600834	0.006681231630188928	-0.013475960482261882	-0.0175093897753769	-0.0010693797233559676
0.03246375289340571	-0.000890210884680007	0.006755741549057006	0.018986466733637533	0.0021926115873838825
-0.004385851504864719	0.022539677342452664	0.03401825234812744	-0.0027356131168632496	0.02613642221875143
-0.024886929411629916	-0.014606815414167963	-0.04430860989832545	-0.025134890405988097	-0.017147830870643803
0.013827511069053822	0.015580133999631486	0.021060121263637016	0.0402571674149588	0.00890527985800076
0.04926428451943058	-0.008801597607593262	0.03861389978625532	-0.00959423222946787	-0.002383823471397581
0.0010256446347317342	0.024301769608867582	-0.023830875451471712	-0.000657788686588813	0.022113848793810394
-0.023155694268274348	-0.02315767296481828	0.005531101408743517	0.024198915827368977	0.031748446831655876
0.0374428533928288	0.02730619050117512	0.028282733987022638	0.012433367348363946	0.010486590166702756
-0.017719863434856282	-0.01461089709903935	0.02572455402633149	0.020561965402859143	0.016312039845279583
0.01354825715059071	0.010612781497797001	0.004552151399049942	-0.020197646215821225	0.03145578482412549
-0.015779230264134865	0.004361707453288063	0.006733677125164379	0.012012997579679285	-0.0024768845405021937
-0.02370287906264779	-0.025357481896245003	-0.004429453703761935	-0.010242865170668724	-0.006265162445425764
-0.01885887418331558	-0.0152730249319631	-0.0021513230426798997	-0.03631742211907457	0.02511710742234236
0.01731541014151173	0.011978430684526923	0.005549637291053472	0.01151606012997684	-0.026099300795762052
0.027640338295693425	-0.022688387307122155	0.027354703199858263	-0.0018870475014087533	-0.017803853541101956
0.00111168401651251	-0.009663280170018256	0.016792702748457736	0.011155959848140714	-0.036479542292655924
0.023963449493783075	-0.011355993574128278	-0.032563737608460396	0.03271700353044709	-0.0038638515752529015
-0.02814025592408542	0.004471908744266904	-0.005778492970440557	0.026784377401964286	0.015580562832853074
-0.02876040284834339	-0.00011033925853214631	0.015624698819384695	0.004038792755511842	0.018694998641694688
-0.004196071169555495	-0.007884585399608455	0.006749595039614276	0.057589861099982625	-0.0016749482832379534
0.017663810701068008	-0.01497311351003292	-0.029512581583377686	-0.032636488389785834	0.023168945248112836
0.013280749707645543	0.01866227311641739	0.0010451703374178118	-0.0022987447820371544	0.030170802057507606
0.02320195860785448	0.016614470357363492	0.0235118282909492	0.018988482743541445	0.015792830066552334
-0.013224580948318486	-0.051338482727055296	-0.0030048766960624356	0.008407096793682137	0.01456016173542252
0.052931289829551094	0.017498222283169024	0.004144408193810263	-0.013885964030738277	0.015277378013324575
0.047684348374447155	-0.003171327293786186	-0.007222029762626437	-0.00926972952401058	0.02541409276156156
0.06570908230542304	0.006508878302580177	0.01939050990145834	-0.007395618683759334	-0.004379599688665137
-0.00043330815837484653	0.0010839580878972462	0.020044797116687458	0.00811358770693355	-0.0068419454216697055
-0.01450463081102809	0.04763674792530047	0.03333614683883917	-0.04412920554398235	-0.00983091928725948
-0.00015729884773166974	0.03801345316748642	-0.011724242441951993	0.0007863967734009162	0.011527546765541538
0.008856051048708988	-0.00768076842568871	0.05507279803506553	-0.004812779982663978	0.017309856192375527
0.0020303403811832033	-0.011884704557239296	-0.0066016427697320156	0.015032093604744428	0.02769000321583321
-0.005876590961174527	0.025687721307737728	0.041610912786100976	0.010661635219069382	-0.03659231587372325
-0.007255315872430695	0.027229061185034428	0.03277306030610897	-0.004155819463823298	-0.011525720262064021
0.027884309376700743	0.004831974106087263	0.03175497661349498	-0.009476669760351962	-0.04261345634692864
-0.015660115663558367	-0.00653852834510282	0.0018095526233712468	0.006413297243468419	-0.0030060211448594562
0.022877284113909307	-0.044623298263822844	0.05824297887236148	-0.004145144088806886	0.05116161070805965
0.022431308853593682	-0.05028440754905907	-0.00915745981751432	0.023751456629426355	-0.004972064796564719
0.023520161160653218	0.029198708658627497	-0.03718782840346689	0.01575857971211457	0.018851905608319383
-0.005359859002755399	0.03229608572704123	0.0072709960152735915	-0.007610361870452323	0.013542700195182356
0.039115340164799256	-0.00745843366237308	0.020128643495441065	0.018544848045340942	-0.015616812251469
0.040151584568449604	0.01678901620478254	-0.015873641057599905	0.012038480175737437	-0.0028686705270728743
0.005239882306945337	0.00596881357674006	-0.025868325195086563	-0.017552296605906244	0.009605890490444212
-0.018430036419235782	-0.0074835056079935874	0.03649221394850051	0.004811366850103842	-0.01441514166460355
0.008661053924293022	0.015702638485682097	0.012714477121621187	-0.0018404232472866346	-0.020397772768054108
-0.005566100130866801	0.016200339851661645	0.007466686105870092	0.002543614203287879	-0.015308210661524936
0.046511490520502324	0.0008567480713960027	0.015044875113903053	-0.04385534582699237	-0.003351461230167874
0.006189121611432848	6.477828677398274e-05	0.0028957250943957343	0.0038789469159010584	0.02383153515146291
0.008985616073885622	-0.0011641108518516338	-0.010493905910232778	-0.01056052269110513	0.0008919969022397681
0.007124028996438768	0.03199246152939027	-0.02338030839524226	0.05393437895774243	-0.03186683628106528
0.003642127561417706	0.038303167808047184	0.016477271738583068	0.004762993076667143	0.0002311731461378144
-0.022419773338710012	-0.030590707985781656	-0.004684384209983492	-0.003576710006386044	0.0362015404218725
-0.030299757991014503	-0.004508022539680107	0.011533042277710978	0.03576303696134936	0.021112390809616223
-0.046841126174274314	-0.003273691778547555	0.0046869680937489675	0.027274986171705158	0.018969921360783844
0.029667440458407107	-0.04706657276448899	-0.030884871867422878	0.004910429379262049	-0.0009943689164252688
0.0142926699832884	0.0010741078434105007	-0.01713336936793445	-0.03797477378960356	-0.004697096596485064
-0.05008853862074261	0.032711832642640326	0.005875937173562625	-0.023298047317003922	0.03322388935858964
-0.0009108485800096834	0.004358399100936772	-0.03694869319691564	0.004646397285886117	0.016147017392951435
0.006302247618614156	0.012401944050124347	0.023498409558709278	-0.002672793287041228	-0.012080552188662028
0.00972294628390253	0.020946989647111537	0.01100950364336008	0.0010723037295779214	-0.0006222781403663231
0.04442656806939643	0.0005869396960171257	0.03299144304924489	-0.01828711283362377	0.02332016915148028
-0.00892584792545358	0.024881173542242105	0.023463263424198844	-0.010476039068567231	-0.0018898876597865273
0.02142781552150198	-0.015252092106903863	0.027307674990589125	0.00017144807289375206	0.008896977949173582
-0.034087360394852224	0.05213442405930496	-0.013042550946493753	-0.011438550689099429	-0.016722053243133632
0.021928165903151838	0.005642405030542058	0.008971907071116498	-0.0015642753867925012	-0.007370711100302513
0.004220193799193908	0.026797974644415835	-0.002694085257341666	-0.011879663679435576	0.029336502084917025
-0.03944024754971832	0.0483125546675214	0.029102329920467695	0.012668566376181935	0.03406705642210165
-0.004409410004086094	-0.01730794362464842	-0.014436345807624183	0.001978433638664338	-0.023300763905213198
-0.0143510995290052	-0.017200399212026263	-0.0028847205373414464	-0.052841690047523204	0.005845044863874346
0.012388169799142416	0.02125513626143361	0.04933332250461598	0.009501903258528926	0.023380107877516206
-0.0006862130382035286	0.0021398556433070088	-0.018342538538726277	-0.003224893756658975	0.010087503208414549
-0.029697716438208385	0.004950808408622895	0.026052164760642232	-0.021310739480955312	0.008144706769535104
0.014016130460211136	0.019673441992095086	0.031436298868417006	-0.019914875261394443	0.0015553636015811466
0.017823043559136893	0.02045947361089774	0.00339390009961314	0.03203101167811717	-0.018722520590213676
-0.020825059297363988	-0.0043417621378414005	-0.006196050619844155	0.013548943220835134	0.015883044961352736
0.03768593313563131	0.0025328766979537654	0.017954534402195577	-0.04342633035499489	0.0010661550715753516
-0.03283729390499142	-0.029894592683384673	0.005657235713528993	0.019237303879992215	-0.006321359736452106
-0.014325215572038212	0.017347919259462944	-0.012648921685351042	-0.00892408707353944	-0.0013255712141600974
0.01321561089335699	0.012372950999671421	0.025006109005422446	-0.051791211143698564	-0.02279816323771488
0.015658733352217208	0.03373577584915271	0.038984721582284096	0.0012868355895152188	0.03082791544600164
-0.01583181160753072	-0.005345358136547419	0.025552021420168415	0.0483651661124077	0.02121081738430615
-0.02871113600237117	0.0057883469832657195	0.010268522075060637	0.0425695195525911	0.005604283698241336
0.09524255171590959	0.005055539923958368	-0.024162306907898366	0.008084867188130533	0.019175983523548552
-0.0029816352768395685	-0.0011470668687737764	0.009895584290751396	0.02878957789540818	-0.00655353206073183
0.005475791058482023	0.01844239271818176	-0.006513479082202147	0.01910171390540614	0.011632549977926825
-0.0009622549041239589	-0.000551450266249514	0.018173512895471283	0.004878312530978691	0.005818579209789255
-0.02575330407775867	-0.000852510022099599	0.009488495222101457	0.006149167614321516	0.017402629730875405
0.005893477678898028	0.019090523426110135	0.016399535757620255	-0.0181339786700244	0.005411473684048477
-0.010228783797127331	0.037920838950069966	-0.005831689883678485	-0.017060780665435267	0.04132573278273032
0.042705189091176946	0.026086152016740367	-0.004004087864933614	-0.02763487849628482	-0.0244214559626533
0.020407424832498557	0.037217643538624105	0.022912638732940693	-0.010257048644597585	-0.030143271746208292
0.014629276108783208	0.018193384777709543	-0.004009700855254273	-0.01942551423624195	0.029794002518591895
0.0022647190990780896	0.00765535603835585	0.014127266178039452	-0.03769663576749096	-0.007559792276903506
0.0011217114073159363	-0.011808481975590292	-0.0015555615508536054	0.013878789698957105	-0.02791373220166787
-0.009314135055615696	-0.013579469728567953	0.005138122809383163	-0.008331493461505938	-0.01529340018001854
0.012365702502441782	-0.024920870446560855	0.007113070638771682	-0.04497800782988545	0.014601170143311037
-0.006451536212356379	-0.002306931344356396	-0.030486737181841708	0.01713822313150295	-0.01961100704963513
0.014163968413243633	0.035763035411386424	-0.017005492997342355	0.02613687986320651	0.019712762724605662
0.0031624092198764414	-0.03343104927067816	-0.009198021422637662	-0.03705176296228148	-0.017812682737972246
0.06337932707358965	0.03221960682656813	0.02434002145036082	0.000162289270233603	0.03784287883075397
0.02608296512089767	-0.005851196263259294	0.021061201749531085	0.02509890928792903	-0.024743114790147392
-0.00757236395518458	0.0066747205928540145	0.01282168277572068	0.03348744456926731	-0.03472151229122313
0.014946543873178644	0.008369234901705127	0.04334238633692848	0.02832070814110497	0.021381410896902833
0.006368741022962037	0.018637403352553792	0.028475896814375627	0.0406086507364566	0.028143991927029002
0.014202278134667463	-0.004010696225379024	-0.0007879968147411001	-0.03233666648279675	-0.04466196217546531
0.0323819741202805	-0.01395797154296593	-0.007542710495746391	-0.01578681640769694	0.00717431490645973
0.02558323702860109	0.027002109183923758	0.026587710586710958	-0.004603233060001908	0.016787652525790116
-0.024846414126729204	-0.021433118394849654	0.04779557207706719	0.004937502490777443	0.0359694695677073
0.0191725565319577	0.035376729299230664	0.018806400431494754	-0.012086108741997158	-0.03670164873412356
0.035091414185615226	-0.00872783169064842	-0.0036276134530396145	0.01681523156433749	-0.03286723327178366
0.02524363992456981	0.011186238850873925	-0.02757333575703221	0.03372188831131175	0.004480361483421527
0.018615897826440877	0.00590479763597062	0.007875884595265477	0.01870888950175843	-0.01218242547997054
-0.02193637831431574	0.009210023849906148	-0.01760268033774722	-0.008636284152470553	0.009740038612824702
0.0069617871657650324	4.112103560322423e-05	-0.027731944265427553	-0.006020319698257259	0.017515383320979863
-0.012510735576729317	-0.011587364606268658	-0.002349090976449853	-0.030586036488262552	-0.0034041560147892395
-0.0060811853036086445	-0.025108035494917087	0.006720484278547012	-0.004803704332040857	-0.003724607137307435
0.015050481716006148	0.026643737774998327	0.027085783009740898	0.010791064589248113	0.0005587803949482525
-0.0012666031124982059	0.013860646976520237	0.007438005039047509	0.008492100130340918	-0.013309248199065461
0.009050474765560708	-0.006331101105991683	0.004822468884719265	0.018797929755898148	-0.0245336108657829
-0.022589427605199094	-0.021116611593926363	0.0033829019622575894	-0.038560665413327394	0.010646786993599628
0.01130873837861796	0.0021835933439427685	-0.0010679300831531982	0.031219258470726468	0.0075354493527331565
0.0033797884033571436	0.007195103026982801	0.021638727381086607	0.009210201085290404	0.017935131192873602
0.016670706049760543	-0.005447273296056249	-0.03232640215260544	6.24483595107339e-05	0.009354061486733544
-0.0009555125962315333	0.0015814085479145213	-0.0014020066430555575	-0.023991465684496067	-0.02345390270922113
0.02448280937490857	0.02727796223728879	0.03171435080740617	-0.007891184503327028	-0.0275900548137145
0.021037024458566707	-0.0023256969731592506	0.01859778324173972	0.011738318651960185	0.014387005486937585
0.002218143230660441	-0.010820573535630002	0.009294131881057075	0.017991767674174354	0.005130600028033535
0.011214554090736501	0.001714591065012882	-0.0011085048851791277	0.03118115024153547	-0.008567710435561898
0.03682236862328228	0.07529917476107618	-0.035852262563142834	-0.024124411712251798	-0.02584831636732484
-0.04735534921827811	0.009876575390531144	0.018704883126119957	-0.003735836751172775	-0.009406780215456292
-0.03419097826323231	-0.0005357373747044416	0.024600863998142677	0.007282313000197036	0.0041394824957348125
-0.010822926523404604	0.021508961659810148	0.008490902482924039	0.003462339555609892	-0.033564182044689896
-0.014844982025783299	-0.03294986806859415	0.027332642070576594	-0.010087863901215261	0.028703280002111708
-0.025317342257254676	-0.02896080066489217	-0.011161867568474721	0.004236196910230099	0.014240229426991075
-0.014199653499651679	0.023771129951830446	0.011978138385920286	-0.0364335701220338	0.017818974708357804
0.009844068935870889	-0.0306888859875749	-0.0074445434971606795	-0.008008686477456735	-0.03043879379064553
0.015724173877325637	-0.019924512642312465	0.0007521401041218371	0.03308113111166801	-0.0034542867529957152
-0.0008955790088128815	-0.0002644647898940363	-0.02540526097615834	-0.0036344245961796315	0.04619152861474883
0.02250871869444868	-0.0324239975390216	0.0038548191220024643	0.04562489640974218	-0.032166822197657374
0.018941028925949715	0.023945951200134548	0.049940342522611536	-0.005753839923694196	-0.011301028147003695
-0.013717228461023861	-0.01472512461669983	-0.005258297670390724	-0.0029576733012296116	0.015946175171510514
0.017626766667029597	0.04908806468082154	-0.028083163358372798	-0.05433820504034739	0.02924705424340298
-0.029412542196439136	0.014472474179813176	-0.00991610718403726	-0.007528248463374466	-0.02129053900588165
0.01953766993040769	-0.0007865374188827145	0.03372675249196149	-0.005352918679794899	0.008683862845444257
0.03903361165368849	0.01642768573119268	0.011993284086072203	-0.005747628963146351	-0.05147637119879631
0.021012649287291765	0.06956913106576489	0.03957202361989459	-0.017548766276508507	0.006315542369912086
0.0025567949333472548	0.0054321038608873525	0.045631461824447196	-0.03294892646494542	0.018718336154760724
0.0018736684417136372	-0.01972467913222292	-0.0071888773037973915	0.02815435875091668	-0.045921260610516976
0.007190461252129252	0.041439468704973954	0.02054366124740728	0.04161887837356023	-0.005450490619191574
0.009744534000009426	-0.019852082976559618	0.026043866463095124	-0.002586376831729454	-0.007011827829380991
-0.0022942771305682003	-0.012635859834137647	-0.027622065844758462	0.057620201782111954	0.030764250370441892
-0.0052654069310568265	-0.007153415408610099	0.01767300870916428	-0.007948349005603527	-0.016661692890041713
-0.005969979820895915	-0.009397397888707387	0.0005596096153584092	0.05386897831934652	0.015880881378423327
0.0008396988301545144	0.025188197205372097	0.013306403180550375	0.0012741916893239964	0.03787842351461935
-0.006201548443135656	-0.018978981836976647	-0.0021829592681750143	0.01655006085530323	-0.028119759732753286
-0.007460341331759176	-0.0024312098301799857	0.013770522069198684	0.017477834976648197	-0.008515009575150586
0.011806067780667907	-0.011460554857126649	0.0164164131996894	-0.003860107630092072	0.011137891197236377
-0.03471881912389531	0.01425859432291114	0.0001088048681536025	0.010528935605048435	0.03576315416856499
0.023477575501799842	0.002750787948645865	0.03944648937776436	-0.020599301053845193	-0.02535386900377022
0.0010104869981685696	0.025870230703092023	-0.01549268378551971	-0.04439803091087373	0.024855778449834033
-0.015209916727050254	0.0159503567346767	0.0011772077407621526	0.027691451869424902	0.010255265130246483
-0.004906389195636377	0.038303895232887124	0.02662170745202927	-0.014438960817870416	-0.026184230953474292
0.00489743309666458	-0.03705727223795634	0.05073140882138949	0.006008941566084992	-0.0003772142277406222
0.003981291755860236	0.005438833390748937	0.016766988660433094	0.06154945376162522	-0.010188080256925486
0.03559641280451859	-0.008191155803554824	0.023587812633632643	0.032140374120840275	0.0018770756410897167
0.031995973393302526	0.0014979603226407262	0.04405074614872736	-0.004511034292203767	-0.013442987982486524
-0.000679524288364027	-0.04172575551446981	0.015348415437088604	0.013842598411998728	0.015464810799091865
-0.044665621621281695	0.005535211669314741	-0.007241297292059957	0.0014535775572174304	0.0034825163840790296
-0.015807434593504577	0.027755182710349914	-0.020258014320010495	0.007705955695205017	-0.008999547873808241
-0.005940062047394235	0.009803942830892901	0.036268287005114	0.011938983450715937	0.02169951909541214
-0.014441680089113677	-0.030105093730253316	-0.0024819959220379224	0.022613756384005982	-0.023473282675461712
0.012762045037147358	0.013336862660183555	0.027333210798910497	-0.02203522255329928	-0.00816686752627472
0.003403406404461971	0.03129443081605691	0.02703238699286991	0.024011029994610095	-0.009894341374097289
0.02614220076021443	-0.0036645601652409553	0.018949653932377804	-0.0097641413938075	0.01344024603050687
-0.018290174772076943	-0.012451300536779269	-0.013901068888300006	0.0014814796856966626	0.03292045088368554
-0.00463844215778404	0.002651354266056484	0.003397507026777559	0.02089867833224722	0.02446154351354327
-0.01776080071277323	0.0023351401797385048	0.03250774477914734	0.018144960378919408	0.006184976128002367
0.05084008389839768	-0.016176277572596966	-0.001879540094149851	-0.02251100233869697	-0.01931977584564531
0.009784503120437181	0.00045879840700060667	-0.026065954567613046	-0.0027917345702126277	-0.004177671767168148
0.024416642150660608	-0.019812144346127904	-0.02276245777060693	0.020982293492974226	0.04429352584857844
0.048050410059816	0.048363047305601765	0.023479504555267528	0.02537002556358974	0.010740051471353092
-0.013769780728638558	0.00927185817185798	0.0022812167413384273	-0.013034587741644019	0.0016448332545103816
-0.009713279439102378	-0.03389028458237353	0.0007636198894662247	0.017405675710960057	0.005080740219501294
0.019725320744469962	-0.02412195676653078	-0.00422257304996655	-0.021792056817915777	0.0032091228260074413
0.02984985180053703	0.004373060507470666	-0.04429083880065266	0.02163080452136968	-0.0008517612817879774
0.03418715838728442	0.0033743888105198117	0.0011472603150766555	0.017950842977743322	0.015291107327613088
0.015832700544175616	-0.010769002470144496	-0.023361724887206118	0.007275981672115688	0.023940547649294496
-0.008538848256269082	0.0015381251486255622	-0.002813338557099471	0.03893621931051063	0.009820946013359057
0.021452194498509873	-0.004022171186122815	-0.007856028349785474	-0.0015509224719079638	0.04133134658399717
-0.004716878025948869	0.006185037150620486	-0.00513711743754405	-0.007763964051473367	0.006682052609554172
0.007557514745539821	-0.01087246720672875	-0.013387134605754978	-0.020538033444095317	0.01521915136446248
0.004336556259388315	-0.015334092052372426	-0.001961029238140096	0.023464629088133064	-0.01700495348167227
0.045098344006905364	-0.010354689224107915	-0.021927164132506	0.02493433763851974	-0.012735976347491572
-0.03237656314980532	0.014363541289422086	-0.009848245486362837	-0.014891544517664414	0.0026144352092383697
-0.012166327619005358	0.009120959942665686	0.024115027011111727	-0.031936844481005665	-0.00562922880526706
0.029941516687978537	-0.02046182760450317	0.0008868173347497776	-0.011431389692511978	0.020984938587922587
0.028579533343564514	0.0016751177223433928	0.013877084433259097	-0.039413798585188044	0.010883678212770436
0.0037873369652111095	0.008960893763568812	-0.033532621216685106	0.010006521208918305	0.01369799686041841
0.004885598745741188	0.009828567001166948	-0.009904469396630543	0.01459418459135194	-0.0043726954403200844
0.004601414177891087	-0.005285020829420338	-0.0008614516792672794	-0.0005440714471814821	0.03844292771504067
0.01629846002145601	-0.012961453711394389	0.03950603815933185	0.007827977598864912	0.028942848606689223
0.05525461640613283	0.007471227402753866	0.032122477286691035	-0.010879107997218931	0.0028414736772443966
-0.012235235720896562	-0.009140142929890297	0.01230639313755674	0.002027703536036059	-0.03266632903820535
-0.03140811829254253	0.01783919868606696	0.015970201532047718	-0.01088020897871224	0.020964788712555384
0.014393772074837536	0.03291996882366412	0.022599862294178524	0.01029568694433411	0.0024374914257204276
-0.02373378104782367	0.0285417282715172	-0.016668367991023093	-0.0028035355493458694	-0.0030231189930331197
-0.029165892168530997	0.012987007994503488	-0.020665300609324068	0.02301928818187762	0.027257702668014777
0.004833217438661914	0.014783071954518733	0.019534413623014165	0.024060825477215594	-0.007115519360395266
-0.015208788839280365	0.028925399605218338	0.019609120698851505	-0.01495770153300189	-0.03680903778343703
0.017533184073446506	0.00852291177197391	0.025028728878934307	-0.010033711855858597	-0.036451011979180985
-0.0074039654155133566	-0.032144423330506	0.025464439529927572	0.011712804829457104	-0.011132689183942435
-0.007906157693863086	-0.013707106456030207	0.018137766255070038	0.00341727284696821	0.015588317694211847
-0.006110740012558934	-0.003683296799582474	-0.00022506338133908288	-0.015781972248883218	0.007867308684627615
0.016587386034659868	-0.0011471244148125162	-0.03090386403381685	-0.007269541353755949	0.005649618557585313
-0.011955638771867106	0.026978889448850938	0.019341789702285013	0.017638055978607625	-0.03027369862496697
-0.03756905311118187	0.05966354326445612	-0.024349878918712292	0.005002485920550707	0.0004121502441781265
-0.002868740459236723	0.0020688071079358787	-0.03514922752066258	-0.014662389213527968	0.05164557712723033
0.023030043865621685	0.01850412881457314	0.014402879806909559	-0.012928428464190043	-0.00043720517906469794
0.001635824065526527	0.02563454192510529	0.016984168250444923	0.0023563688041232946	0.0313605770254411
-0.031146724612807285	-0.013776163252944465	-0.00012196277294018298	0.04876158183647591	0.04899589187167709
-0.023152083834369848	0.003426151293886853	0.019786374434732072	-0.026415317235971243	0.021196917548261113
0.008605773805476852	0.044869048784704865	-0.0055328192080262364	-0.03231114562116194	-0.01685443474028652
0.005489088915715548	-0.04282987661197085	-0.001954416520175849	0.006798255844597114	-0.0015406040238551237
-0.014228947598772423	0.039769135400990134	0.016568215297229502	-0.035161596849637225	0.016561362131225003
0.014869696134321209	0.017099611634420926	-0.005727816880963516	0.018344713229296688	0.0124343271433006
0.04499518713231043	0.018831160450946294	-0.01648821798277877	0.04390037910793911	-0.00582690220060286
0.001010892196488011	0.01577891565945074	0.0462163144705748	0.0035822979898433613	-0.010744412663569685
0.006884604452604755	0.00229375867807275	0.03247243480558036	0.027737292480627777	0.028244553526020132
-0.06417270214952774	0.04766487593111779	0.007907163853433069	0.007571254819493729	0.01584516914737386
-0.0073356208210718565	-0.02945049740493886	0.044805907664092204	0.0005296341320468441	-0.014356418281777326
0.03925837235183919	-0.02919200026927216	0.023099077969655615	0.0389823727710409	-0.016086936895173484
-0.022410838090914913	0.013072891582476265	0.02399360066978695	0.020521699469790107	-0.002262988381717251
-0.030885364909313387	0.0019875891339969677	-0.025171774167199838	-0.0029923657653359997	0.0015359492134021007
-0.0038722436978527496	-0.019766986993649642	0.02330589312168627	0.005492344415251543	-0.01511738298874785
-0.00627525033875794	-0.020103047437885258	0.014201361623021158	0.026321409232716787	0.016231404222108354
-0.03694922368247973	0.02108531367320081	-0.002000062135178544	-0.006953057591175335	0.006421879467789923
0.013772904666532373	-0.021717927770194108	0.01186771341160338	-0.029527709560524983	0.029104160387048147
-0.006860544507656728	0.01744232336009206	-0.005595686230540153	0.0028368874146722147	0.009753583522622856
-0.008322026278863338	0.022787674947323443	0.0031247527169425676	-0.037062892822250636	-0.0028015070197539727
-0.029203548645577757	-0.0002398419178672312	0.04125573964356666	-0.008155778817678198	0.012337219588207065
-0.029703943702962515	-0.0065942183385548515	-0.017201782423937446	0.02090039895957881	0.011430559138488719
-0.018590048943520808	0.018215439042739413	-0.005063193085090331	-0.001173937307994808	0.025587913614573823
-0.006698637995065184	-0.003152668463982251	0.009213716659201772	-0.01597066696178958	0.013451837332711731
-0.025551959755356693	-0.03841160011910283	-0.006383884060270397	-0.020389829206316146	-0.040246395426253245
-0.012300535628501953	0.0018167137146517997	0.027121526333047503	0.03551716370749314	0.012072033314461649
-0.011617501885290218	0.03185301089324517	0.051944904941746875	0.018810977924496427	-0.017228217877959372
0.014406696152209224	0.008537258892784397	0.0005821247834739527	-0.0027532910071500836	-0.016437121586141044
0.01281826166154957	0.0009164404121893323	0.010316744462250437	0.003539984784527377	0.001179040558300413
-0.0010617770674609338	0.004459117881295408	-0.011965285178240507	-0.004988701432266089	0.012455414541235322
0.001646678833050335	0.0072642350127865895	-0.009913556720697806	-0.0002736030761947769	0.023627487939485235
0.013704812363084238	0.0008458777391325929	0.02812032566618205	0.03476937827964992	0.008065803647244275
-0.026469250280230096	-0.01502196784318486	0.008215348205784772	0.0077116937815680485	0.0038338873480230143
0.00868699149883167	0.021514888267478466	0.001562609773357022	0.005989104298852206	0.0007281489677241127
0.007064570495372902	0.011830256532424805	-0.02122356702652588	-0.006674426508645754	0.003706750895323251
0.03263118743605358	-0.012169840917749752	-0.020479094234257002	0.014595290556886195	0.0002838595335005337
0.028034941564307535	-0.004459786590361394	0.04257770822220794	0.02567025371705759	-0.035159706774866496
-0.014328490683886183	0.010945874538840942	0.01714730482716504	0.009404201769897355	0.01509548645721975
-0.0006470428381458006	0.01793211543752101	-0.023281252571792352	-0.02689232632501094	0.0172410444987035
-0.02301240531733256	0.0027143054090165587	0.045544321592231214	-0.0009587856523890891	-0.03484316006803345
0.015858827711637304	0.02334373796336562	0.0029923597945760213	0.0068011616731591005	0.04297799151936142
-8.345591987307666e-05	0.009908781786085629	-0.04501193892432433	-0.007840889439091225	0.013136288550732516
-0.03904725026674084	-0.018585885818116744	0.007981830275655556	-0.03403663004434897	0.013630073403452597
-0.009521229121703409	0.01910043381285248	0.010679197311035239	0.017052078308274234	-0.023993059676260184
-0.014789884296746826	0.04259754097398817	0.01714216133551181	-0.009954543710039246	0.011362085193994599
0.029432651433097923	0.005397082034029882	-0.014557480573075127	-0.029089026920494126	-0.029958660268416225
0.0329457324918231	-0.03424103130907287	0.015900917424883712	-0.01342517102728075	0.03639764702907382
0.028237718373166673	-0.027624641462336626	0.0435942373484195	-0.014936923723578603	0.009784900689375342
0.042860076491913396	-0.002788102830629531	0.007153436364600192	-0.014229154583479862	0.008708443931889843
-0.012833191529181175	-0.012880865455319862	0.010342442080036702	0.0601731484513261	-0.010651862439946813
-0.010170275839206235	0.03587544336044085	-0.012459229566564187	0.023262841121147765	0.05514747906929012
-0.02420922550312264